2019-02-10T23_51_12 -20142 11.14  206.4 2300.1   8.30    0.0    0.0  0.00 200 200
2019-02-10T23_52_12 -20117 11.15  206.0 2297.3   8.30    0.0    0.0  0.00 200 200
2019-02-10T23_53_12 -20092 11.15  206.0 2297.3   8.30    0.0    0.0  0.00 200 200
2019-02-10T23_54_12 -20067 11.14  206.0 2295.6   8.30    0.0    0.0  0.00 200 200
2019-02-10T23_55_12 -20042 11.15  206.0 2297.3   8.30    0.0    0.0  0.00 200 200
2019-02-10T23_56_12 -20017 11.14  206.0 2295.6   8.30    0.0    0.0  0.00 200 200
2019-02-10T23_57_12 -19992 11.14  206.0 2295.6   8.30    0.0    0.0  0.00 200 200
2019-02-10T23_58_12 -19967 11.14  206.4 2300.1   8.30    0.0    0.0  0.00 200 200
2019-02-10T23_59_13 -19942 11.14  206.0 2295.6   8.30    0.0    0.0  0.00 200 200
2019-02-11T00_00_13 -19917 11.14  206.4 2300.1   8.30    0.0    0.0  0.00 200 200
2019-02-11T00_01_13 -19892 11.14  206.4 2300.1   8.30    0.0    0.0  0.00 200 200
2019-02-11T00_02_13 -19867 11.14  206.4 2300.1   8.30    0.0    0.0  0.00 200 200
2019-02-11T00_03_13 -19842 11.14  206.4 2300.1   8.30    0.0    0.0  0.00 200 200
2019-02-11T00_04_13 -19817 11.15  206.0 2297.3   8.30    0.0    0.0  0.00 200 200
2019-02-11T00_05_13 -19792 11.15  206.0 2297.3   8.30    0.0    0.0  0.00 200 200
2019-02-11T00_06_14 -19767 11.15  206.0 2297.3   8.30    0.0    0.0  0.00 200 200
2019-02-11T00_07_14 -19742 11.14  206.0 2295.6   8.30    0.0    0.0  0.00 200 200
2019-02-11T00_08_14 -19717 11.14  206.0 2295.6   8.30    0.0    0.0  0.00 200 200
2019-02-11T00_09_14 -19692 11.14  206.0 2295.6   8.30    0.0    0.0  0.00 200 200
2019-02-11T00_10_14 -19667 11.14  206.0 2295.6   8.30    0.0    0.0  0.00 200 200
2019-02-11T00_11_14 -19642 11.15  206.0 2297.3   8.30    0.0    0.0  0.00 200 200
2019-02-11T00_12_14 -19617 11.14  206.0 2295.6   8.30    0.0    0.0  0.00 200 200
2019-02-11T00_13_14 -19592 11.14  206.4 2300.1   8.30    0.0    0.0  0.00 200 200
2019-02-11T00_14_15 -19567 11.14  206.0 2295.6   8.30    0.0    0.0  0.00 200 200
2019-02-11T00_15_15 -19542 11.14  206.0 2295.6   8.30    0.0    0.0  0.00 200 200
2019-02-11T00_16_15 -19517 11.14  206.0 2295.6   8.30    0.0    0.0  0.00 200 200
2019-02-11T00_17_15 -19492 11.14  207.2 2309.0   8.30    0.0    0.0  0.00 200 200
2019-02-11T00_18_15 -19467 11.14  206.4 2300.1   8.30    0.0    0.0  0.00 200 200
2019-02-11T00_19_15 -19442 11.14  206.4 2300.1   8.30    0.0    0.0  0.00 200 200
2019-02-11T00_20_15 -19417 11.14  206.4 2300.1   8.30    0.0    0.0  0.00 200 200
2019-02-11T00_21_16 -19392 11.14  206.4 2300.1   8.30    0.0    0.0  0.00 200 200
2019-02-11T00_22_16 -19367 11.14  206.4 2300.1   8.30    0.0    0.0  0.00 200 200
2019-02-11T00_23_16 -19342 11.14  206.4 2300.1   8.30    0.0    0.0  0.00 200 200
2019-02-11T00_24_16 -19317 11.14  206.4 2300.1   8.30    0.0    0.0  0.00 200 200
2019-02-11T00_25_16 -19292 11.14  206.0 2295.6   8.30    0.0    0.0  0.00 200 200
2019-02-11T00_26_16 -19267 11.14  206.0 2295.6   8.30    0.0    0.0  0.00 200 200
2019-02-11T00_27_16 -19242 11.14  206.0 2295.6   8.30    0.0    0.0  0.00 200 200
2019-02-11T00_28_16 -19217 11.14  206.0 2295.6   8.30    0.0    0.0  0.00 200 200
2019-02-11T00_29_17 -19192 11.14  206.0 2295.6   8.30    0.0    0.0  0.00 200 200
2019-02-11T00_30_17 -19167 11.14  206.4 2300.1   8.30    0.0    0.0  0.00 200 200
2019-02-11T00_31_17 -19142 11.14  206.0 2295.6   8.30    0.0    0.0  0.00 200 200
2019-02-11T00_32_17 -19117 11.14  206.0 2295.6   8.30    0.0    0.0  0.00 200 200
2019-02-11T00_33_17 -19092 11.14  206.4 2300.1   8.30    0.0    0.0  0.00 200 200
2019-02-11T00_34_17 -19067 11.14  206.8 2304.5   8.30    0.0    0.0  0.00 200 200
2019-02-11T00_35_17 -19042 11.14  206.4 2300.1   8.30    0.0    0.0  0.00 200 200
2019-02-11T00_36_18 -19017 11.14  206.4 2300.1   8.30    0.0    0.0  0.00 200 200
2019-02-11T00_37_18 -18992 11.14  206.0 2295.6   8.30    0.0    0.0  0.00 200 200
2019-02-11T00_38_18 -18967 11.14  206.4 2300.1   8.30    0.0    0.0  0.00 200 200
2019-02-11T00_39_18 -18942 11.14  206.0 2295.6   8.30    0.0    0.0  0.00 200 200
2019-02-11T00_40_18 -18917 11.14  206.0 2295.6   8.30    0.0    0.0  0.00 200 200
2019-02-11T00_41_18 -18892 11.14  206.4 2300.1   8.30    0.0    0.0  0.00 200 200
2019-02-11T00_42_18 -18867 11.14  206.0 2295.6   8.30    0.0    0.0  0.00 200 200
2019-02-11T00_43_19 -18842 11.14  206.4 2300.1   8.30    0.0    0.0  0.00 200 200
2019-02-11T00_44_19 -18817 11.14  206.4 2300.1   8.30    0.0    0.0  0.00 200 200
2019-02-11T00_45_19 -18792 11.14  206.4 2300.1   8.30    0.0    0.0  0.00 200 200
2019-02-11T00_46_19 -18767 11.14  206.4 2300.1   8.30    0.0    0.0  0.00 200 200
2019-02-11T00_47_19 -18742 11.14  206.4 2300.1   8.30    0.0    0.0  0.00 200 200
2019-02-11T00_48_19 -18717 11.14  206.4 2300.1   8.30    0.0    0.0  0.00 200 200
2019-02-11T00_49_19 -18692 11.14  206.4 2300.1   8.30    0.0    0.0  0.00 200 200
2019-02-11T00_50_19 -18667 11.14  207.6 2313.4   8.30    0.0    0.0  0.00 200 200