2019-02-06T22_03_00 30039 11.13  207.6 2310.1   8.29    0.0    0.0  0.00 200 200
2019-02-06T22_04_01 30064 11.14  207.6 2311.8   8.29    0.0    0.0  0.00 200 200
2019-02-06T22_05_01 30089 11.14  207.6 2311.8   8.29    0.0    0.0  0.00 200 200
2019-02-06T22_06_01 30114 11.14  207.2 2307.3   8.29    0.0    0.0  0.00 200 200
2019-02-06T22_07_01 30139 11.14  207.6 2311.8   8.29    0.0    0.0  0.00 200 200
2019-02-06T22_08_01 30164 11.13  207.2 2305.7   8.29    0.0    0.0  0.00 200 200
2019-02-06T22_09_01 30189 11.13  208.4 2319.0   8.29    0.0    0.0  0.00 200 200
2019-02-06T22_10_01 30214 11.13  208.0 2314.6   8.29    0.0    0.0  0.00 200 200
2019-02-06T22_11_01 30239 11.13  208.4 2319.0   8.29    0.0    0.0  0.00 200 200
2019-02-06T22_12_01 30264 11.13  207.6 2310.1   8.29    0.0    0.0  0.00 200 200
2019-02-06T22_13_01 30289 11.13  207.6 2310.1   8.29    0.0    0.0  0.00 200 200
2019-02-06T22_14_02 30314 11.14  207.2 2307.3   8.30    0.0    0.0  0.00 200 200
2019-02-06T22_15_02 30339 11.14  207.2 2307.3   8.30    0.0    0.0  0.00 200 200
2019-02-06T22_16_02 30364 11.14  207.2 2307.3   8.30    0.0    0.0  0.00 200 200
2019-02-06T22_17_02 30389 11.14  207.2 2307.3   8.30    0.0    0.0  0.00 200 200
2019-02-06T22_18_02 30414 11.14  207.2 2307.3   8.30    0.0    0.0  0.00 200 200
2019-02-06T22_19_02 30439 11.14  207.2 2309.0   8.30    0.0    0.0  0.00 200 200
2019-02-06T22_20_02 30464 11.14  207.2 2309.0   8.30    0.0    0.0  0.00 200 200
2019-02-06T22_21_02 30489 11.14  207.2 2309.0   8.30    0.0    0.0  0.00 200 200
2019-02-06T22_22_02 30514 11.14  207.2 2309.0   8.30    0.0    0.0  0.00 200 200
2019-02-06T22_23_03 30539 11.14  208.8 2326.8   8.30    0.0    0.0  0.00 200 200
2019-02-06T22_24_03 30564 11.14  207.2 2309.0   8.30    0.0    0.0  0.00 200 200
2019-02-06T22_25_03 30589 11.14  207.2 2309.0   8.30    0.0    0.0  0.00 200 200
2019-02-06T22_26_03 30614 11.14  207.2 2309.0   8.30    0.0    0.0  0.00 200 200
2019-02-06T22_27_03 30639 11.14  207.2 2309.0   8.30    0.0    0.0  0.00 200 200
2019-02-06T22_28_03 30664 11.14  207.6 2313.4   8.30    0.0    0.0  0.00 200 200
2019-02-06T22_29_03 30689 11.14  207.2 2309.0   8.30    0.0    0.0  0.00 200 200
2019-02-06T22_30_03 30714 11.14  207.2 2309.0   8.30    0.0    0.0  0.00 200 200
2019-02-06T22_31_03 30739 11.14  207.2 2309.0   8.30    0.0    0.0  0.00 200 200
2019-02-06T22_32_04 30764 11.14  207.2 2309.0   8.30    0.0    0.0  0.00 200 200
2019-02-06T22_33_04 30789 11.14  208.0 2317.9   8.30    0.0    0.0  0.00 200 200
2019-02-06T22_34_04 30814 11.14  207.2 2309.0   8.30    0.0    0.0  0.00 200 200
2019-02-06T22_35_04 30839 11.14  207.2 2309.0   8.30    0.0    0.0  0.00 200 200
2019-02-06T22_36_04 30864 11.14  207.2 2309.0   8.30    0.0    0.0  0.00 200 200
2019-02-06T22_37_04 30889 11.14  207.2 2309.0   8.30    0.0    0.0  0.00 200 200
2019-02-06T22_38_04 30914 11.14  207.2 2309.0   8.30    0.0    0.0  0.00 200 200
2019-02-06T22_39_04 30939 11.14  207.2 2309.0   8.30    0.0    0.0  0.00 200 200
2019-02-06T22_40_04 30964 11.14  207.2 2309.0   8.30    0.0    0.0  0.00 200 200
2019-02-06T22_41_05 30989 11.14  207.2 2309.0   8.30    0.0    0.0  0.00 200 200
2019-02-06T22_42_05 31014 11.14  207.2 2309.0   8.30    0.0    0.0  0.00 200 200
2019-02-06T22_43_05 31039 11.14  207.2 2309.0   8.30    0.0    0.0  0.00 200 200
2019-02-06T22_44_05 31064 11.14  207.2 2309.0   8.30    0.0    0.0  0.00 200 200
2019-02-06T22_45_05 31089 11.14  207.2 2309.0   8.30    0.0    0.0  0.00 200 200
2019-02-06T22_46_05 31114 11.14  207.2 2309.0   8.30    0.0    0.0  0.00 200 200
2019-02-06T22_47_05 31139 11.14  207.2 2309.0   8.30    0.0    0.0  0.00 200 200
2019-02-06T22_48_05 31164 11.14  207.2 2309.0   8.30    0.0    0.0  0.00 200 200
2019-02-06T22_49_05 31189 11.14  207.2 2309.0   8.30    0.0    0.0  0.00 200 200
2019-02-06T22_50_06 31214 11.14  207.2 2309.0   8.30    0.0    0.0  0.00 200 200
2019-02-06T22_51_06 31239 11.14  207.2 2309.0   8.30    0.0    0.0  0.00 200 200
2019-02-06T22_52_06 31264 11.14  207.2 2309.0   8.30    0.0    0.0  0.00 200 200
2019-02-06T22_53_06 31289 11.14  207.2 2309.0   8.30    0.0    0.0  0.00 200 200
2019-02-06T22_54_06 31314 11.14  207.2 2309.0   8.30    0.0    0.0  0.00 200 200
2019-02-06T22_55_06 31339 11.14  207.2 2309.0   8.30    0.0    0.0  0.00 200 200
2019-02-06T22_56_06 31364 11.14  208.0 2317.9   8.30    0.0    0.0  0.00 200 200
2019-02-06T22_57_06 31389 11.14  207.6 2313.4   8.30    0.0    0.0  0.00 200 200
2019-02-06T22_58_06 31414 11.14  207.2 2309.0   8.30    0.0    0.0  0.00 200 200
2019-02-06T22_59_06 31439 11.14  207.2 2309.0   8.30    0.0    0.0  0.00 200 200
2019-02-06T23_00_07 31464 11.14  207.2 2309.0   8.30    0.0    0.0  0.00 200 200
2019-02-06T23_01_07 31489 11.14  207.2 2309.0   8.30    0.0    0.0  0.00 200 200
2019-02-06T23_02_07 31514 11.14  207.2 2309.0   8.30    0.0    0.0  0.00 200 200