2019-02-06T21_02_54 28539 11.14  207.6 2311.8   8.30    0.0    0.0  0.00 200 200
2019-02-06T21_03_54 28564 11.14  207.6 2311.8   8.30    0.0    0.0  0.00 200 200
2019-02-06T21_04_54 28589 11.14  207.6 2311.8   8.30    0.0    0.0  0.00 200 200
2019-02-06T21_05_54 28614 11.14  207.6 2311.8   8.30    0.0    0.0  0.00 200 200
2019-02-06T21_06_54 28639 11.14  207.6 2311.8   8.30    0.0    0.0  0.00 200 200
2019-02-06T21_07_54 28664 11.14  207.6 2311.8   8.30    0.0    0.0  0.00 200 200
2019-02-06T21_08_55 28689 11.14  207.6 2311.8   8.30    0.0    0.0  0.00 200 200
2019-02-06T21_09_55 28714 11.14  207.6 2311.8   8.30    0.0    0.0  0.00 200 200
2019-02-06T21_10_55 28739 11.14  207.6 2311.8   8.30    0.0    0.0  0.00 200 200
2019-02-06T21_11_55 28764 11.14  207.6 2311.8   8.30    0.0    0.0  0.00 200 200
2019-02-06T21_12_55 28789 11.14  207.6 2311.8   8.30    0.0    0.0  0.00 200 200
2019-02-06T21_13_55 28814 11.14  207.6 2311.8   8.30    0.0    0.0  0.00 200 200
2019-02-06T21_14_55 28839 11.14  207.6 2311.8   8.30    0.0    0.0  0.00 200 200
2019-02-06T21_15_55 28864 11.14  207.6 2311.8   8.30    0.0    0.0  0.00 200 200
2019-02-06T21_16_55 28889 11.14  207.6 2311.8   8.30    0.0    0.0  0.00 200 200
2019-02-06T21_17_56 28914 11.14  207.6 2311.8   8.30    0.0    0.0  0.00 200 200
2019-02-06T21_18_56 28939 11.14  207.6 2311.8   8.30    0.0    0.0  0.00 200 200
2019-02-06T21_19_56 28964 11.14  207.6 2311.8   8.30    0.0    0.0  0.00 200 200
2019-02-06T21_20_56 28989 11.14  207.6 2311.8   8.30    0.0    0.0  0.00 200 200
2019-02-06T21_21_56 29014 11.14  207.6 2311.8   8.30    0.0    0.0  0.00 200 200
2019-02-06T21_22_56 29039 11.14  208.4 2320.7   8.30    0.0    0.0  0.00 200 200
2019-02-06T21_23_56 29064 11.14  208.0 2316.2   8.30    0.0    0.0  0.00 200 200
2019-02-06T21_24_56 29089 11.14  208.0 2316.2   8.30    0.0    0.0  0.00 200 200
2019-02-06T21_25_56 29114 11.14  207.6 2311.8   8.30    0.0    0.0  0.00 200 200
2019-02-06T21_26_57 29139 11.14  207.6 2311.8   8.30    0.0    0.0  0.00 200 200
2019-02-06T21_27_57 29164 11.14  207.6 2311.8   8.30    0.0    0.0  0.00 200 200
2019-02-06T21_28_57 29189 11.14  207.6 2311.8   8.30    0.0    0.0  0.00 200 200
2019-02-06T21_29_57 29214 11.14  207.6 2311.8   8.30    0.0    0.0  0.00 200 200
2019-02-06T21_30_57 29239 11.14  207.6 2311.8   8.30    0.0    0.0  0.00 200 200
2019-02-06T21_31_57 29264 11.14  207.6 2311.8   8.30    0.0    0.0  0.00 200 200
2019-02-06T21_32_57 29289 11.14  207.6 2311.8   8.30    0.0    0.0  0.00 200 200
2019-02-06T21_33_57 29314 11.14  207.6 2311.8   8.30    0.0    0.0  0.00 200 200
2019-02-06T21_34_57 29339 11.14  207.6 2311.8   8.30    0.0    0.0  0.00 200 200
2019-02-06T21_35_57 29364 11.14  207.6 2311.8   8.30    0.0    0.0  0.00 200 200
2019-02-06T21_36_58 29389 11.14  207.6 2311.8   8.30    0.0    0.0  0.00 200 200
2019-02-06T21_37_58 29414 11.14  207.6 2311.8   8.30    0.0    0.0  0.00 200 200
2019-02-06T21_38_58 29439 11.14  207.6 2311.8   8.30    0.0    0.0  0.00 200 200
2019-02-06T21_39_58 29464 11.14  207.6 2311.8   8.30    0.0    0.0  0.00 200 200
2019-02-06T21_40_58 29489 11.14  207.6 2311.8   8.30    0.0    0.0  0.00 200 200
2019-02-06T21_41_58 29514 11.14  207.6 2311.8   8.30    0.0    0.0  0.00 200 200
2019-02-06T21_42_58 29539 11.14  207.6 2311.8   8.30    0.0    0.0  0.00 200 200
2019-02-06T21_43_58 29564 11.14  207.6 2311.8   8.30    0.0    0.0  0.00 200 200
2019-02-06T21_44_58 29589 11.14  207.6 2311.8   8.30    0.0    0.0  0.00 200 200
2019-02-06T21_45_59 29614 11.14  208.4 2320.7   8.30    0.0    0.0  0.00 200 200
2019-02-06T21_46_59 29639 11.14  208.4 2320.7   8.29    0.0    0.0  0.00 200 200
2019-02-06T21_47_59 29664 11.14  208.0 2316.2   8.29    0.0    0.0  0.00 200 200
2019-02-06T21_48_59 29689 11.14  207.6 2311.8   8.29    0.0    0.0  0.00 200 200
2019-02-06T21_49_59 29714 11.14  207.6 2311.8   8.29    0.0    0.0  0.00 200 200
2019-02-06T21_50_59 29739 11.14  207.6 2311.8   8.29    0.0    0.0  0.00 200 200
2019-02-06T21_51_59 29764 11.14  207.6 2311.8   8.29    0.0    0.0  0.00 200 200
2019-02-06T21_52_59 29789 11.14  207.6 2311.8   8.29    0.0    0.0  0.00 200 200
2019-02-06T21_53_59 29814 11.14  207.6 2311.8   8.29    0.0    0.0  0.00 200 200
2019-02-06T21_55_00 29839 11.14  207.6 2311.8   8.29    0.0    0.0  0.00 200 200
2019-02-06T21_56_00 29864 11.14  207.6 2311.8   8.29    0.0    0.0  0.00 200 200
2019-02-06T21_57_00 29889 11.14  207.6 2311.8   8.29    0.0    0.0  0.00 200 200
2019-02-06T21_58_00 29914 11.14  207.6 2311.8   8.29    0.0    0.0  0.00 200 200
2019-02-06T21_59_00 29939 11.14  207.6 2311.8   8.29    0.0    0.0  0.00 200 200
2019-02-06T22_00_00 29964 11.14  207.6 2311.8   8.29    0.0    0.0  0.00 200 200
2019-02-06T22_01_00 29989 11.14  207.6 2311.8   8.29    0.0    0.0  0.00 200 200
2019-02-06T22_02_00 30014 11.13  207.6 2310.1   8.29    0.0    0.0  0.00 200 200