2019-02-03T14_50_21 -7550 11.14  212.8 2369.7   7.86    0.0    0.0  0.00 190 190
2019-02-03T14_51_22 -7525 11.14  212.8 2369.7   7.86    0.0    0.0  0.00 190 190
2019-02-03T14_52_22 -7500 11.14  212.8 2369.7   7.86    0.0    0.0  0.00 190 190
2019-02-03T14_53_22 -7475 11.14  212.8 2369.7   7.86    0.0    0.0  0.00 190 190
2019-02-03T14_54_22 -7450 11.14  212.8 2369.7   7.86    0.0    0.0  0.00 190 190
2019-02-03T14_55_22 -7425 11.14  212.8 2369.7   7.86    0.0    0.0  0.00 190 190
2019-02-03T14_56_22 -7400 11.14  212.8 2369.7   7.86    0.0    0.0  0.00 190 190
2019-02-03T14_57_22 -7375 11.14  212.8 2369.7   7.86    0.0    0.0  0.00 190 190
2019-02-03T14_58_22 -7350 11.14  212.8 2369.7   7.86    0.0    0.0  0.00 190 190
2019-02-03T14_59_22 -7325 11.14  212.8 2369.7   7.86    0.0    0.0  0.00 190 190
2019-02-03T15_00_22 -7300 11.14  212.4 2365.2   7.86    0.0    0.0  0.00 190 190
2019-02-03T15_01_23 -7275 11.14  212.8 2369.7   7.86    0.0    0.0  0.00 190 190
2019-02-03T15_02_23 -7250 11.14  212.8 2369.7   7.86    0.0    0.0  0.00 190 190
2019-02-03T15_03_23 -7225 11.14  212.8 2369.7   7.86    0.0    0.0  0.00 190 190
2019-02-03T15_04_23 -7200 11.14  212.8 2369.7   7.86    0.0    0.0  0.00 190 190
2019-02-03T15_05_23 -7175 11.14  212.8 2369.7   7.86    0.0    0.0  0.00 190 190
2019-02-03T15_06_23 -7150 11.14  212.4 2365.2   7.86    0.0    0.0  0.00 190 190
2019-02-03T15_07_23 -7125 11.14  212.8 2369.7   7.86    0.0    0.0  0.00 190 190
2019-02-03T15_08_23 -7100 11.14  212.4 2365.2   7.86    0.0    0.0  0.00 190 190
2019-02-03T15_09_23 -7075 11.14  212.4 2365.2   7.87    0.0    0.0  0.00 190 190
2019-02-03T15_10_24 -7050 11.14  212.8 2369.7   7.86    0.0    0.0  0.00 190 190
2019-02-03T15_11_24 -7025 11.14  212.8 2369.7   7.86    0.0    0.0  0.00 190 190
2019-02-03T15_12_24 -7000 11.14  213.6 2378.6   7.86    0.0    0.0  0.00 190 190
2019-02-03T15_13_24 -6975 11.14  213.2 2374.2   7.86    0.0    0.0  0.00 190 190
2019-02-03T15_14_24 -6950 11.14  212.8 2369.7   7.86    0.0    0.0  0.00 190 190
2019-02-03T15_15_24 -6925 11.14  212.8 2369.7   7.86    0.0    0.0  0.00 190 190
2019-02-03T15_16_24 -6900 11.14  213.2 2374.2   7.86    0.0    0.0  0.00 190 190
2019-02-03T15_17_24 -6875 11.14  212.8 2369.7   7.86    0.0    0.0  0.00 190 190
2019-02-03T15_18_24 -6850 11.14  212.8 2369.7   7.86    0.0    0.0  0.00 190 190
2019-02-03T15_19_25 -6825 11.14  212.8 2369.7   7.86    0.0    0.0  0.00 190 190
2019-02-03T15_20_25 -6800 11.14  212.8 2369.7   7.86    0.0    0.0  0.00 190 190
2019-02-03T15_21_25 -6775 11.14  212.8 2369.7   7.86    0.0    0.0  0.00 190 190
2019-02-03T15_22_25 -6750 11.14  212.8 2369.7   7.86    0.0    0.0  0.00 190 190
2019-02-03T15_23_25 -6725 11.14  212.8 2369.7   7.86    0.0    0.0  0.00 190 190
2019-02-03T15_24_25 -6700 11.14  212.8 2369.7   7.86    0.0    0.0  0.00 190 190
2019-02-03T15_25_25 -6675 11.14  212.8 2369.7   7.86    0.0    0.0  0.00 190 190
2019-02-03T15_26_25 -6650 11.14  213.2 2374.2   7.86    0.0    0.0  0.00 190 190
2019-02-03T15_27_25 -6625 11.14  212.8 2369.7   7.86    0.0    0.0  0.00 190 190
2019-02-03T15_28_26 -6600 11.14  212.8 2369.7   7.86    0.0    0.0  0.00 190 190
2019-02-03T15_29_26 -6575 11.14  212.8 2369.7   7.86    0.0    0.0  0.00 190 190
2019-02-03T15_30_26 -6550 11.14  212.8 2369.7   7.86    0.0    0.0  0.00 190 190
2019-02-03T15_31_26 -6525 11.14  213.2 2374.2   7.86    0.0    0.0  0.00 190 190
2019-02-03T15_32_26 -6500 11.14  212.8 2369.7   7.86    0.0    0.0  0.00 190 190
2019-02-03T15_33_26 -6475 11.14  212.8 2369.7   7.86    0.0    0.0  0.00 190 190
2019-02-03T15_34_26 -6450 11.14  212.8 2369.7   7.86    0.0    0.0  0.00 190 190
2019-02-03T15_35_26 -6425 11.14  213.6 2378.6   7.86    0.0    0.0  0.00 190 190
2019-02-03T15_36_26 -6400 11.14  213.2 2374.2   7.86    0.0    0.0  0.00 190 190
2019-02-03T15_37_26 -6375 11.14  212.8 2369.7   7.86    0.0    0.0  0.00 190 190
2019-02-03T15_38_27 -6350 11.14  212.8 2369.7   7.86    0.0    0.0  0.00 190 190
2019-02-03T15_39_27 -6325 11.14  212.8 2369.7   7.86    0.0    0.0  0.00 190 190
2019-02-03T15_40_27 -6300 11.14  212.8 2369.7   7.86    0.0    0.0  0.00 190 190
2019-02-03T15_41_27 -6275 11.14  212.8 2369.7   7.86    0.0    0.0  0.00 190 190
2019-02-03T15_42_27 -6250 11.14  212.8 2369.7   7.86    0.0    0.0  0.00 190 190
2019-02-03T15_43_27 -6225 11.14  212.8 2369.7   7.86    0.0    0.0  0.00 190 190
2019-02-03T15_44_27 -6200 11.14  212.8 2369.7   7.86    0.0    0.0  0.00 190 190
2019-02-03T15_45_27 -6175 11.14  212.8 2369.7   7.86    0.0    0.0  0.00 190 190
2019-02-03T15_46_27 -6150 11.14  212.8 2369.7   7.86    0.0    0.0  0.00 190 190
2019-02-03T15_47_28 -6125 11.14  212.8 2369.7   7.86    0.0    0.0  0.00 190 190
2019-02-03T15_48_28 -6100 11.14  212.8 2369.7   7.86    0.0    0.0  0.00 190 190
2019-02-03T15_49_28 -6075 11.14  212.8 2369.7   7.86    0.0    0.0  0.00 190 190