2019-02-05T21_27_09 30393 11.14  208.0 2317.9   8.08    0.0    0.0  0.00 195 195
2019-02-05T21_28_09 30418 11.14  208.8 2326.8   8.07    0.0    0.0  0.00 195 195
2019-02-05T21_29_09 30443 11.14  208.8 2326.8   8.07    0.0    0.0  0.00 195 195
2019-02-05T21_30_10 30468 11.14  208.4 2322.4   8.07    0.0    0.0  0.00 195 195
2019-02-05T21_31_10 30493 11.14  208.4 2322.4   8.08    0.0    0.0  0.00 195 195
2019-02-05T21_32_10 30518 11.14  208.0 2317.9   8.07    0.0    0.0  0.00 195 195
2019-02-05T21_33_10 30543 11.14  208.0 2317.9   8.08    0.0    0.0  0.00 195 195
2019-02-05T21_34_10 30568 11.14  208.0 2317.9   8.08    0.0    0.0  0.00 195 195
2019-02-05T21_35_10 30593 11.14  208.0 2317.9   8.07    0.0    0.0  0.00 195 195
2019-02-05T21_36_10 30618 11.14  208.0 2317.9   8.07    0.0    0.0  0.00 195 195
2019-02-05T21_37_10 30643 11.14  208.0 2317.9   8.08    0.0    0.0  0.00 195 195
2019-02-05T21_38_10 30668 11.14  208.0 2317.9   8.07    0.0    0.0  0.00 195 195
2019-02-05T21_39_11 30693 11.14  208.0 2317.9   8.07    0.0    0.0  0.00 195 195
2019-02-05T21_40_11 30718 11.14  208.0 2317.9   8.08    0.0    0.0  0.00 195 195
2019-02-05T21_41_11 30743 11.14  208.4 2322.4   8.07    0.0    0.0  0.00 195 195
2019-02-05T21_42_11 30768 11.14  208.0 2317.9   8.08    0.0    0.0  0.00 195 195
2019-02-05T21_43_11 30793 11.14  208.0 2317.9   8.08    0.0    0.0  0.00 195 195
2019-02-05T21_44_11 30818 11.14  208.0 2317.9   8.08    0.0    0.0  0.00 195 195
2019-02-05T21_45_11 30843 11.14  208.0 2317.9   8.08    0.0    0.0  0.00 195 195
2019-02-05T21_46_11 30868 11.14  208.4 2322.4   8.08    0.0    0.0  0.00 195 195
2019-02-05T21_47_11 30893 11.14  208.0 2317.9   8.08    0.0    0.0  0.00 195 195
2019-02-05T21_48_12 30918 11.14  208.0 2317.9   8.08    0.0    0.0  0.00 195 195
2019-02-05T21_49_12 30943 11.14  208.0 2317.9   8.08    0.0    0.0  0.00 195 195
2019-02-05T21_50_12 30968 11.14  208.0 2317.9   8.08    0.0    0.0  0.00 195 195
2019-02-05T21_51_12 30993 11.14  208.8 2326.8   8.07    0.0    0.0  0.00 195 195
2019-02-05T21_52_12 31018 11.14  208.4 2322.4   8.07    0.0    0.0  0.00 195 195
2019-02-05T21_53_12 31043 11.14  208.4 2322.4   8.08    0.0    0.0  0.00 195 195
2019-02-05T21_54_12 31068 11.14  208.4 2322.4   8.08    0.0    0.0  0.00 195 195
2019-02-05T21_55_12 31093 11.14  208.0 2317.9   8.08    0.0    0.0  0.00 195 195
2019-02-05T21_56_12 31118 11.14  208.0 2317.9   8.08    0.0    0.0  0.00 195 195
2019-02-05T21_57_13 31143 11.14  208.0 2317.9   8.08    0.0    0.0  0.00 195 195
2019-02-05T21_58_13 31168 11.14  208.0 2317.9   8.08    0.0    0.0  0.00 195 195
2019-02-05T21_59_13 31193 11.14  208.0 2317.9   8.08    0.0    0.0  0.00 195 195
2019-02-05T22_00_13 31218 11.14  208.0 2317.9   8.08    0.0    0.0  0.00 195 195
2019-02-05T22_01_13 31243 11.14  208.0 2317.9   8.08    0.0    0.0  0.00 195 195
2019-02-05T22_02_13 31268 11.14  208.0 2317.9   8.08    0.0    0.0  0.00 195 195
2019-02-05T22_03_13 31293 11.14  208.0 2317.9   8.07    0.0    0.0  0.00 195 195
2019-02-05T22_04_13 31318 11.14  208.0 2317.9   8.08    0.0    0.0  0.00 195 195
2019-02-05T22_05_13 31343 11.14  208.0 2317.9   8.08    0.0    0.0  0.00 195 195
2019-02-05T22_06_14 31368 11.14  208.0 2317.9   8.07    0.0    0.0  0.00 195 195
2019-02-05T22_07_14 31393 11.14  208.0 2317.9   8.08    0.0    0.0  0.00 195 195
2019-02-05T22_08_14 31418 11.14  208.0 2317.9   8.07    0.0    0.0  0.00 195 195
2019-02-05T22_09_14 31443 11.14  208.0 2317.9   8.07    0.0    0.0  0.00 195 195
2019-02-05T22_10_14 31468 11.14  208.0 2317.9   8.08    0.0    0.0  0.00 195 195
2019-02-05T22_11_14 31493 11.14  208.0 2317.9   8.08    0.0    0.0  0.00 195 195
2019-02-05T22_12_14 31518 11.14  208.0 2317.9   8.08    0.0    0.0  0.00 195 195
2019-02-05T22_13_14 31543 11.14  208.8 2326.8   8.07    0.0    0.0  0.00 195 195
2019-02-05T22_14_14 31568 11.14  209.2 2331.3   8.07    0.0    0.0  0.00 195 195
2019-02-05T22_15_14 31593 11.14  208.4 2322.4   8.07    0.0    0.0  0.00 195 195
2019-02-05T22_16_15 31618 11.14  208.4 2322.4   8.08    0.0    0.0  0.00 195 195
2019-02-05T22_17_15 31643 11.14  208.8 2326.8   8.07    0.0    0.0  0.00 195 195
2019-02-05T22_18_15 31668 11.14  208.4 2322.4   8.07    0.0    0.0  0.00 195 195
2019-02-05T22_19_15 31693 11.14  208.4 2322.4   8.08    0.0    0.0  0.00 195 195
2019-02-05T22_20_15 31718 11.14  208.4 2322.4   8.08    0.0    0.0  0.00 195 195
2019-02-05T22_21_15 31743 11.14  208.4 2322.4   8.08    0.0    0.0  0.00 195 195
2019-02-05T22_22_15 31768 11.14  208.4 2322.4   8.08    0.0    0.0  0.00 195 195
2019-02-05T22_23_15 31793 11.14  208.4 2322.4   8.08    0.0    0.0  0.00 195 195
2019-02-05T22_24_15 31818 11.14  208.4 2322.4   8.08    0.0    0.0  0.00 195 195
2019-02-05T22_25_16 31843 11.13  220.0 2448.1   8.06    0.0    0.0  0.00 195 195
2019-02-05T22_26_16 31868 11.14  208.4 2322.4   8.08    0.0    0.0  0.00 195 195