2019-02-11T23_53_45 15858 11.14  206.0 2295.6   8.30    0.0    0.0  0.00 200 200
2019-02-11T23_54_45 15883 11.14  206.0 2295.6   8.30    0.0    0.0  0.00 200 200
2019-02-11T23_55_45 15908 11.14  206.0 2295.6   8.30    0.0    0.0  0.00 200 200
2019-02-11T23_56_45 15933 11.14  206.0 2295.6   8.30    0.0    0.0  0.00 200 200
2019-02-11T23_57_45 15958 11.14  206.4 2300.1   8.30    0.0    0.0  0.00 200 200
2019-02-11T23_58_45 15983 11.14  206.0 2295.6   8.30    0.0    0.0  0.00 200 200
2019-02-11T23_59_46 16008 11.14  206.0 2295.6   8.30    0.0    0.0  0.00 200 200
2019-02-12T00_00_46 16033 11.14  206.0 2295.6   8.30    0.0    0.0  0.00 200 200
2019-02-12T00_01_46 16058 11.14  206.0 2295.6   8.30    0.0    0.0  0.00 200 200
2019-02-12T00_02_46 16083 11.14  206.0 2295.6   8.30    0.0    0.0  0.00 200 200
2019-02-12T00_03_46 16108 11.14  206.0 2295.6   8.30    0.0    0.0  0.00 200 200
2019-02-12T00_04_46 16133 11.14  206.0 2295.6   8.30    0.0    0.0  0.00 200 200
2019-02-12T00_05_46 16158 11.14  206.8 2304.5   8.30    0.0    0.0  0.00 200 200
2019-02-12T00_06_46 16183 11.14  206.8 2304.5   8.30    0.0    0.0  0.00 200 200
2019-02-12T00_07_46 16208 11.14  206.4 2300.1   8.30    0.0    0.0  0.00 200 200
2019-02-12T00_08_46 16233 11.14  206.0 2295.6   8.30    0.0    0.0  0.00 200 200
2019-02-12T00_09_47 16258 11.14  206.0 2295.6   8.30    0.0    0.0  0.00 200 200
2019-02-12T00_10_47 16283 11.14  206.0 2295.6   8.30    0.0    0.0  0.00 200 200
2019-02-12T00_11_47 16308 11.14  206.0 2295.6   8.30    0.0    0.0  0.00 200 200
2019-02-12T00_12_47 16333 11.14  206.0 2295.6   8.30    0.0    0.0  0.00 200 200
2019-02-12T00_13_47 16358 11.14  206.0 2295.6   8.30    0.0    0.0  0.00 200 200
2019-02-12T00_14_47 16383 11.14  206.0 2295.6   8.30    0.0    0.0  0.00 200 200
2019-02-12T00_15_47 16408 11.14  206.0 2295.6   8.30    0.0    0.0  0.00 200 200
2019-02-12T00_16_47 16433 11.14  206.0 2295.6   8.30    0.0    0.0  0.00 200 200
2019-02-12T00_17_47 16458 11.14  206.0 2295.6   8.30    0.0    0.0  0.00 200 200
2019-02-12T00_18_48 16483 11.14  206.0 2295.6   8.30    0.0    0.0  0.00 200 200
2019-02-12T00_19_48 16508 11.14  206.0 2295.6   8.30    0.0    0.0  0.00 200 200
2019-02-12T00_20_48 16533 11.14  206.0 2295.6   8.30    0.0    0.0  0.00 200 200
2019-02-12T00_21_48 16558 11.14  206.0 2295.6   8.30    0.0    0.0  0.00 200 200
2019-02-12T00_22_48 16583 11.14  206.0 2295.6   8.30    0.0    0.0  0.00 200 200
2019-02-12T00_23_48 16608 11.14  206.0 2295.6   8.30    0.0    0.0  0.00 200 200
2019-02-12T00_24_48 16633 11.14  206.0 2295.6   8.30    0.0    0.0  0.00 200 200
2019-02-12T00_25_48 16658 11.14  206.0 2295.6   8.30    0.0    0.0  0.00 200 200
2019-02-12T00_26_48 16683 11.14  206.0 2295.6   8.30    0.0    0.0  0.00 200 200
2019-02-12T00_27_49 16708 11.14  206.4 2300.1   8.30    0.0    0.0  0.00 200 200
2019-02-12T00_28_49 16733 11.14  206.8 2304.5   8.30    0.0    0.0  0.00 200 200
2019-02-12T00_29_49 16758 11.14  206.8 2304.5   8.30    0.0    0.0  0.00 200 200
2019-02-12T00_30_49 16783 11.14  206.4 2300.1   8.30    0.0    0.0  0.00 200 200
2019-02-12T00_31_49 16808 11.14  206.4 2300.1   8.29    0.0    0.0  0.00 200 200
2019-02-12T00_32_49 16833 11.14  206.0 2295.6   8.30    0.0    0.0  0.00 200 200
2019-02-12T00_33_49 16858 11.14  206.0 2295.6   8.30    0.0    0.0  0.00 200 200
2019-02-12T00_34_49 16883 11.14  206.0 2295.6   8.30    0.0    0.0  0.00 200 200
2019-02-12T00_35_49 16908 11.14  206.0 2295.6   8.30    0.0    0.0  0.00 200 200
2019-02-12T00_36_50 16933 11.14  206.0 2295.6   8.30    0.0    0.0  0.00 200 200
2019-02-12T00_37_50 16958 11.14  207.2 2309.0   8.30    0.0    0.0  0.00 200 200
2019-02-12T00_38_50 16983 11.14  206.4 2300.1   8.30    0.0    0.0  0.00 200 200
2019-02-12T00_39_50 17008 11.14  206.4 2300.1   8.30    0.0    0.0  0.00 200 200
2019-02-12T00_40_50 17033 11.14  206.4 2300.1   8.30    0.0    0.0  0.00 200 200
2019-02-12T00_41_50 17058 11.14  206.4 2300.1   8.30    0.0    0.0  0.00 200 200
2019-02-12T00_42_50 17083 11.14  206.4 2300.1   8.30    0.0    0.0  0.00 200 200
2019-02-12T00_43_50 17108 11.14  206.8 2304.5   8.29    0.0    0.0  0.00 200 200
2019-02-12T00_44_50 17133 11.14  206.4 2300.1   8.30    0.0    0.0  0.00 200 200
2019-02-12T00_45_51 17158 11.14  206.4 2300.1   8.29    0.0    0.0  0.00 200 200
2019-02-12T00_46_51 17183 11.14  206.4 2300.1   8.29    0.0    0.0  0.00 200 200
2019-02-12T00_47_51 17208 11.14  206.4 2300.1   8.29    0.0    0.0  0.00 200 200
2019-02-12T00_48_51 17233 11.14  206.4 2300.1   8.29    0.0    0.0  0.00 200 200
2019-02-12T00_49_51 17258 11.14  206.4 2300.1   8.29    0.0    0.0  0.00 200 200
2019-02-12T00_50_51 17283 11.14  206.4 2300.1   8.29    0.0    0.0  0.00 200 200
2019-02-12T00_51_51 17308 11.14  207.2 2309.0   8.29    0.0    0.0  0.00 200 200
2019-02-12T00_52_51 17333 11.14  206.8 2304.5   8.29    0.0    0.0  0.00 200 200