2016-08-26T21:37:34 invalid line 
2016-08-26T21:37:45 22 10.72  154.4 1655.1   8.41    0.0    0.0  0.00 198.00 0.00 
2016-08-26T21:37:56 27 10.73  139.2 1493.3   8.64    0.0    0.0  0.00 203.00 0.00 
2016-08-26T21:38:08 32 10.74  117.6 1262.5   8.20    0.0    0.0  0.00 208.00 210.00 
2016-08-26T21:38:19 36 10.74  116.4 1250.6   8.65    0.0    0.0  0.00 203.00 0.00 
2016-08-26T21:38:30 41 10.74  118.4 1271.1   8.20    0.0    0.0  0.00 208.00 210.00 
2016-08-26T21:38:42 46 10.74  116.4 1249.6   8.42    0.0    0.0  0.00 198.00 0.00 
2016-08-26T21:38:53 50 10.74  120.4 1292.6   8.20    0.0    0.0  0.00 208.00 210.00 
2016-08-26T21:39:04 55 10.72  156.0 1672.3   8.41    0.0    0.0  0.00 198.00 0.00 
2016-08-26T21:39:17 60 10.74  117.6 1262.5   8.65    0.0    0.0  0.00 203.00 0.00 
2016-08-26T21:39:28 64 10.72  156.0 1672.3   8.41    0.0    0.0  0.00 198.00 0.00 
2016-08-26T21:39:39 69 10.74  116.4 1249.6   8.65    0.0    0.0  0.00 203.00 0.00 
2016-08-26T21:39:51 74 10.74  118.4 1271.1   8.20    0.0    0.0  0.00 208.00 210.00 
2016-08-26T21:40:02 78 10.74  115.6 1242.0   8.65    0.0    0.0  0.00 203.00 0.00 
2016-08-26T21:40:13 83 10.74  118.0 1266.8   8.20    0.0    0.0  0.00 208.00 210.00 
2016-08-26T21:40:25 88 10.74  125.6 1348.4   8.42    0.0    0.0  0.00 198.00 0.00 
2016-08-26T21:40:36 92 10.74  118.0 1266.8   8.20    0.0    0.0  0.00 208.00 210.00 
2016-08-26T21:40:47 97 10.73  141.2 1514.7   8.42    0.0    0.0  0.00 198.00 0.00 
2016-08-26T21:40:59 102 10.74  117.6 1262.5   8.65    0.0    0.0  0.00 203.00 0.00 
2016-08-26T21:41:10 106 10.73  141.6 1519.0   8.42    0.0    0.0  0.00 198.00 0.00 
2016-08-26T21:41:21 111 10.74  118.4 1271.1   8.65    0.0    0.0  0.00 203.00 0.00 
2016-08-26T21:41:33 116 10.74  118.4 1271.1   8.20    0.0    0.0  0.00 208.00 210.00 
2016-08-26T21:41:45 120 10.74  118.0 1266.8   8.65    0.0    0.0  0.00 203.00 0.00 
2016-08-26T21:41:56 125 10.74  118.0 1266.8   8.20    0.0    0.0  0.00 208.00 210.00 
2016-08-26T21:42:08 130 10.74  116.8 1253.9   8.42    0.0    0.0  0.00 198.00 0.00 
2016-08-26T21:42:19 134 10.74  125.2 1344.1   8.20    0.0    0.0  0.00 208.00 210.00 
2016-08-26T21:42:30 139 10.74  116.4 1249.6   8.42    0.0    0.0  0.00 198.00 0.00 
2016-08-26T21:42:42 144 10.74  129.2 1387.0   8.64    0.0    0.0  0.00 203.00 0.00 
2016-08-26T21:42:53 148 10.74  118.0 1266.8   8.42    0.0    0.0  0.00 198.00 0.00 
2016-08-26T21:43:04 153 10.74  117.2 1258.2   8.65    0.0    0.0  0.00 203.00 0.00 
2016-08-26T21:43:16 158 10.74  118.8 1275.4   8.20    0.0    0.0  0.00 208.00 210.00 
2016-08-26T21:43:27 162 10.74  117.6 1262.5   8.65    0.0    0.0  0.00 203.00 0.00 
2016-08-26T21:43:38 167 10.74  118.8 1275.4   8.20    0.0    0.0  0.00 208.00 210.00 
2016-08-26T21:43:50 172 10.74  117.2 1258.2   8.42    0.0    0.0  0.00 198.00 0.00 
2016-08-26T21:44:01 176 10.73  141.2 1514.7   8.19    0.0    0.0  0.00 208.00 210.00 
2016-08-26T21:44:12 181 10.74  116.4 1249.6   8.42    0.0    0.0  0.00 198.00 0.00 
2016-08-26T21:44:25 186 10.73  135.6 1454.7   8.64    0.0    0.0  0.00 203.00 0.00 
2016-08-26T21:44:36 190 10.73  140.8 1510.5   8.42    0.0    0.0  0.00 198.00 0.00 
2016-08-26T21:44:47 195 10.74  116.4 1249.6   8.65    0.0    0.0  0.00 203.00 0.00 
2016-08-26T21:44:59 200 10.73  142.0 1523.3   8.19    0.0    0.0  0.00 208.00 210.00 
2016-08-26T21:45:10 204 10.74  120.8 1296.9   8.65    0.0    0.0  0.00 203.00 0.00 
2016-08-26T21:45:21 209 10.73  142.0 1523.3   8.19    0.0    0.0  0.00 208.00 210.00 
2016-08-26T21:45:33 214 10.73  143.2 1536.2   8.42    0.0    0.0  0.00 198.00 0.00 
2016-08-26T21:45:44 218 10.74  118.4 1271.1   8.20    0.0    0.0  0.00 208.00 210.00 
2016-08-26T21:45:55 223 10.74  117.2 1258.2   8.42    0.0    0.0  0.00 198.00 0.00 
2016-08-26T21:46:07 228 10.73  138.8 1489.0   8.64    0.0    0.0  0.00 203.00 0.00 
2016-08-26T21:46:18 232 10.74  122.0 1309.7   8.42    0.0    0.0  0.00 198.00 0.00 
2016-08-26T21:46:29 237 10.74  116.8 1253.9   8.65    0.0    0.0  0.00 203.00 0.00 
2016-08-26T21:46:41 242 10.72  154.8 1659.4   8.19    0.0    0.0  0.00 208.00 210.00 
2016-08-26T21:46:53 246 10.74  118.4 1271.1   8.65    0.0    0.0  0.00 203.00 0.00 
2016-08-26T21:47:04 251 10.74  119.2 1279.7   8.20    0.0    0.0  0.00 208.00 210.00 
2016-08-26T21:47:16 256 10.73  141.6 1519.0   8.42    0.0    0.0  0.00 198.00 0.00 
2016-08-26T21:47:27 260 10.74  118.8 1275.4   8.20    0.0    0.0  0.00 208.00 210.00 
2016-08-26T21:47:38 265 10.74  118.0 1266.8   8.42    0.0    0.0  0.00 198.00 0.00 
2016-08-26T21:47:50 270 10.73  139.2 1493.3   8.64    0.0    0.0  0.00 203.00 0.00 
2016-08-26T21:48:01 274 10.74  117.6 1262.5   8.42    0.0    0.0  0.00 198.00 0.00 
2016-08-26T21:48:12 279 10.74  114.8 1232.4   8.65    0.0    0.0  0.00 203.00 0.00 
2016-08-26T21:48:24 284 10.73  140.4 1506.2   8.19    0.0    0.0  0.00 208.00 210.00 
2016-08-26T21:48:35 288 10.73  138.8 1489.0   8.64    0.0    0.0  0.00 203.00 0.00 
2016-08-26T21:48:46 293 10.74  118.8 1275.4   8.20    0.0    0.0  0.00 208.00 210.00 
2016-08-26T21:48:58 298 10.73  140.4 1506.2   8.42    0.0    0.0  0.00 198.00 0.00 
2016-08-26T21:49:09 302 10.74  118.8 1275.4   8.20    0.0    0.0  0.00 208.00 210.00 
2016-08-26T21:49:21 307 10.73  140.8 1510.5   8.42    0.0    0.0  0.00 198.00 0.00 
2016-08-26T21:49:33 312 10.73  139.6 1497.6   8.64    0.0    0.0  0.00 203.00 0.00 
2016-08-26T21:49:44 316 10.73  136.4 1463.3   8.42    0.0    0.0  0.00 198.00 0.00 
2016-08-26T21:49:55 321 10.74  115.6 1241.0   8.65    0.0    0.0  0.00 203.00 0.00 
2016-08-26T21:50:07 326 10.73  140.4 1506.2   8.19    0.0    0.0  0.00 208.00 210.00 
2016-08-26T21:50:18 330 10.74  116.0 1245.3   8.65    0.0    0.0  0.00 203.00 0.00 
2016-08-26T21:50:29 335 10.74  117.2 1258.2   8.20    0.0    0.0  0.00 208.00 210.00 
2016-08-26T21:50:41 340 10.73  139.6 1497.6   8.42    0.0    0.0  0.00 198.00 0.00 
2016-08-26T21:50:52 344 10.74  118.0 1266.8   8.20    0.0    0.0  0.00 208.00 210.00 
2016-08-26T21:51:03 349 10.74  128.0 1374.2   8.42    0.0    0.0  0.00 198.00 0.00 
2016-08-26T21:51:15 354 10.72  153.6 1646.5   8.63    0.0    0.0  0.00 203.00 0.00 
2016-08-26T21:51:26 358 10.74  123.2 1322.6   8.42    0.0    0.0  0.00 198.00 0.00 
2016-08-26T21:51:37 363 10.74  117.2 1258.2   8.65    0.0    0.0  0.00 203.00 0.00 
2016-08-26T21:51:50 368 10.73  140.8 1510.5   8.19    0.0    0.0  0.00 208.00 210.00 
2016-08-26T21:52:01 372 10.73  138.4 1484.7   8.64    0.0    0.0  0.00 203.00 0.00 
2016-08-26T21:52:12 377 10.74  117.6 1262.5   8.20    0.0    0.0  0.00 208.00 210.00 
2016-08-26T21:52:24 382 10.72  152.8 1638.0   8.41    0.0    0.0  0.00 198.00 0.00 
2016-08-26T21:52:35 386 10.74  118.8 1275.4   8.20    0.0    0.0  0.00 208.00 210.00 
2016-08-26T21:52:46 391 10.74  118.0 1266.8   8.42    0.0    0.0  0.00 198.00 0.00 
2016-08-26T21:52:58 396 10.72  153.6 1646.5   8.63    0.0    0.0  0.00 203.00 0.00 
2016-08-26T21:53:09 400 10.74  118.0 1266.8   8.42    0.0    0.0  0.00 198.00 0.00 
2016-08-26T21:53:20 405 10.73  139.2 1493.3   8.64    0.0    0.0  0.00 203.00 0.00 
2016-08-26T21:53:32 410 10.73  141.6 1519.0   8.19    0.0    0.0  0.00 208.00 210.00 
2016-08-26T21:53:43 414 10.74  114.8 1232.4   8.65    0.0    0.0  0.00 203.00 0.00 
2016-08-26T21:53:54 419 10.74  116.8 1253.9   8.20    0.0    0.0  0.00 208.00 210.00 
2016-08-26T21:54:06 424 10.73  137.2 1471.8   8.42    0.0    0.0  0.00 198.00 0.00 
2016-08-26T21:54:18 428 10.74  116.8 1253.9   8.20    0.0    0.0  0.00 208.00 210.00 
2016-08-26T21:54:29 433 10.74  117.2 1258.2   8.42    0.0    0.0  0.00 198.00 0.00 
2016-08-26T21:54:41 438 10.72  152.4 1633.7   8.63    0.0    0.0  0.00 203.00 0.00 
2016-08-26T21:54:52 442 10.74  117.2 1258.2   8.42    0.0    0.0  0.00 198.00 0.00 
2016-08-26T21:55:03 447 10.74  116.8 1253.9   8.65    0.0    0.0  0.00 203.00 0.00 
2016-08-26T21:55:15 452 10.73  132.4 1420.3   8.20    0.0    0.0  0.00 208.00 210.00 
2016-08-26T21:55:26 456 10.73  138.8 1489.0   8.64    0.0    0.0  0.00 203.00 0.00 
2016-08-26T21:55:37 461 10.74  118.0 1266.8   8.20    0.0    0.0  0.00 208.00 210.00 
2016-08-26T21:55:49 466 10.74  126.0 1352.7   8.42    0.0    0.0  0.00 198.00 0.00 
2016-08-26T21:56:00 470 10.74  118.0 1266.8   8.20    0.0    0.0  0.00 208.00 210.00 
2016-08-26T21:56:11 475 10.74  120.4 1292.6   8.42    0.0    0.0  0.00 198.00 0.00 
2016-08-26T21:56:23 480 10.74  115.2 1236.7   8.65    0.0    0.0  0.00 203.00 0.00 
2016-08-26T21:56:34 484 10.73  140.8 1510.5   8.42    0.0    0.0  0.00 198.00 0.00 
2016-08-26T21:56:46 489 10.74  116.4 1249.6   8.65    0.0    0.0  0.00 203.00 0.00 
2016-08-26T21:56:58 494 10.73  140.8 1510.5   8.19    0.0    0.0  0.00 208.00 210.00 
2016-08-26T21:57:09 498 10.74  116.0 1245.3   8.65    0.0    0.0  0.00 203.00 0.00 
2016-08-26T21:57:20 503 10.73  141.6 1519.0   8.19    0.0    0.0  0.00 208.00 210.00 
2016-08-26T21:57:32 508 10.74  117.6 1262.5   8.42    0.0    0.0  0.00 198.00 0.00 
2016-08-26T21:57:43 512 10.73  140.4 1506.2   8.19    0.0    0.0  0.00 208.00 210.00 
2016-08-26T21:57:54 517 10.74  116.4 1249.6   8.42    0.0    0.0  0.00 198.00 0.00 
2016-08-26T21:58:06 522 10.73  138.4 1484.7   8.64    0.0    0.0  0.00 203.00 0.00 
2016-08-26T21:58:17 526 10.74  117.2 1258.2   8.42    0.0    0.0  0.00 198.00 0.00 
2016-08-26T21:58:28 531 10.74  115.6 1241.0   8.65    0.0    0.0  0.00 203.00 0.00 
2016-08-26T21:58:40 536 10.74  118.0 1266.8   8.20    0.0    0.0  0.00 208.00 210.00 
2016-08-26T21:58:51 540 10.73  139.6 1497.6   8.64    0.0    0.0  0.00 203.00 0.00 
2016-08-26T21:59:02 545 10.74  118.0 1266.8   8.20    0.0    0.0  0.00 208.00 210.00 
2016-08-26T21:59:14 550 10.73  134.4 1441.8   8.42    0.0    0.0  0.00 198.00 0.00 
2016-08-26T21:59:26 554 10.74  116.4 1249.6   8.20    0.0    0.0  0.00 208.00 210.00 
2016-08-26T21:59:37 559 10.74  116.0 1245.3   8.42    0.0    0.0  0.00 198.00 0.00 
2016-08-26T21:59:49 564 10.74  114.8 1232.4   8.65    0.0    0.0  0.00 203.00 0.00 
2016-08-26T22:00:00 568 10.74  117.2 1258.2   8.42    0.0    0.0  0.00 198.00 0.00 
2016-08-26T22:00:11 573 10.74  115.2 1236.7   8.65    0.0    0.0  0.00 203.00 0.00 
2016-08-26T22:00:23 578 10.74  117.2 1258.2   8.20    0.0    0.0  0.00 208.00 210.00 
2016-08-26T22:00:34 582 10.74  116.8 1253.9   8.65    0.0    0.0  0.00 203.00 0.00 
2016-08-26T22:00:45 587 10.74  118.4 1271.1   8.20    0.0    0.0  0.00 208.00 210.00 
2016-08-26T22:00:57 592 10.73  140.8 1510.5   8.42    0.0    0.0  0.00 198.00 0.00 
2016-08-26T22:01:08 596 10.74  118.8 1275.4   8.20    0.0    0.0  0.00 208.00 210.00 
2016-08-26T22:01:19 601 10.73  140.4 1506.2   8.42    0.0    0.0  0.00 198.00 0.00 
2016-08-26T22:01:31 606 10.74  116.8 1253.9   8.65    0.0    0.0  0.00 203.00 0.00 
2016-08-26T22:01:42 610 10.74  120.8 1296.9   8.42    0.0    0.0  0.00 198.00 0.00 
2016-08-26T22:01:54 615 10.74  115.6 1241.0   8.65    0.0    0.0  0.00 203.00 0.00 
2016-08-26T22:02:06 620 10.74  117.2 1258.2   8.20    0.0    0.0  0.00 208.00 210.00 
2016-08-26T22:02:17 624 10.74  116.8 1253.9   8.65    0.0    0.0  0.00 203.00 0.00 
2016-08-26T22:02:28 629 10.74  117.6 1262.5   8.20    0.0    0.0  0.00 208.00 210.00 
2016-08-26T22:02:40 634 10.74  117.2 1258.2   8.42    0.0    0.0  0.00 198.00 0.00 
2016-08-26T22:02:51 638 10.74  118.4 1271.1   8.20    0.0    0.0  0.00 208.00 210.00 
2016-08-26T22:03:02 643 10.74  117.2 1258.2   8.42    0.0    0.0  0.00 198.00 0.00 
2016-08-26T22:03:14 648 10.74  117.2 1258.2   8.65    0.0    0.0  0.00 203.00 0.00 
2016-08-26T22:03:25 652 10.74  116.8 1253.9   8.42    0.0    0.0  0.00 198.00 0.00 
2016-08-26T22:03:36 657 10.74  116.4 1249.6   8.65    0.0    0.0  0.00 203.00 0.00 
2016-08-26T22:03:48 662 10.74  118.0 1266.8   8.20    0.0    0.0  0.00 208.00 210.00 
2016-08-26T22:03:59 666 10.74  114.8 1232.4   8.65    0.0    0.0  0.00 203.00 0.00 
2016-08-26T22:04:11 671 10.74  117.2 1258.2   8.20    0.0    0.0  0.00 208.00 210.00 
2016-08-26T22:04:23 676 10.73  146.0 1566.2   8.42    0.0    0.0  0.00 198.00 0.00 
2016-08-26T22:04:34 680 10.74  118.4 1271.1   8.20    0.0    0.0  0.00 208.00 210.00 
2016-08-26T22:04:45 685 10.74  118.0 1266.8   8.42    0.0    0.0  0.00 198.00 0.00 
2016-08-26T22:04:57 690 10.74  115.2 1236.7   8.65    0.0    0.0  0.00 203.00 0.00 
2016-08-26T22:05:08 694 10.74  117.6 1262.5   8.42    0.0    0.0  0.00 198.00 0.00 
2016-08-26T22:05:19 699 10.73  138.8 1489.0   8.64    0.0    0.0  0.00 203.00 0.00 
2016-08-26T22:05:31 704 10.73  142.0 1523.3   8.19    0.0    0.0  0.00 208.00 210.00 
2016-08-26T22:05:42 708 10.74  114.8 1232.4   8.65    0.0    0.0  0.00 203.00 0.00 
2016-08-26T22:05:53 713 10.74  117.6 1262.5   8.20    0.0    0.0  0.00 208.00 210.00 
2016-08-26T22:06:05 718 10.74  120.0 1288.3   8.42    0.0    0.0  0.00 198.00 0.00 
2016-08-26T22:06:16 722 10.74  118.0 1266.8   8.20    0.0    0.0  0.00 208.00 210.00 
2016-08-26T22:06:27 727 10.74  121.2 1301.2   8.42    0.0    0.0  0.00 198.00 0.00 
2016-08-26T22:06:39 732 10.72  153.6 1646.5   8.63    0.0    0.0  0.00 203.00 0.00 
2016-08-26T22:06:51 736 10.74  120.8 1296.9   8.42    0.0    0.0  0.00 198.00 0.00 
2016-08-26T22:07:02 741 10.74  123.2 1322.6   8.65    0.0    0.0  0.00 203.00 0.00 
2016-08-26T22:07:14 746 10.74  118.0 1266.8   8.20    0.0    0.0  0.00 208.00 210.00 
2016-08-26T22:07:25 750 10.74  115.6 1241.0   8.65    0.0    0.0  0.00 203.00 0.00 
2016-08-26T22:07:36 755 10.74  116.8 1253.9   8.20    0.0    0.0  0.00 208.00 210.00 
2016-08-26T22:07:48 760 10.73  139.6 1497.6   8.42    0.0    0.0  0.00 198.00 0.00 
2016-08-26T22:07:59 764 10.74  118.0 1266.8   8.20    0.0    0.0  0.00 208.00 210.00 
2016-08-26T22:08:10 769 10.73  139.6 1497.6   8.42    0.0    0.0  0.00 198.00 0.00 
2016-08-26T22:08:22 774 10.74  116.0 1245.3   8.65    0.0    0.0  0.00 203.00 0.00 
2016-08-26T22:08:33 778 10.74  117.6 1262.5   8.42    0.0    0.0  0.00 198.00 0.00 
2016-08-26T22:08:44 783 10.74  118.0 1266.8   8.65    0.0    0.0  0.00 203.00 0.00 
2016-08-26T22:08:56 788 10.73  142.0 1523.3   8.19    0.0    0.0  0.00 208.00 210.00 
2016-08-26T22:09:07 792 10.74  117.6 1262.5   8.65    0.0    0.0  0.00 203.00 0.00 
2016-08-26T22:09:19 797 10.73  141.6 1519.0   8.19    0.0    0.0  0.00 208.00 210.00 
2016-08-26T22:09:31 802 10.74  116.8 1253.9   8.42    0.0    0.0  0.00 198.00 0.00 
2016-08-26T22:09:42 806 10.74  117.2 1258.2   8.20    0.0    0.0  0.00 208.00 210.00 
2016-08-26T22:09:53 811 10.74  116.4 1249.6   8.42    0.0    0.0  0.00 198.00 0.00 
2016-08-26T22:10:05 816 10.74  116.0 1245.3   8.65    0.0    0.0  0.00 203.00 0.00 
2016-08-26T22:10:16 820 10.74  118.0 1266.8   8.42    0.0    0.0  0.00 198.00 0.00 
2016-08-26T22:10:27 825 10.74  116.0 1245.3   8.65    0.0    0.0  0.00 203.00 0.00 
2016-08-26T22:10:39 830 10.73  132.0 1416.1   8.20    0.0    0.0  0.00 208.00 210.00 
2016-08-26T22:10:50 834 10.74  116.0 1245.3   8.65    0.0    0.0  0.00 203.00 0.00 
2016-08-26T22:11:01 839 10.74  118.0 1266.8   8.20    0.0    0.0  0.00 208.00 210.00 
2016-08-26T22:11:13 844 10.74  119.6 1284.0   8.42    0.0    0.0  0.00 198.00 0.00 
2016-08-26T22:11:24 848 10.74  116.8 1253.9   8.20    0.0    0.0  0.00 208.00 210.00 
2016-08-26T22:11:35 853 10.74  118.0 1266.8   8.42    0.0    0.0  0.00 198.00 0.00 
2016-08-26T22:11:48 858 10.74  115.2 1236.7   8.65    0.0    0.0  0.00 203.00 0.00 
2016-08-26T22:11:59 862 10.74  119.6 1284.0   8.42    0.0    0.0  0.00 198.00 0.00 
2016-08-26T22:12:10 867 10.73  138.4 1484.7   8.64    0.0    0.0  0.00 203.00 0.00 
2016-08-26T22:12:22 872 10.74  117.6 1262.5   8.20    0.0    0.0  0.00 208.00 210.00 
2016-08-26T22:12:33 876 10.74  116.4 1249.6   8.65    0.0    0.0  0.00 203.00 0.00 
2016-08-26T22:12:44 881 10.74  118.8 1275.4   8.20    0.0    0.0  0.00 208.00 210.00 
2016-08-26T22:12:56 886 10.74  118.4 1271.1   8.42    0.0    0.0  0.00 198.00 0.00 
2016-08-26T22:13:07 890 10.74  118.4 1271.1   8.20    0.0    0.0  0.00 208.00 210.00 
2016-08-26T22:13:18 895 10.73  140.0 1501.9   8.42    0.0    0.0  0.00 198.00 0.00 
2016-08-26T22:13:30 900 10.74  114.4 1228.2   8.65    0.0    0.0  0.00 203.00 0.00 
2016-08-26T22:13:41 904 10.74  115.6 1241.0   8.42    0.0    0.0  0.00 198.00 0.00 
2016-08-26T22:13:52 909 10.74  114.8 1232.4   8.65    0.0    0.0  0.00 203.00 0.00 
2016-08-26T22:14:04 914 10.73  131.2 1407.5   8.20    0.0    0.0  0.00 208.00 210.00 
2016-08-26T22:14:16 918 10.74  117.2 1258.2   8.65    0.0    0.0  0.00 203.00 0.00 
2016-08-26T22:14:27 923 10.74  119.2 1279.7   8.20    0.0    0.0  0.00 208.00 210.00 
2016-08-26T22:14:39 928 10.73  131.2 1407.5   8.42    0.0    0.0  0.00 198.00 0.00 
2016-08-26T22:14:50 932 10.74  119.2 1279.7   8.20    0.0    0.0  0.00 208.00 210.00 
2016-08-26T22:15:01 937 10.73  136.8 1467.5   8.42    0.0    0.0  0.00 198.00 0.00 
2016-08-26T22:15:13 942 10.74  116.8 1253.9   8.65    0.0    0.0  0.00 203.00 0.00 
2016-08-26T22:15:24 946 10.74  116.4 1249.6   8.42    0.0    0.0  0.00 198.00 0.00 
2016-08-26T22:15:35 951 10.73  138.0 1480.4   8.64    0.0    0.0  0.00 203.00 0.00 
2016-08-26T22:15:47 956 10.74  120.4 1292.6   8.20    0.0    0.0  0.00 208.00 210.00 
2016-08-26T22:15:58 960 10.74  114.4 1228.2   8.65    0.0    0.0  0.00 203.00 0.00 
2016-08-26T22:16:09 965 10.73  141.2 1514.7   8.19    0.0    0.0  0.00 208.00 210.00 
2016-08-26T22:16:21 970 10.74  119.2 1279.7   8.42    0.0    0.0  0.00 198.00 0.00 
2016-08-26T22:16:32 974 10.73  142.4 1527.6   8.19    0.0    0.0  0.00 208.00 210.00 
2016-08-26T22:16:44 979 10.73  140.8 1510.5   8.42    0.0    0.0  0.00 198.00 0.00 
2016-08-26T22:16:56 984 10.74  116.0 1245.3   8.65    0.0    0.0  0.00 203.00 0.00 
2016-08-26T22:17:07 988 10.74  124.4 1335.5   8.42    0.0    0.0  0.00 198.00 0.00 
2016-08-26T22:17:18 993 10.73  138.8 1489.0   8.64    0.0    0.0  0.00 203.00 0.00 
2016-08-26T22:17:30 998 10.74  116.8 1253.9   8.20    0.0    0.0  0.00 208.00 210.00 
2016-08-26T22:17:41 1002 10.74  115.2 1236.7   8.65    0.0    0.0  0.00 203.00 0.00 
2016-08-26T22:17:52 1007 10.73  140.4 1506.2   8.19    0.0    0.0  0.00 208.00 210.00 
2016-08-26T22:18:04 1012 10.74  116.8 1253.9   8.42    0.0    0.0  0.00 198.00 0.00 
2016-08-26T22:18:15 1016 10.74  118.8 1275.4   8.20    0.0    0.0  0.00 208.00 210.00 
2016-08-26T22:18:26 1021 10.73  140.8 1510.5   8.42    0.0    0.0  0.00 198.00 0.00 
2016-08-26T22:18:38 1026 10.73  139.2 1493.3   8.64    0.0    0.0  0.00 203.00 0.00 
2016-08-26T22:18:49 1030 10.74  118.4 1271.1   8.42    0.0    0.0  0.00 198.00 0.00 
2016-08-26T22:19:00 1035 10.72  153.2 1642.3   8.63    0.0    0.0  0.00 203.00 0.00 
2016-08-26T22:19:13 1040 10.74  118.4 1271.1   8.20    0.0    0.0  0.00 208.00 210.00 
2016-08-26T22:19:24 1044 10.73  138.0 1480.4   8.64    0.0    0.0  0.00 203.00 0.00 
2016-08-26T22:19:35 1049 10.73  140.0 1501.9   8.19    0.0    0.0  0.00 208.00 210.00 
2016-08-26T22:19:47 1054 10.74  117.2 1258.2   8.42    0.0    0.0  0.00 198.00 0.00 
2016-08-26T22:19:58 1058 10.74  118.0 1266.8   8.20    0.0    0.0  0.00 208.00 210.00 
2016-08-26T22:20:09 1063 10.73  140.0 1501.9   8.42    0.0    0.0  0.00 198.00 0.00 
2016-08-26T22:20:21 1068 10.74  114.8 1232.4   8.65    0.0    0.0  0.00 203.00 0.00 
2016-08-26T22:20:32 1072 10.73  139.6 1497.6   8.42    0.0    0.0  0.00 198.00 0.00 
2016-08-26T22:20:43 1077 10.73  139.6 1497.6   8.64    0.0    0.0  0.00 203.00 0.00 
2016-08-26T22:20:55 1082 10.74  124.8 1339.8   8.20    0.0    0.0  0.00 208.00 210.00 
2016-08-26T22:21:06 1086 10.73  138.4 1484.7   8.64    0.0    0.0  0.00 203.00 0.00 
2016-08-26T22:21:17 1091 10.73  140.8 1510.5   8.19    0.0    0.0  0.00 208.00 210.00 
2016-08-26T22:21:29 1096 10.74  116.8 1253.9   8.42    0.0    0.0  0.00 198.00 0.00 
2016-08-26T22:21:41 1100 10.74  125.6 1348.4   8.20    0.0    0.0  0.00 208.00 210.00 
2016-08-26T22:21:52 1105 10.73  139.2 1493.3   8.42    0.0    0.0  0.00 198.00 0.00 
2016-08-26T22:22:04 1110 10.73  129.2 1386.0   8.64    0.0    0.0  0.00 203.00 0.00 
2016-08-26T22:22:15 1114 10.74  118.4 1271.1   8.42    0.0    0.0  0.00 198.00 0.00 
2016-08-26T22:22:26 1119 10.73  139.6 1497.6   8.64    0.0    0.0  0.00 203.00 0.00 
2016-08-26T22:22:38 1124 10.74  118.4 1271.1   8.20    0.0    0.0  0.00 208.00 210.00 
2016-08-26T22:22:49 1128 10.73  139.6 1497.6   8.64    0.0    0.0  0.00 203.00 0.00 
2016-08-26T22:23:00 1133 10.73  142.0 1523.3   8.19    0.0    0.0  0.00 208.00 210.00 
2016-08-26T22:23:12 1138 10.74  117.2 1258.2   8.42    0.0    0.0  0.00 198.00 0.00 
2016-08-26T22:23:23 1142 10.73  140.4 1506.2   8.19    0.0    0.0  0.00 208.00 210.00 
2016-08-26T22:23:34 1147 10.73  139.2 1493.3   8.42    0.0    0.0  0.00 198.00 0.00 
2016-08-26T22:23:46 1152 10.74  116.0 1245.3   8.65    0.0    0.0  0.00 203.00 0.00 
2016-08-26T22:23:57 1156 10.74  116.8 1253.9   8.42    0.0    0.0  0.00 198.00 0.00 
2016-08-26T22:24:09 1161 10.73  138.8 1489.0   8.64    0.0    0.0  0.00 203.00 0.00 
2016-08-26T22:24:21 1166 10.74  118.4 1271.1   8.20    0.0    0.0  0.00 208.00 210.00 
2016-08-26T22:24:32 1170 10.74  116.4 1249.6   8.65    0.0    0.0  0.00 203.00 0.00 
2016-08-26T22:24:43 1175 10.73  137.6 1476.1   8.19    0.0    0.0  0.00 208.00 210.00 
2016-08-26T22:24:55 1180 10.74  118.8 1275.4   8.42    0.0    0.0  0.00 198.00 0.00 
2016-08-26T22:25:06 1184 10.73  136.4 1463.3   8.19    0.0    0.0  0.00 208.00 210.00 
2016-08-26T22:25:17 1189 10.74  117.6 1262.5   8.42    0.0    0.0  0.00 198.00 0.00 
2016-08-26T22:25:29 1194 10.74  114.8 1232.4   8.65    0.0    0.0  0.00 203.00 0.00 
2016-08-26T22:25:40 1198 10.74  118.4 1271.1   8.42    0.0    0.0  0.00 198.00 0.00 
2016-08-26T22:25:51 1203 10.74  115.2 1236.7   8.65    0.0    0.0  0.00 203.00 0.00 
2016-08-26T22:26:03 1208 10.74  120.8 1296.9   8.20    0.0    0.0  0.00 208.00 210.00 
2016-08-26T22:26:14 1212 10.74  116.4 1249.6   8.65    0.0    0.0  0.00 203.00 0.00 
2016-08-26T22:26:25 1217 10.74  122.8 1318.3   8.20    0.0    0.0  0.00 208.00 210.00 
2016-08-26T22:26:38 1222 10.74  118.4 1271.1   8.42    0.0    0.0  0.00 198.00 0.00 
2016-08-26T22:26:49 1226 10.74  123.6 1326.9   8.20    0.0    0.0  0.00 208.00 210.00 
2016-08-26T22:27:00 1231 10.73  140.8 1510.5   8.42    0.0    0.0  0.00 198.00 0.00 
2016-08-26T22:27:12 1236 10.74  117.2 1258.2   8.65    0.0    0.0  0.00 203.00 0.00 
2016-08-26T22:27:23 1240 10.73  139.6 1497.6   8.42    0.0    0.0  0.00 198.00 0.00 
2016-08-26T22:27:34 1245 10.74  115.2 1236.7   8.65    0.0    0.0  0.00 203.00 0.00 
2016-08-26T22:27:46 1250 10.74  117.2 1258.2   8.20    0.0    0.0  0.00 208.00 210.00 
2016-08-26T22:27:57 1254 10.74  116.0 1245.3   8.65    0.0    0.0  0.00 203.00 0.00 
2016-08-26T22:28:08 1259 10.74  118.8 1275.4   8.20    0.0    0.0  0.00 208.00 210.00 
2016-08-26T22:28:20 1264 10.74  117.2 1258.2   8.42    0.0    0.0  0.00 198.00 0.00 
2016-08-26T22:28:31 1268 10.74  118.8 1275.4   8.20    0.0    0.0  0.00 208.00 210.00 
2016-08-26T22:28:42 1273 10.74  117.2 1258.2   8.42    0.0    0.0  0.00 198.00 0.00 
2016-08-26T22:28:54 1278 10.74  115.6 1241.0   8.65    0.0    0.0  0.00 203.00 0.00 
2016-08-26T22:29:06 1282 10.73  139.6 1497.6   8.42    0.0    0.0  0.00 198.00 0.00 
2016-08-26T22:29:17 1287 10.74  114.8 1232.4   8.65    0.0    0.0  0.00 203.00 0.00 
2016-08-26T22:29:29 1292 10.73  128.8 1381.7   8.20    0.0    0.0  0.00 208.00 210.00 
2016-08-26T22:29:40 1296 10.74  115.2 1236.7   8.65    0.0    0.0  0.00 203.00 0.00 
2016-08-26T22:29:51 1301 10.74  118.0 1266.8   8.20    0.0    0.0  0.00 208.00 210.00 
2016-08-26T22:30:03 1306 10.73  129.2 1386.0   8.42    0.0    0.0  0.00 198.00 0.00 
2016-08-26T22:30:14 1310 10.74  119.2 1279.7   8.20    0.0    0.0  0.00 208.00 210.00 
2016-08-26T22:30:25 1315 10.74  117.6 1262.5   8.42    0.0    0.0  0.00 198.00 0.00 
2016-08-26T22:30:37 1320 10.74  122.0 1309.7   8.65    0.0    0.0  0.00 203.00 0.00 
2016-08-26T22:30:48 1324 10.74  117.6 1262.5   8.42    0.0    0.0  0.00 198.00 0.00 
2016-08-26T22:30:59 1329 10.74  118.4 1271.1   8.65    0.0    0.0  0.00 203.00 0.00 
2016-08-26T22:31:11 1334 10.74  121.2 1301.2   8.20    0.0    0.0  0.00 208.00 210.00 
2016-08-26T22:31:22 1338 10.74  114.4 1228.2   8.65    0.0    0.0  0.00 203.00 0.00 
2016-08-26T22:31:34 1343 10.74  120.8 1296.9   8.20    0.0    0.0  0.00 208.00 210.00 
2016-08-26T22:31:46 1348 10.74  116.8 1253.9   8.42    0.0    0.0  0.00 198.00 0.00 
2016-08-26T22:31:57 1352 10.74  120.8 1296.9   8.20    0.0    0.0  0.00 208.00 210.00 
2016-08-26T22:32:08 1357 10.73  140.4 1506.2   8.42    0.0    0.0  0.00 198.00 0.00 
2016-08-26T22:32:20 1362 10.74  117.6 1262.5   8.65    0.0    0.0  0.00 203.00 0.00 
2016-08-26T22:32:31 1366 10.74  118.4 1271.1   8.42    0.0    0.0  0.00 198.00 0.00 
2016-08-26T22:32:42 1371 10.74  116.0 1245.3   8.65    0.0    0.0  0.00 203.00 0.00 
2016-08-26T22:32:54 1376 10.74  117.6 1262.5   8.20    0.0    0.0  0.00 208.00 210.00 
2016-08-26T22:33:05 1380 10.74  114.4 1228.2   8.65    0.0    0.0  0.00 203.00 0.00 
2016-08-26T22:33:16 1385 10.74  116.8 1253.9   8.20    0.0    0.0  0.00 208.00 210.00 
2016-08-26T22:33:28 1390 10.74  116.8 1253.9   8.42    0.0    0.0  0.00 198.00 0.00 
2016-08-26T22:33:39 1394 10.74  116.8 1253.9   8.20    0.0    0.0  0.00 208.00 210.00 
2016-08-26T22:33:50 1399 10.74  116.8 1253.9   8.42    0.0    0.0  0.00 198.00 0.00 
2016-08-26T22:34:03 1404 10.74  114.8 1232.4   8.65    0.0    0.0  0.00 203.00 0.00 
2016-08-26T22:34:14 1408 10.74  118.0 1266.8   8.42    0.0    0.0  0.00 198.00 0.00 
2016-08-26T22:34:25 1413 10.74  116.4 1249.6   8.65    0.0    0.0  0.00 203.00 0.00 
2016-08-26T22:34:37 1418 10.74  119.2 1279.7   8.20    0.0    0.0  0.00 208.00 210.00 
2016-08-26T22:34:48 1422 10.74  116.0 1245.3   8.65    0.0    0.0  0.00 203.00 0.00 
2016-08-26T22:34:59 1427 10.74  117.2 1258.2   8.20    0.0    0.0  0.00 208.00 210.00 
2016-08-26T22:35:11 1432 10.74  116.8 1253.9   8.42    0.0    0.0  0.00 198.00 0.00 
2016-08-26T22:35:22 1436 10.73  136.0 1459.0   8.19    0.0    0.0  0.00 208.00 210.00 
2016-08-26T22:35:33 1441 10.74  116.8 1253.9   8.42    0.0    0.0  0.00 198.00 0.00 
2016-08-26T22:35:45 1446 10.73  126.8 1360.3   8.64    0.0    0.0  0.00 203.00 0.00 
2016-08-26T22:35:56 1450 10.74  117.2 1258.2   8.42    0.0    0.0  0.00 198.00 0.00 
2016-08-26T22:36:07 1455 10.73  126.0 1351.7   8.65    0.0    0.0  0.00 203.00 0.00 
2016-08-26T22:36:19 1460 10.74  120.4 1292.6   8.20    0.0    0.0  0.00 208.00 210.00 
2016-08-26T22:36:31 1464 10.74  122.8 1318.3   8.65    0.0    0.0  0.00 203.00 0.00 
2016-08-26T22:36:42 1469 10.74  120.8 1296.9   8.20    0.0    0.0  0.00 208.00 210.00 
2016-08-26T22:36:54 1474 10.74  116.8 1253.9   8.42    0.0    0.0  0.00 198.00 0.00 
2016-08-26T22:37:05 1478 10.74  118.4 1271.1   8.20    0.0    0.0  0.00 208.00 210.00 
2016-08-26T22:37:16 1483 10.74  115.2 1236.7   8.42    0.0    0.0  0.00 198.00 0.00 
2016-08-26T22:37:28 1488 10.74  115.6 1241.0   8.65    0.0    0.0  0.00 203.00 0.00 
2016-08-26T22:37:39 1492 10.74  116.0 1245.3   8.42    0.0    0.0  0.00 198.00 0.00 
2016-08-26T22:37:50 1497 10.74  116.0 1245.3   8.65    0.0    0.0  0.00 203.00 0.00 
2016-08-26T22:38:02 1502 10.74  118.0 1266.8   8.20    0.0    0.0  0.00 208.00 210.00 
2016-08-26T22:38:13 1506 10.74  117.2 1258.2   8.65    0.0    0.0  0.00 203.00 0.00 
2016-08-26T22:38:24 1511 10.74  118.8 1275.4   8.20    0.0    0.0  0.00 208.00 210.00 
2016-08-26T22:38:36 1516 10.74  117.2 1258.2   8.42    0.0    0.0  0.00 198.00 0.00 
2016-08-26T22:38:47 1520 10.73  140.8 1510.5   8.19    0.0    0.0  0.00 208.00 210.00 
2016-08-26T22:38:59 1525 10.74  116.8 1253.9   8.42    0.0    0.0  0.00 198.00 0.00 
2016-08-26T22:39:11 1530 10.74  116.4 1249.6   8.65    0.0    0.0  0.00 203.00 0.00 
2016-08-26T22:39:22 1534 10.73  138.8 1489.0   8.42    0.0    0.0  0.00 198.00 0.00 
2016-08-26T22:39:33 1539 10.74  115.6 1241.0   8.65    0.0    0.0  0.00 203.00 0.00 
2016-08-26T22:39:45 1544 10.74  116.8 1253.9   8.20    0.0    0.0  0.00 208.00 210.00 
2016-08-26T22:39:56 1548 10.74  116.0 1245.3   8.65    0.0    0.0  0.00 203.00 0.00 
2016-08-26T22:40:07 1553 10.74  118.0 1266.8   8.20    0.0    0.0  0.00 208.00 210.00 
2016-08-26T22:40:19 1558 10.72  154.4 1655.1   8.41    0.0    0.0  0.00 198.00 0.00 
2016-08-26T22:40:30 1562 10.74  118.0 1266.8   8.20    0.0    0.0  0.00 208.00 210.00 
2016-08-26T22:40:41 1567 10.74  118.0 1266.8   8.42    0.0    0.0  0.00 198.00 0.00 
2016-08-26T22:40:53 1572 10.74  124.8 1339.8   8.64    0.0    0.0  0.00 203.00 0.00 
2016-08-26T22:41:04 1576 10.74  116.4 1249.6   8.42    0.0    0.0  0.00 198.00 0.00 
2016-08-26T22:41:15 1581 10.74  118.4 1271.1   8.65    0.0    0.0  0.00 203.00 0.00 
2016-08-26T22:41:28 1586 10.74  118.4 1271.1   8.20    0.0    0.0  0.00 208.00 210.00 
2016-08-26T22:41:39 1590 10.74  118.4 1271.1   8.65    0.0    0.0  0.00 203.00 0.00 
2016-08-26T22:41:50 1595 10.74  118.0 1266.8   8.20    0.0    0.0  0.00 208.00 210.00 
2016-08-26T22:42:02 1600 10.74  116.0 1245.3   8.42    0.0    0.0  0.00 198.00 0.00 
2016-08-26T22:42:13 1604 10.74  118.8 1275.4   8.20    0.0    0.0  0.00 208.00 210.00 
2016-08-26T22:42:24 1609 10.74  117.2 1258.2   8.42    0.0    0.0  0.00 198.00 0.00 
2016-08-26T22:42:36 1614 10.74  116.0 1245.3   8.65    0.0    0.0  0.00 203.00 0.00 
2016-08-26T22:42:47 1618 10.74  116.8 1253.9   8.42    0.0    0.0  0.00 198.00 0.00 
2016-08-26T22:42:58 1623 10.74  115.6 1241.0   8.65    0.0    0.0  0.00 203.00 0.00 
2016-08-26T22:43:10 1628 10.74  117.6 1262.5   8.20    0.0    0.0  0.00 208.00 210.00 
2016-08-26T22:43:21 1632 10.74  116.0 1245.3   8.65    0.0    0.0  0.00 203.00 0.00 
2016-08-26T22:43:32 1637 10.74  117.6 1262.5   8.20    0.0    0.0  0.00 208.00 210.00 
2016-08-26T22:43:44 1642 10.74  117.2 1258.2   8.42    0.0    0.0  0.00 198.00 0.00 
2016-08-26T22:43:56 1646 10.74  118.4 1271.1   8.20    0.0    0.0  0.00 208.00 210.00 
2016-08-26T22:44:07 1651 10.74  118.4 1271.1   8.42    0.0    0.0  0.00 198.00 0.00 
2016-08-26T22:44:19 1656 10.74  115.6 1241.0   8.65    0.0    0.0  0.00 203.00 0.00 
2016-08-26T22:44:30 1660 10.74  116.8 1253.9   8.42    0.0    0.0  0.00 198.00 0.00 
2016-08-26T22:44:41 1665 10.73  129.6 1390.3   8.64    0.0    0.0  0.00 203.00 0.00 
2016-08-26T22:44:53 1670 10.74  118.4 1271.1   8.20    0.0    0.0  0.00 208.00 210.00 
2016-08-26T22:45:04 1674 10.73  130.0 1394.6   8.64    0.0    0.0  0.00 203.00 0.00 
2016-08-26T22:45:15 1679 10.74  117.6 1262.5   8.20    0.0    0.0  0.00 208.00 210.00 
2016-08-26T22:45:27 1684 10.74  116.4 1249.6   8.42    0.0    0.0  0.00 198.00 0.00 
2016-08-26T22:45:38 1688 10.73  139.6 1497.6   8.19    0.0    0.0  0.00 208.00 210.00 
2016-08-26T22:45:49 1693 10.74  116.4 1249.6   8.42    0.0    0.0  0.00 198.00 0.00 
2016-08-26T22:46:01 1698 10.74  118.0 1266.8   8.65    0.0    0.0  0.00 203.00 0.00 
2016-08-26T22:46:12 1702 10.72  141.6 1517.9   8.42    0.0    0.0  0.00 198.00 0.00 
2016-08-26T22:46:24 1707 10.74  119.2 1279.7   8.65    0.0    0.0  0.00 203.00 0.00 
2016-08-26T22:46:36 1712 10.74  119.2 1279.7   8.20    0.0    0.0  0.00 208.00 210.00 
2016-08-26T22:46:47 1716 10.73  139.2 1493.3   8.64    0.0    0.0  0.00 203.00 0.00 
2016-08-26T22:46:58 1721 10.74  118.0 1266.8   8.20    0.0    0.0  0.00 208.00 210.00 
2016-08-26T22:47:10 1726 10.74  116.4 1249.6   8.42    0.0    0.0  0.00 198.00 0.00 
2016-08-26T22:47:21 1730 10.73  140.4 1506.2   8.19    0.0    0.0  0.00 208.00 210.00 
2016-08-26T22:47:32 1735 10.74  116.4 1249.6   8.42    0.0    0.0  0.00 198.00 0.00 
2016-08-26T22:47:44 1740 10.73  138.0 1480.4   8.64    0.0    0.0  0.00 203.00 0.00 
2016-08-26T22:47:55 1744 10.73  140.8 1510.5   8.42    0.0    0.0  0.00 198.00 0.00 
2016-08-26T22:48:06 1749 10.74  117.6 1262.5   8.65    0.0    0.0  0.00 203.00 0.00 
2016-08-26T22:48:18 1754 10.74  118.0 1266.8   8.20    0.0    0.0  0.00 208.00 210.00 
2016-08-26T22:48:29 1758 10.73  139.6 1497.6   8.64    0.0    0.0  0.00 203.00 0.00 
2016-08-26T22:48:41 1763 10.74  118.4 1271.1   8.20    0.0    0.0  0.00 208.00 210.00 
2016-08-26T22:48:53 1768 10.74  117.2 1258.2   8.42    0.0    0.0  0.00 198.00 0.00 
2016-08-26T22:49:04 1772 10.73  140.0 1501.9   8.19    0.0    0.0  0.00 208.00 210.00 
2016-08-26T22:49:15 1777 10.74  116.4 1249.6   8.42    0.0    0.0  0.00 198.00 0.00 
2016-08-26T22:49:27 1782 10.74  114.4 1228.2   8.65    0.0    0.0  0.00 203.00 0.00 
2016-08-26T22:49:38 1786 10.73  139.6 1497.6   8.42    0.0    0.0  0.00 198.00 0.00 
2016-08-26T22:49:49 1791 10.73  135.6 1454.7   8.64    0.0    0.0  0.00 203.00 0.00 
2016-08-26T22:50:01 1796 10.74  117.6 1262.5   8.20    0.0    0.0  0.00 208.00 210.00 
2016-08-26T22:50:12 1800 10.73  139.6 1497.6   8.64    0.0    0.0  0.00 203.00 0.00 
2016-08-26T22:50:23 1805 10.74  117.6 1262.5   8.20    0.0    0.0  0.00 208.00 210.00 
2016-08-26T22:50:35 1810 10.73  124.8 1338.8   8.42    0.0    0.0  0.00 198.00 0.00 
2016-08-26T22:50:46 1814 10.73  140.0 1501.9   8.19    0.0    0.0  0.00 208.00 210.00 
2016-08-26T22:50:57 1819 10.74  121.6 1305.5   8.42    0.0    0.0  0.00 198.00 0.00 
2016-08-26T22:51:09 1824 10.74  116.4 1249.6   8.65    0.0    0.0  0.00 203.00 0.00 
2016-08-26T22:51:21 1828 10.73  139.6 1497.6   8.42    0.0    0.0  0.00 198.00 0.00 
2016-08-26T22:51:32 1833 10.74  116.8 1253.9   8.65    0.0    0.0  0.00 203.00 0.00 
2016-08-26T22:51:44 1838 10.74  117.6 1262.5   8.20    0.0    0.0  0.00 208.00 210.00 
2016-08-26T22:51:55 1842 10.73  139.2 1493.3   8.64    0.0    0.0  0.00 203.00 0.00 
2016-08-26T22:52:06 1847 10.72  141.6 1517.9   8.19    0.0    0.0  0.00 208.00 210.00 
2016-08-26T22:52:18 1852 10.74  117.2 1258.2   8.42    0.0    0.0  0.00 198.00 0.00 
2016-08-26T22:52:29 1856 10.72  141.2 1513.6   8.19    0.0    0.0  0.00 208.00 210.00 
2016-08-26T22:52:40 1861 10.74  116.8 1253.9   8.42    0.0    0.0  0.00 198.00 0.00 
2016-08-26T22:52:52 1866 10.74  116.4 1249.6   8.65    0.0    0.0  0.00 203.00 0.00 
2016-08-26T22:53:03 1870 10.73  139.2 1493.3   8.42    0.0    0.0  0.00 198.00 0.00 
2016-08-26T22:53:14 1875 10.74  115.2 1236.7   8.65    0.0    0.0  0.00 203.00 0.00 
2016-08-26T22:53:26 1880 10.74  117.6 1262.5   8.20    0.0    0.0  0.00 208.00 210.00 
2016-08-26T22:53:38 1884 10.73  138.4 1484.7   8.64    0.0    0.0  0.00 203.00 0.00 
2016-08-26T22:53:49 1889 10.74  118.4 1271.1   8.20    0.0    0.0  0.00 208.00 210.00 
2016-08-26T22:54:01 1894 10.74  117.2 1258.2   8.42    0.0    0.0  0.00 198.00 0.00 
2016-08-26T22:54:12 1898 10.72  141.6 1517.9   8.19    0.0    0.0  0.00 208.00 210.00 
2016-08-26T22:54:23 1903 10.73  140.8 1510.5   8.42    0.0    0.0  0.00 198.00 0.00 
2016-08-26T22:54:35 1908 10.74  115.6 1241.0   8.65    0.0    0.0  0.00 203.00 0.00 
2016-08-26T22:54:46 1912 10.73  139.6 1497.6   8.42    0.0    0.0  0.00 198.00 0.00 
2016-08-26T22:54:57 1917 10.74  115.2 1236.7   8.65    0.0    0.0  0.00 203.00 0.00 
2016-08-26T22:55:09 1922 10.74  118.0 1266.8   8.20    0.0    0.0  0.00 208.00 210.00 
2016-08-26T22:55:20 1926 10.73  138.4 1484.7   8.64    0.0    0.0  0.00 203.00 0.00 
2016-08-26T22:55:31 1931 10.74  118.4 1271.1   8.20    0.0    0.0  0.00 208.00 210.00 
2016-08-26T22:55:43 1936 10.73  128.0 1373.1   8.42    0.0    0.0  0.00 198.00 0.00 
2016-08-26T22:55:54 1940 10.74  119.6 1284.0   8.20    0.0    0.0  0.00 208.00 210.00 
2016-08-26T22:56:05 1945 10.73  129.2 1386.0   8.42    0.0    0.0  0.00 198.00 0.00 
2016-08-26T22:56:18 1950 10.74  118.0 1266.8   8.65    0.0    0.0  0.00 203.00 0.00 
2016-08-26T22:56:29 1954 10.73  126.4 1356.0   8.42    0.0    0.0  0.00 198.00 0.00 
2016-08-26T22:56:40 1959 10.74  117.6 1262.5   8.65    0.0    0.0  0.00 203.00 0.00 
2016-08-26T22:56:52 1964 10.74  118.0 1266.8   8.20    0.0    0.0  0.00 208.00 210.00 
2016-08-26T22:57:03 1968 10.74  115.6 1241.0   8.65    0.0    0.0  0.00 203.00 0.00 
2016-08-26T22:57:14 1973 10.74  117.2 1258.2   8.20    0.0    0.0  0.00 208.00 210.00 
2016-08-26T22:57:26 1978 10.74  116.8 1253.9   8.42    0.0    0.0  0.00 198.00 0.00 
2016-08-26T22:57:37 1982 10.74  118.0 1266.8   8.20    0.0    0.0  0.00 208.00 210.00 
2016-08-26T22:57:48 1987 10.74  117.6 1262.5   8.42    0.0    0.0  0.00 198.00 0.00 
2016-08-26T22:58:00 1992 10.74  115.6 1241.0   8.65    0.0    0.0  0.00 203.00 0.00 
2016-08-26T22:58:11 1996 10.74  118.4 1271.1   8.42    0.0    0.0  0.00 198.00 0.00 
2016-08-26T22:58:22 2001 10.74  116.0 1245.3   8.65    0.0    0.0  0.00 203.00 0.00 
2016-08-26T22:58:35 2006 10.74  118.4 1271.1   8.20    0.0    0.0  0.00 208.00 210.00 
2016-08-26T22:58:46 2010 10.73  138.0 1480.4   8.64    0.0    0.0  0.00 203.00 0.00 
2016-08-26T22:58:57 2015 10.74  117.2 1258.2   8.20    0.0    0.0  0.00 208.00 210.00 
2016-08-26T22:59:09 2020 10.74  116.8 1253.9   8.42    0.0    0.0  0.00 198.00 0.00 
2016-08-26T22:59:20 2024 10.74  117.6 1262.5   8.20    0.0    0.0  0.00 208.00 210.00 
2016-08-26T22:59:31 2029 10.74  116.4 1249.6   8.42    0.0    0.0  0.00 198.00 0.00 
2016-08-26T22:59:43 2034 10.73  127.6 1368.8   8.64    0.0    0.0  0.00 203.00 0.00 
2016-08-26T22:59:54 2038 10.74  117.6 1262.5   8.42    0.0    0.0  0.00 198.00 0.00 
2016-08-26T23:00:05 2043 10.74  115.6 1241.0   8.65    0.0    0.0  0.00 203.00 0.00 
2016-08-26T23:00:17 2048 10.74  118.4 1271.1   8.20    0.0    0.0  0.00 208.00 210.00 
2016-08-26T23:00:28 2052 10.74  116.0 1245.3   8.65    0.0    0.0  0.00 203.00 0.00 
2016-08-26T23:00:39 2057 10.74  118.4 1271.1   8.20    0.0    0.0  0.00 208.00 210.00 
2016-08-26T23:00:51 2062 10.73  126.8 1360.3   8.42    0.0    0.0  0.00 198.00 0.00 
2016-08-26T23:01:02 2066 10.74  117.2 1258.2   8.20    0.0    0.0  0.00 208.00 210.00 
2016-08-26T23:01:14 2071 10.73  125.2 1343.1   8.42    0.0    0.0  0.00 198.00 0.00 
2016-08-26T23:01:26 2076 10.74  116.0 1245.3   8.65    0.0    0.0  0.00 203.00 0.00 
2016-08-26T23:01:37 2080 10.74  120.8 1296.9   8.42    0.0    0.0  0.00 198.00 0.00 
2016-08-26T23:01:48 2085 10.74  117.2 1258.2   8.65    0.0    0.0  0.00 203.00 0.00 
2016-08-26T23:02:00 2090 10.74  118.4 1271.1   8.20    0.0    0.0  0.00 208.00 210.00 
2016-08-26T23:02:11 2094 10.74  116.4 1249.6   8.65    0.0    0.0  0.00 203.00 0.00 
2016-08-26T23:02:22 2099 10.74  117.6 1262.5   8.20    0.0    0.0  0.00 208.00 210.00 
2016-08-26T23:02:34 2104 10.74  117.2 1258.2   8.42    0.0    0.0  0.00 198.00 0.00 
2016-08-26T23:02:45 2108 10.74  116.8 1253.9   8.20    0.0    0.0  0.00 208.00 210.00 
2016-08-26T23:02:56 2113 10.74  116.0 1245.3   8.42    0.0    0.0  0.00 198.00 0.00 
2016-08-26T23:03:08 2118 10.73  138.4 1484.7   8.64    0.0    0.0  0.00 203.00 0.00 
2016-08-26T23:03:19 2122 10.74  116.0 1245.3   8.42    0.0    0.0  0.00 198.00 0.00 
2016-08-26T23:03:30 2127 10.74  116.0 1245.3   8.65    0.0    0.0  0.00 203.00 0.00 
2016-08-26T23:03:43 2132 10.73  131.2 1407.5   8.19    0.0    0.0  0.00 208.00 210.00 
2016-08-26T23:03:54 2136 10.74  117.2 1258.2   8.65    0.0    0.0  0.00 203.00 0.00 
2016-08-26T23:04:05 2141 10.74  119.2 1279.7   8.20    0.0    0.0  0.00 208.00 210.00 
2016-08-26T23:04:17 2146 10.74  117.6 1262.5   8.42    0.0    0.0  0.00 198.00 0.00 
2016-08-26T23:04:28 2150 10.74  119.2 1279.7   8.20    0.0    0.0  0.00 208.00 210.00 
2016-08-26T23:04:39 2155 10.74  116.4 1249.6   8.42    0.0    0.0  0.00 198.00 0.00 
2016-08-26T23:04:51 2160 10.74  116.0 1245.3   8.65    0.0    0.0  0.00 203.00 0.00 
2016-08-26T23:05:02 2164 10.74  116.4 1249.6   8.42    0.0    0.0  0.00 198.00 0.00 
2016-08-26T23:05:13 2169 10.74  116.0 1245.3   8.65    0.0    0.0  0.00 203.00 0.00 
2016-08-26T23:05:25 2174 10.74  120.4 1292.6   8.20    0.0    0.0  0.00 208.00 210.00 
2016-08-26T23:05:36 2178 10.74  116.0 1245.3   8.65    0.0    0.0  0.00 203.00 0.00 
2016-08-26T23:05:47 2183 10.74  118.4 1271.1   8.20    0.0    0.0  0.00 208.00 210.00 
2016-08-26T23:05:59 2188 10.74  119.2 1279.7   8.42    0.0    0.0  0.00 198.00 0.00 
2016-08-26T23:06:11 2192 10.74  118.4 1271.1   8.20    0.0    0.0  0.00 208.00 210.00 
2016-08-26T23:06:22 2197 10.73  126.4 1356.0   8.42    0.0    0.0  0.00 198.00 0.00 
2016-08-26T23:06:34 2202 10.73  139.6 1497.6   8.64    0.0    0.0  0.00 203.00 0.00 
2016-08-26T23:06:45 2206 10.73  139.6 1497.6   8.42    0.0    0.0  0.00 198.00 0.00 
2016-08-26T23:06:56 2211 10.74  114.8 1232.4   8.65    0.0    0.0  0.00 203.00 0.00 
2016-08-26T23:07:08 2216 10.74  116.8 1253.9   8.20    0.0    0.0  0.00 208.00 210.00 
2016-08-26T23:07:19 2220 10.74  116.4 1249.6   8.65    0.0    0.0  0.00 203.00 0.00 
2016-08-26T23:07:30 2225 10.74  117.6 1262.5   8.20    0.0    0.0  0.00 208.00 210.00 
2016-08-26T23:07:42 2230 10.72  153.2 1642.3   8.41    0.0    0.0  0.00 198.00 0.00 
2016-08-26T23:07:53 2234 10.72  141.6 1517.9   8.19    0.0    0.0  0.00 208.00 210.00 
2016-08-26T23:08:04 2239 10.72  140.8 1509.3   8.42    0.0    0.0  0.00 198.00 0.00 
2016-08-26T23:08:16 2244 10.72  152.0 1629.4   8.63    0.0    0.0  0.00 203.00 0.00 
2016-08-26T23:08:27 2248 10.73  137.2 1471.8   8.42    0.0    0.0  0.00 198.00 0.00 
2016-08-26T23:08:39 2253 10.73  136.0 1459.0   8.64    0.0    0.0  0.00 203.00 0.00 
2016-08-26T23:08:51 2258 10.73  137.2 1471.8   8.19    0.0    0.0  0.00 208.00 210.00 
2016-08-26T23:09:02 2262 10.73  134.8 1446.1   8.64    0.0    0.0  0.00 203.00 0.00 
2016-08-26T23:09:13 2267 10.73  137.2 1471.8   8.19    0.0    0.0  0.00 208.00 210.00 
2016-08-26T23:09:25 2272 10.73  137.2 1471.8   8.42    0.0    0.0  0.00 198.00 0.00 
2016-08-26T23:09:36 2276 10.73  139.6 1497.6   8.19    0.0    0.0  0.00 208.00 210.00 
2016-08-26T23:09:47 2281 10.70  188.8 2020.9   8.39    0.0    0.0  0.00 204.00 210.00 
2016-08-26T23:09:58 2285 10.70  176.4 1888.1   8.51    0.0    0.0  0.00 199.00 0.00 
2016-08-26T23:10:09 2290 10.70  181.6 1943.8   8.62    0.0    0.0  0.00 204.00 0.00 
2016-08-26T23:10:21 2295 10.70  181.6 1943.8   8.29    0.0    0.0  0.00 209.00 210.00 
2016-08-26T23:10:32 2299 10.70  178.8 1913.8   8.62    0.0    0.0  0.00 204.00 0.00 
2016-08-26T23:10:43 2304 10.70  181.2 1939.5   8.29    0.0    0.0  0.00 209.00 210.00 
2016-08-26T23:10:55 2309 10.70  179.6 1922.4   8.51    0.0    0.0  0.00 199.00 0.00 
2016-08-26T23:11:06 2313 10.70  182.0 1948.1   8.29    0.0    0.0  0.00 209.00 210.00 
2016-08-26T23:11:18 2318 10.71  157.2 1683.9   8.52    0.0    0.0  0.00 199.00 0.00 
2016-08-26T23:11:30 2323 10.70  176.4 1888.1   8.62    0.0    0.0  0.00 204.00 0.00 
2016-08-26T23:11:41 2327 10.70  176.0 1883.9   8.51    0.0    0.0  0.00 199.00 0.00 
2016-08-26T23:11:52 2332 10.70  178.8 1913.8   8.62    0.0    0.0  0.00 204.00 0.00 
2016-08-26T23:12:04 2337 10.70  181.6 1943.8   8.29    0.0    0.0  0.00 209.00 210.00 
2016-08-26T23:12:15 2341 10.70  179.2 1918.1   8.62    0.0    0.0  0.00 204.00 0.00 
2016-08-26T23:12:26 2346 10.70  181.6 1943.8   8.29    0.0    0.0  0.00 209.00 210.00 
2016-08-26T23:12:38 2351 10.72  154.8 1659.4   8.52    0.0    0.0  0.00 199.00 0.00 
2016-08-26T23:12:49 2355 10.72  155.6 1668.0   8.30    0.0    0.0  0.00 209.00 210.00 
2016-08-26T23:13:00 2360 10.71  156.8 1679.6   8.52    0.0    0.0  0.00 199.00 0.00 
2016-08-26T23:13:12 2365 10.70  174.4 1866.7   8.62    0.0    0.0  0.00 204.00 0.00 
2016-08-26T23:13:23 2369 10.70  176.8 1892.4   8.51    0.0    0.0  0.00 199.00 0.00 
2016-08-26T23:13:35 2374 10.72  139.6 1496.5   8.64    0.0    0.0  0.00 204.00 0.00 
2016-08-26T23:13:47 2379 10.73  131.6 1411.8   8.30    0.0    0.0  0.00 209.00 210.00 
2016-08-26T23:13:58 2383 10.74  116.0 1245.3   8.65    0.0    0.0  0.00 204.00 0.00 
2016-08-26T23:14:09 2388 10.74  118.4 1271.1   8.31    0.0    0.0  0.00 209.00 210.00 
2016-08-26T23:14:21 2393 10.74  116.4 1249.6   8.54    0.0    0.0  0.00 199.00 0.00 
2016-08-26T23:14:32 2397 10.74  120.8 1296.9   8.31    0.0    0.0  0.00 209.00 210.00 
2016-08-26T23:14:43 2402 10.72  152.8 1638.0   8.52    0.0    0.0  0.00 199.00 0.00 
2016-08-26T23:14:55 2407 10.74  114.8 1232.4   8.65    0.0    0.0  0.00 204.00 0.00 
2016-08-26T23:15:06 2411 10.74  116.4 1249.6   8.54    0.0    0.0  0.00 199.00 0.00 
2016-08-26T23:15:17 2416 10.74  117.2 1258.2   8.65    0.0    0.0  0.00 204.00 0.00 
2016-08-26T23:15:29 2421 10.72  154.0 1650.8   8.30    0.0    0.0  0.00 209.00 210.00 
2016-08-26T23:15:40 2425 10.74  118.0 1266.8   8.65    0.0    0.0  0.00 204.00 0.00 
2016-08-26T23:15:51 2430 10.72  154.8 1659.4   8.30    0.0    0.0  0.00 209.00 210.00 
2016-08-26T23:16:03 2435 10.74  117.6 1262.5   8.54    0.0    0.0  0.00 199.00 0.00 
2016-08-26T23:16:15 2439 10.74  117.6 1262.5   8.31    0.0    0.0  0.00 209.00 210.00 
2016-08-26T23:16:26 2444 10.72  139.6 1496.5   8.53    0.0    0.0  0.00 199.00 0.00 
2016-08-26T23:16:38 2449 10.73  135.2 1450.4   8.64    0.0    0.0  0.00 204.00 0.00 
2016-08-26T23:16:49 2453 10.73  135.6 1454.7   8.53    0.0    0.0  0.00 199.00 0.00 
2016-08-26T23:17:00 2458 10.73  138.4 1484.7   8.64    0.0    0.0  0.00 204.00 0.00 
2016-08-26T23:17:12 2463 10.72  140.4 1505.0   8.30    0.0    0.0  0.00 209.00 210.00 
2016-08-26T23:17:23 2467 10.73  139.6 1497.6   8.64    0.0    0.0  0.00 204.00 0.00 
2016-08-26T23:17:34 2472 10.72  141.6 1517.9   8.30    0.0    0.0  0.00 209.00 210.00 
2016-08-26T23:17:46 2477 10.74  118.0 1266.8   8.54    0.0    0.0  0.00 199.00 0.00 
2016-08-26T23:17:57 2481 10.72  141.6 1517.9   8.30    0.0    0.0  0.00 209.00 210.00 
2016-08-26T23:18:08 2486 10.72  141.6 1517.9   8.52    0.0    0.0  0.00 199.00 0.00 
2016-08-26T23:18:20 2491 10.72  140.0 1500.8   8.64    0.0    0.0  0.00 204.00 0.00 
2016-08-26T23:18:31 2495 10.72  140.8 1509.3   8.52    0.0    0.0  0.00 199.00 0.00 
2016-08-26T23:18:43 2500 10.74  115.2 1236.7   8.65    0.0    0.0  0.00 204.00 0.00 
2016-08-26T23:18:55 2505 10.72  140.0 1500.8   8.30    0.0    0.0  0.00 209.00 210.00 
2016-08-26T23:19:06 2509 10.73  138.8 1489.0   8.64    0.0    0.0  0.00 204.00 0.00 
2016-08-26T23:19:17 2514 10.73  137.2 1471.8   8.30    0.0    0.0  0.00 209.00 210.00 
2016-08-26T23:19:29 2519 10.72  153.6 1646.5   8.52    0.0    0.0  0.00 199.00 0.00 
2016-08-26T23:19:40 2523 10.72  141.2 1513.6   8.30    0.0    0.0  0.00 209.00 210.00 
2016-08-26T23:19:51 2528 10.72  140.4 1505.0   8.52    0.0    0.0  0.00 199.00 0.00 
2016-08-26T23:20:03 2533 10.72  140.0 1500.8   8.64    0.0    0.0  0.00 204.00 0.00 
2016-08-26T23:20:14 2537 10.72  140.4 1505.0   8.52    0.0    0.0  0.00 199.00 0.00 
2016-08-26T23:20:25 2542 10.73  139.2 1493.3   8.64    0.0    0.0  0.00 204.00 0.00 
2016-08-26T23:20:37 2547 10.72  140.0 1500.8   8.30    0.0    0.0  0.00 209.00 210.00 
2016-08-26T23:20:48 2551 10.73  138.4 1484.7   8.64    0.0    0.0  0.00 204.00 0.00 
2016-08-26T23:21:00 2556 10.72  140.0 1500.8   8.30    0.0    0.0  0.00 209.00 210.00 
2016-08-26T23:21:12 2561 10.72  139.6 1496.5   8.53    0.0    0.0  0.00 199.00 0.00 
2016-08-26T23:21:23 2565 10.72  141.6 1517.9   8.30    0.0    0.0  0.00 209.00 210.00 
2016-08-26T23:21:34 2570 10.72  140.8 1509.3   8.52    0.0    0.0  0.00 199.00 0.00 
2016-08-26T23:21:46 2575 10.72  139.6 1496.5   8.64    0.0    0.0  0.00 204.00 0.00 
2016-08-26T23:21:57 2579 10.72  140.4 1505.0   8.52    0.0    0.0  0.00 199.00 0.00 
2016-08-26T23:22:08 2584 10.72  139.6 1496.5   8.64    0.0    0.0  0.00 204.00 0.00 
2016-08-26T23:22:20 2589 10.72  141.6 1517.9   8.30    0.0    0.0  0.00 209.00 210.00 
2016-08-26T23:22:31 2593 10.72  138.4 1483.6   8.64    0.0    0.0  0.00 204.00 0.00 
2016-08-26T23:22:42 2598 10.72  140.0 1500.8   8.30    0.0    0.0  0.00 209.00 210.00 
2016-08-26T23:22:54 2603 10.72  140.4 1505.0   8.53    0.0    0.0  0.00 199.00 0.00 
2016-08-26T23:23:05 2607 10.72  140.4 1505.0   8.30    0.0    0.0  0.00 209.00 210.00 
2016-08-26T23:23:16 2612 10.72  140.0 1500.8   8.53    0.0    0.0  0.00 199.00 0.00 
2016-08-26T23:23:28 2617 10.72  139.6 1496.5   8.64    0.0    0.0  0.00 204.00 0.00 
2016-08-26T23:23:40 2621 10.72  141.2 1513.6   8.53    0.0    0.0  0.00 199.00 0.00 
2016-08-26T23:23:51 2626 10.72  140.0 1500.8   8.64    0.0    0.0  0.00 204.00 0.00 
2016-08-26T23:24:03 2631 10.72  141.6 1517.9   8.30    0.0    0.0  0.00 209.00 210.00 
2016-08-26T23:24:14 2635 10.72  139.6 1496.5   8.64    0.0    0.0  0.00 204.00 0.00 
2016-08-26T23:24:25 2640 10.72  140.0 1500.8   8.30    0.0    0.0  0.00 209.00 210.00 
2016-08-26T23:24:37 2645 10.72  139.2 1492.2   8.53    0.0    0.0  0.00 199.00 0.00 
2016-08-26T23:24:48 2649 10.72  140.0 1500.8   8.30    0.0    0.0  0.00 209.00 210.00 
2016-08-26T23:24:59 2654 10.72  139.2 1492.2   8.53    0.0    0.0  0.00 199.00 0.00 
2016-08-26T23:25:11 2659 10.72  152.0 1629.4   8.63    0.0    0.0  0.00 204.00 0.00 
2016-08-26T23:25:22 2663 10.72  140.4 1505.0   8.53    0.0    0.0  0.00 199.00 0.00 
2016-08-26T23:25:33 2668 10.72  139.6 1496.5   8.64    0.0    0.0  0.00 204.00 0.00 
2016-08-26T23:25:45 2673 10.72  155.6 1668.0   8.30    0.0    0.0  0.00 209.00 210.00 
2016-08-26T23:25:57 2677 10.72  140.0 1500.8   8.64    0.0    0.0  0.00 204.00 0.00 
2016-08-26T23:26:08 2682 10.72  141.6 1517.9   8.30    0.0    0.0  0.00 209.00 210.00 
2016-08-26T23:26:20 2687 10.72  140.4 1505.0   8.52    0.0    0.0  0.00 199.00 0.00 
2016-08-26T23:26:31 2691 10.72  140.4 1505.0   8.30    0.0    0.0  0.00 209.00 210.00 
2016-08-26T23:26:42 2696 10.72  139.6 1496.5   8.53    0.0    0.0  0.00 199.00 0.00 
2016-08-26T23:26:54 2701 10.72  138.4 1483.6   8.64    0.0    0.0  0.00 204.00 0.00 
2016-08-26T23:27:05 2705 10.72  139.6 1496.5   8.53    0.0    0.0  0.00 199.00 0.00 
2016-08-26T23:27:16 2710 10.72  138.8 1487.9   8.64    0.0    0.0  0.00 204.00 0.00 
2016-08-26T23:27:28 2715 10.72  141.6 1517.9   8.30    0.0    0.0  0.00 209.00 210.00 
2016-08-26T23:27:39 2719 10.72  139.6 1496.5   8.64    0.0    0.0  0.00 204.00 0.00 
2016-08-26T23:27:50 2724 10.72  141.6 1517.9   8.30    0.0    0.0  0.00 209.00 210.00 
2016-08-26T23:28:02 2729 10.72  140.8 1509.3   8.52    0.0    0.0  0.00 199.00 0.00 
2016-08-26T23:28:13 2733 10.72  140.0 1500.8   8.30    0.0    0.0  0.00 209.00 210.00 
2016-08-26T23:28:24 2738 10.72  139.6 1496.5   8.53    0.0    0.0  0.00 199.00 0.00 
2016-08-26T23:28:37 2743 10.72  138.4 1483.6   8.64    0.0    0.0  0.00 204.00 0.00 
2016-08-26T23:28:48 2747 10.72  139.6 1496.5   8.53    0.0    0.0  0.00 199.00 0.00 
2016-08-26T23:28:59 2752 10.72  138.8 1487.9   8.64    0.0    0.0  0.00 204.00 0.00 
2016-08-26T23:29:11 2757 10.72  140.4 1505.0   8.30    0.0    0.0  0.00 209.00 210.00 
2016-08-26T23:29:22 2761 10.72  140.0 1500.8   8.64    0.0    0.0  0.00 204.00 0.00 
2016-08-26T23:29:33 2766 10.72  141.6 1517.9   8.30    0.0    0.0  0.00 209.00 210.00 
2016-08-26T23:29:45 2771 10.72  140.4 1505.0   8.52    0.0    0.0  0.00 199.00 0.00 
2016-08-26T23:29:56 2775 10.72  141.6 1517.9   8.30    0.0    0.0  0.00 209.00 210.00 
2016-08-26T23:30:07 2780 10.72  140.0 1500.8   8.53    0.0    0.0  0.00 199.00 0.00 
2016-08-26T23:30:19 2785 10.72  139.6 1496.5   8.64    0.0    0.0  0.00 204.00 0.00 
2016-08-26T23:30:30 2789 10.72  139.6 1496.5   8.53    0.0    0.0  0.00 199.00 0.00 
2016-08-26T23:30:41 2794 10.72  138.8 1487.9   8.64    0.0    0.0  0.00 204.00 0.00 
2016-08-26T23:30:54 2799 10.72  140.0 1500.8   8.30    0.0    0.0  0.00 209.00 210.00 
2016-08-26T23:31:05 2803 10.72  139.2 1492.2   8.64    0.0    0.0  0.00 204.00 0.00 
2016-08-26T23:31:16 2808 10.72  141.2 1513.6   8.30    0.0    0.0  0.00 209.00 210.00 
2016-08-26T23:31:28 2813 10.72  154.0 1650.8   8.52    0.0    0.0  0.00 199.00 0.00 
2016-08-26T23:31:39 2817 10.72  141.6 1517.9   8.30    0.0    0.0  0.00 209.00 210.00 
2016-08-26T23:31:50 2822 10.72  140.4 1505.0   8.53    0.0    0.0  0.00 199.00 0.00 
2016-08-26T23:32:02 2827 10.72  140.0 1500.8   8.64    0.0    0.0  0.00 204.00 0.00 
2016-08-26T23:32:13 2831 10.72  139.2 1492.2   8.53    0.0    0.0  0.00 199.00 0.00 
2016-08-26T23:32:24 2836 10.72  138.8 1487.9   8.64    0.0    0.0  0.00 204.00 0.00 
2016-08-26T23:32:36 2841 10.72  140.0 1500.8   8.30    0.0    0.0  0.00 209.00 210.00 
2016-08-26T23:32:47 2845 10.72  138.8 1487.9   8.64    0.0    0.0  0.00 204.00 0.00 
2016-08-26T23:32:58 2850 10.72  140.4 1505.0   8.30    0.0    0.0  0.00 209.00 210.00 
2016-08-26T23:33:10 2855 10.72  139.6 1496.5   8.53    0.0    0.0  0.00 199.00 0.00 
2016-08-26T23:33:21 2859 10.72  142.0 1522.2   8.30    0.0    0.0  0.00 209.00 210.00 
2016-08-26T23:33:33 2864 10.72  141.2 1513.6   8.53    0.0    0.0  0.00 199.00 0.00 
2016-08-26T23:33:45 2869 10.72  140.0 1500.8   8.64    0.0    0.0  0.00 204.00 0.00 
2016-08-26T23:33:56 2873 10.72  140.4 1505.0   8.53    0.0    0.0  0.00 199.00 0.00 
2016-08-26T23:34:07 2878 10.72  139.6 1496.5   8.64    0.0    0.0  0.00 204.00 0.00 
2016-08-26T23:34:19 2883 10.72  141.2 1513.6   8.30    0.0    0.0  0.00 209.00 210.00 
2016-08-26T23:34:30 2887 10.72  138.4 1483.6   8.64    0.0    0.0  0.00 204.00 0.00 
2016-08-26T23:34:41 2892 10.72  143.2 1535.1   8.30    0.0    0.0  0.00 209.00 210.00 
2016-08-26T23:34:53 2897 10.72  139.6 1496.5   8.53    0.0    0.0  0.00 199.00 0.00 
2016-08-26T23:35:04 2901 10.72  142.0 1522.2   8.30    0.0    0.0  0.00 209.00 210.00 
2016-08-26T23:35:15 2906 10.72  140.4 1505.0   8.53    0.0    0.0  0.00 199.00 0.00 
2016-08-26T23:35:27 2911 10.72  140.0 1500.8   8.64    0.0    0.0  0.00 204.00 0.00 
2016-08-26T23:35:38 2915 10.72  140.8 1509.3   8.53    0.0    0.0  0.00 199.00 0.00 
2016-08-26T23:35:50 2920 10.72  140.0 1500.8   8.64    0.0    0.0  0.00 204.00 0.00 
2016-08-26T23:36:02 2925 10.72  141.6 1517.9   8.30    0.0    0.0  0.00 209.00 210.00 
2016-08-26T23:36:13 2929 10.72  138.4 1483.6   8.64    0.0    0.0  0.00 204.00 0.00 
2016-08-26T23:36:24 2934 10.72  140.0 1500.8   8.30    0.0    0.0  0.00 209.00 210.00 
2016-08-26T23:36:36 2939 10.72  139.2 1492.2   8.53    0.0    0.0  0.00 199.00 0.00 
2016-08-26T23:36:47 2943 10.72  140.4 1505.0   8.30    0.0    0.0  0.00 209.00 210.00 
2016-08-26T23:36:58 2948 10.72  139.2 1492.2   8.53    0.0    0.0  0.00 199.00 0.00 
2016-08-26T23:37:10 2953 10.72  138.8 1487.9   8.64    0.0    0.0  0.00 204.00 0.00 
2016-08-26T23:37:21 2957 10.72  140.8 1509.3   8.52    0.0    0.0  0.00 199.00 0.00 
2016-08-26T23:37:32 2962 10.72  140.0 1500.8   8.64    0.0    0.0  0.00 204.00 0.00 
2016-08-26T23:37:44 2967 10.71  157.6 1688.2   8.30    0.0    0.0  0.00 209.00 210.00 
2016-08-26T23:37:55 2971 10.72  139.6 1496.5   8.63    0.0    0.0  0.00 204.00 0.00 
2016-08-26T23:38:06 2976 10.72  143.2 1535.1   8.30    0.0    0.0  0.00 209.00 210.00 
2016-08-26T23:38:18 2981 10.72  139.6 1496.5   8.52    0.0    0.0  0.00 199.00 0.00 
2016-08-26T23:38:30 2985 10.72  141.2 1513.6   8.30    0.0    0.0  0.00 209.00 210.00 
2016-08-26T23:38:41 2990 10.72  139.6 1496.5   8.53    0.0    0.0  0.00 199.00 0.00 
2016-08-26T23:38:53 2995 10.72  138.8 1487.9   8.64    0.0    0.0  0.00 204.00 0.00 
2016-08-26T23:39:04 2999 10.72  140.0 1500.8   8.52    0.0    0.0  0.00 199.00 0.00 
2016-08-26T23:39:15 3004 10.72  139.6 1496.5   8.64    0.0    0.0  0.00 204.00 0.00 
2016-08-26T23:39:27 3009 10.72  142.0 1522.2   8.30    0.0    0.0  0.00 209.00 210.00 
2016-08-26T23:39:38 3013 10.72  140.0 1500.8   8.63    0.0    0.0  0.00 204.00 0.00 
2016-08-26T23:39:49 3018 10.72  141.6 1517.9   8.30    0.0    0.0  0.00 209.00 210.00 
2016-08-26T23:40:01 3023 10.72  140.8 1509.3   8.52    0.0    0.0  0.00 199.00 0.00 
2016-08-26T23:40:12 3027 10.72  140.4 1505.0   8.30    0.0    0.0  0.00 209.00 210.00 
2016-08-26T23:40:23 3032 10.72  139.2 1492.2   8.53    0.0    0.0  0.00 199.00 0.00 
2016-08-26T23:40:35 3037 10.72  138.4 1483.6   8.64    0.0    0.0  0.00 204.00 0.00 
2016-08-26T23:40:47 3041 10.72  139.6 1496.5   8.52    0.0    0.0  0.00 199.00 0.00 
2016-08-26T23:40:58 3046 10.72  140.0 1500.8   8.64    0.0    0.0  0.00 204.00 0.00 
2016-08-26T23:41:10 3051 10.72  140.4 1505.0   8.30    0.0    0.0  0.00 209.00 210.00 
2016-08-26T23:41:21 3055 10.72  140.0 1500.8   8.64    0.0    0.0  0.00 204.00 0.00 
2016-08-26T23:41:32 3060 10.72  143.6 1539.3   8.30    0.0    0.0  0.00 209.00 210.00 
2016-08-26T23:41:44 3065 10.72  140.8 1509.3   8.52    0.0    0.0  0.00 199.00 0.00 
2016-08-26T23:41:55 3069 10.72  141.6 1517.9   8.30    0.0    0.0  0.00 209.00 210.00 
2016-08-26T23:42:06 3074 10.72  140.0 1500.8   8.53    0.0    0.0  0.00 199.00 0.00 
2016-08-26T23:42:18 3079 10.72  140.4 1505.0   8.64    0.0    0.0  0.00 204.00 0.00 
2016-08-26T23:42:29 3083 10.72  139.2 1492.2   8.53    0.0    0.0  0.00 199.00 0.00 
2016-08-26T23:42:40 3088 10.72  138.4 1483.6   8.64    0.0    0.0  0.00 204.00 0.00 
2016-08-26T23:42:52 3093 10.72  154.0 1650.8   8.30    0.0    0.0  0.00 209.00 210.00 
2016-08-26T23:43:03 3097 10.72  140.0 1500.8   8.63    0.0    0.0  0.00 204.00 0.00 
2016-08-26T23:43:15 3102 10.72  142.4 1526.5   8.30    0.0    0.0  0.00 209.00 210.00 
2016-08-26T23:43:27 3107 10.72  154.0 1650.8   8.52    0.0    0.0  0.00 199.00 0.00 
2016-08-26T23:43:38 3111 10.72  142.4 1526.5   8.30    0.0    0.0  0.00 209.00 210.00 
2016-08-26T23:43:49 3116 10.72  140.4 1505.0   8.52    0.0    0.0  0.00 199.00 0.00 
2016-08-26T23:44:01 3121 10.72  139.6 1496.5   8.64    0.0    0.0  0.00 204.00 0.00 
2016-08-26T23:44:12 3125 10.72  139.2 1492.2   8.53    0.0    0.0  0.00 199.00 0.00 
2016-08-26T23:44:23 3130 10.72  138.4 1483.6   8.64    0.0    0.0  0.00 204.00 0.00 
2016-08-26T23:44:35 3135 10.72  140.4 1505.0   8.30    0.0    0.0  0.00 209.00 210.00 
2016-08-26T23:44:46 3139 10.72  138.4 1483.6   8.64    0.0    0.0  0.00 204.00 0.00 
2016-08-26T23:44:57 3144 10.72  140.8 1509.3   8.30    0.0    0.0  0.00 209.00 210.00 
2016-08-26T23:45:09 3149 10.72  153.2 1642.3   8.52    0.0    0.0  0.00 199.00 0.00 
2016-08-26T23:45:20 3153 10.72  141.6 1517.9   8.30    0.0    0.0  0.00 209.00 210.00 
2016-08-26T23:45:31 3158 10.72  140.4 1505.0   8.52    0.0    0.0  0.00 199.00 0.00 
2016-08-26T23:45:44 3163 10.72  153.2 1642.3   8.63    0.0    0.0  0.00 204.00 0.00 
2016-08-26T23:45:55 3167 10.72  140.4 1505.0   8.52    0.0    0.0  0.00 199.00 0.00 
2016-08-26T23:46:06 3172 10.72  139.2 1492.2   8.64    0.0    0.0  0.00 204.00 0.00 
2016-08-26T23:46:18 3177 10.72  140.0 1500.8   8.30    0.0    0.0  0.00 209.00 210.00 
2016-08-26T23:46:29 3181 10.72  138.4 1483.6   8.64    0.0    0.0  0.00 204.00 0.00 
2016-08-26T23:46:40 3186 10.72  140.4 1505.0   8.30    0.0    0.0  0.00 209.00 210.00 
2016-08-26T23:46:52 3191 10.72  139.2 1492.2   8.53    0.0    0.0  0.00 199.00 0.00 
2016-08-26T23:47:03 3195 10.72  142.0 1522.2   8.30    0.0    0.0  0.00 209.00 210.00 
2016-08-26T23:47:14 3200 10.72  140.8 1509.3   8.52    0.0    0.0  0.00 199.00 0.00 
2016-08-26T23:47:26 3205 10.72  140.0 1500.8   8.63    0.0    0.0  0.00 204.00 0.00 
2016-08-26T23:47:37 3209 10.72  140.4 1505.0   8.52    0.0    0.0  0.00 199.00 0.00 
2016-08-26T23:47:48 3214 10.72  140.0 1500.8   8.63    0.0    0.0  0.00 204.00 0.00 
2016-08-26T23:48:00 3219 10.72  142.4 1526.5   8.30    0.0    0.0  0.00 209.00 210.00 
2016-08-26T23:48:12 3223 10.72  138.4 1483.6   8.64    0.0    0.0  0.00 204.00 0.00 
2016-08-26T23:48:23 3228 10.72  140.8 1509.3   8.30    0.0    0.0  0.00 209.00 210.00 
2016-08-26T23:48:35 3233 10.72  139.2 1492.2   8.53    0.0    0.0  0.00 199.00 0.00 
2016-08-26T23:48:46 3237 10.72  141.2 1513.6   8.30    0.0    0.0  0.00 209.00 210.00 
2016-08-26T23:48:57 3242 10.72  139.6 1496.5   8.53    0.0    0.0  0.00 199.00 0.00 
2016-08-26T23:49:09 3247 10.72  138.8 1487.9   8.64    0.0    0.0  0.00 204.00 0.00 
2016-08-26T23:49:20 3251 10.72  140.4 1505.0   8.52    0.0    0.0  0.00 199.00 0.00 
2016-08-26T23:49:31 3256 10.72  139.6 1496.5   8.64    0.0    0.0  0.00 204.00 0.00 
2016-08-26T23:49:43 3261 10.72  141.2 1513.6   8.30    0.0    0.0  0.00 209.00 210.00 
2016-08-26T23:49:54 3265 10.72  140.0 1500.8   8.64    0.0    0.0  0.00 204.00 0.00 
2016-08-26T23:50:05 3270 10.72  140.0 1500.8   8.30    0.0    0.0  0.00 209.00 210.00 
2016-08-26T23:50:17 3275 10.72  139.6 1496.5   8.52    0.0    0.0  0.00 199.00 0.00 
2016-08-26T23:50:28 3279 10.72  140.4 1505.0   8.30    0.0    0.0  0.00 209.00 210.00 
2016-08-26T23:50:40 3284 10.72  139.6 1496.5   8.52    0.0    0.0  0.00 199.00 0.00 
2016-08-26T23:50:52 3289 10.72  138.4 1483.6   8.64    0.0    0.0  0.00 204.00 0.00 
2016-08-26T23:51:03 3293 10.72  140.4 1505.0   8.52    0.0    0.0  0.00 199.00 0.00 
2016-08-26T23:51:14 3298 10.72  139.6 1496.5   8.64    0.0    0.0  0.00 204.00 0.00 
2016-08-26T23:51:26 3303 10.72  154.8 1659.4   8.30    0.0    0.0  0.00 209.00 210.00 
2016-08-26T23:51:37 3307 10.72  139.2 1492.2   8.64    0.0    0.0  0.00 204.00 0.00 
2016-08-26T23:51:48 3312 10.72  141.2 1513.6   8.30    0.0    0.0  0.00 209.00 210.00 
2016-08-26T23:52:00 3317 10.72  140.4 1505.0   8.53    0.0    0.0  0.00 199.00 0.00 
2016-08-26T23:52:11 3321 10.72  140.0 1500.8   8.30    0.0    0.0  0.00 209.00 210.00 
2016-08-26T23:52:22 3326 10.72  139.2 1492.2   8.53    0.0    0.0  0.00 199.00 0.00 
2016-08-26T23:52:34 3331 10.72  140.0 1500.8   8.64    0.0    0.0  0.00 204.00 0.00 
2016-08-26T23:52:45 3335 10.72  139.2 1492.2   8.53    0.0    0.0  0.00 199.00 0.00 
2016-08-26T23:52:56 3340 10.72  140.4 1505.0   8.64    0.0    0.0  0.00 204.00 0.00 
2016-08-26T23:53:09 3345 10.72  141.6 1517.9   8.30    0.0    0.0  0.00 209.00 210.00 
2016-08-26T23:53:20 3349 10.72  141.6 1517.9   8.63    0.0    0.0  0.00 204.00 0.00 
2016-08-26T23:53:31 3354 10.72  141.6 1517.9   8.30    0.0    0.0  0.00 209.00 210.00 
2016-08-26T23:53:43 3359 10.72  140.8 1509.3   8.53    0.0    0.0  0.00 199.00 0.00 
2016-08-26T23:53:54 3363 10.72  140.8 1509.3   8.30    0.0    0.0  0.00 209.00 210.00 
2016-08-26T23:54:05 3368 10.72  139.2 1492.2   8.53    0.0    0.0  0.00 199.00 0.00 
2016-08-26T23:54:17 3373 10.72  139.2 1492.2   8.64    0.0    0.0  0.00 204.00 0.00 
2016-08-26T23:54:28 3377 10.72  139.2 1492.2   8.53    0.0    0.0  0.00 199.00 0.00 
2016-08-26T23:54:39 3382 10.72  138.8 1487.9   8.64    0.0    0.0  0.00 204.00 0.00 
2016-08-26T23:54:51 3387 10.72  140.0 1500.8   8.30    0.0    0.0  0.00 209.00 210.00 
2016-08-26T23:55:02 3391 10.72  140.0 1500.8   8.64    0.0    0.0  0.00 204.00 0.00 
2016-08-26T23:55:13 3396 10.72  141.6 1517.9   8.30    0.0    0.0  0.00 209.00 210.00 
2016-08-26T23:55:25 3401 10.72  140.8 1509.3   8.53    0.0    0.0  0.00 199.00 0.00 
2016-08-26T23:55:37 3405 10.72  141.6 1517.9   8.30    0.0    0.0  0.00 209.00 210.00 
2016-08-26T23:55:48 3410 10.72  140.4 1505.0   8.53    0.0    0.0  0.00 199.00 0.00 
2016-08-26T23:56:00 3415 10.72  141.2 1513.6   8.64    0.0    0.0  0.00 204.00 0.00 
2016-08-26T23:56:11 3419 10.72  140.8 1509.3   8.53    0.0    0.0  0.00 199.00 0.00 
2016-08-26T23:56:22 3424 10.72  138.8 1487.9   8.64    0.0    0.0  0.00 204.00 0.00 
2016-08-26T23:56:34 3429 10.71  158.0 1692.5   8.30    0.0    0.0  0.00 209.00 210.00 
2016-08-26T23:56:45 3433 10.72  138.8 1487.9   8.64    0.0    0.0  0.00 204.00 0.00 
2016-08-26T23:56:56 3438 10.72  140.8 1509.3   8.30    0.0    0.0  0.00 209.00 210.00 
2016-08-26T23:57:08 3443 10.72  140.4 1505.0   8.52    0.0    0.0  0.00 199.00 0.00 
2016-08-26T23:57:19 3447 10.72  141.6 1517.9   8.30    0.0    0.0  0.00 209.00 210.00 
2016-08-26T23:57:30 3452 10.72  140.4 1505.0   8.52    0.0    0.0  0.00 199.00 0.00 
2016-08-26T23:57:42 3457 10.72  142.0 1522.2   8.63    0.0    0.0  0.00 204.00 0.00 
2016-08-26T23:57:53 3461 10.72  139.2 1492.2   8.52    0.0    0.0  0.00 199.00 0.00 
2016-08-26T23:58:05 3466 10.72  141.2 1513.6   8.63    0.0    0.0  0.00 204.00 0.00 
2016-08-26T23:58:17 3471 10.72  140.4 1505.0   8.30    0.0    0.0  0.00 209.00 210.00 
2016-08-26T23:58:28 3475 10.72  140.0 1500.8   8.63    0.0    0.0  0.00 204.00 0.00 
2016-08-26T23:58:39 3480 10.72  140.8 1509.3   8.30    0.0    0.0  0.00 209.00 210.00 
2016-08-26T23:58:51 3485 10.72  152.4 1633.7   8.52    0.0    0.0  0.00 199.00 0.00 
2016-08-26T23:59:02 3489 10.72  141.6 1517.9   8.30    0.0    0.0  0.00 209.00 210.00 
2016-08-26T23:59:13 3494 10.72  140.0 1500.8   8.52    0.0    0.0  0.00 199.00 0.00 
2016-08-26T23:59:25 3499 10.72  140.0 1500.8   8.63    0.0    0.0  0.00 204.00 0.00 
2016-08-26T23:59:36 3503 10.72  140.4 1505.0   8.52    0.0    0.0  0.00 199.00 0.00 
2016-08-26T23:59:47 3508 10.72  140.0 1500.8   8.63    0.0    0.0  0.00 204.00 0.00 
2016-08-26T23:59:59 3513 10.72  141.6 1517.9   8.30    0.0    0.0  0.00 209.00 210.00 
