2019-01-21T20_01_14 1060  9.66  227.2 2193.8   7.67   -0.8   -6.1  -0.00 215.00 215.00
2019-01-21T20_01_17 1061  9.66  227.6 2197.7   7.67   -0.8   -6.1  -0.00 215.00 215.00
2019-01-21T20_01_19 1062  9.66  227.2 2193.8   7.67   -0.8   -6.1  -0.00 215.00 215.00
2019-01-21T20_01_21 1063  9.66  227.6 2197.7   7.67   -0.8   -6.1  -0.00 215.00 215.00
2019-01-21T20_01_24 1064  9.66  227.6 2197.7   7.67   -0.8   -6.1  -0.00 215.00 215.00
2019-01-21T20_01_26 1065  9.66  227.6 2197.7   7.67   -0.8   -6.1  -0.00 216.00 216.00
2019-01-21T20_01_29 1066  9.66  228.0 2201.5   7.67   -0.8   -6.1  -0.00 215.00 215.00
2019-01-21T20_01_31 1067  9.66  227.2 2193.8   7.67   -0.8   -6.1  -0.00 215.00 215.00
2019-01-21T20_01_34 1068  9.66  227.6 2197.7   7.67   -0.8   -6.1  -0.00 215.00 215.00
2019-01-21T20_01_36 1069  9.66  227.2 2193.8   7.67   -0.8   -6.1  -0.00 215.00 215.00
2019-01-21T20_01_38 1070  9.66  227.2 2193.8   7.67   -0.8   -6.1  -0.00 215.00 215.00
2019-01-21T20_01_41 1071  9.66  228.0 2201.5   7.67   -0.8   -6.1  -0.00 215.00 215.00
2019-01-21T20_01_43 1072  9.66  227.6 2197.7   7.67   -0.8   -6.1  -0.00 215.00 215.00
2019-01-21T20_01_46 1073  9.66  227.6 2197.7   7.67   -0.8   -6.1  -0.00 216.00 216.00
2019-01-21T20_01_48 1074  9.66  227.6 2197.7   7.67   -0.8   -6.1  -0.00 215.00 215.00
2019-01-21T20_01_51 1075  9.66  227.2 2193.8   7.67   -0.8   -6.1  -0.00 215.00 215.00
2019-01-21T20_01_53 1076  9.66  227.6 2197.7   7.67   -0.8   -6.1  -0.00 215.00 215.00
2019-01-21T20_01_55 1077  9.66  227.2 2193.8   7.67   -0.8   -6.1  -0.00 215.00 215.00
2019-01-21T20_01_58 1078  9.66  227.2 2193.8   7.67   -0.8   -6.1  -0.00 215.00 215.00
2019-01-21T20_02_00 1079  9.66  228.4 2205.4   7.67   -0.8   -6.1  -0.00 215.00 215.00
2019-01-21T20_02_03 1080  9.66  227.2 2193.8   7.67   -0.8   -6.1  -0.00 215.00 215.00
2019-01-21T20_02_05 1081  9.66  227.6 2197.7   7.67   -0.8   -6.1  -0.00 215.00 215.00
2019-01-21T20_02_08 1082  9.66  230.4 2224.7   7.66   -0.8   -6.1  -0.00 215.00 215.00
2019-01-21T20_02_10 1083  9.66  227.6 2197.7   7.67   -0.8   -6.1  -0.00 215.00 215.00
2019-01-21T20_02_13 1084  9.66  227.6 2197.7   7.67   -0.8   -6.1  -0.00 215.00 215.00
2019-01-21T20_02_15 1085  9.66  227.6 2197.7   7.67   -0.8   -6.1  -0.00 215.00 215.00
2019-01-21T20_02_17 1086  9.66  227.6 2197.7   7.67   -0.8   -6.1  -0.00 215.00 215.00
2019-01-21T20_02_20 1087  9.66  228.8 2209.2   7.67   -0.8   -6.1  -0.00 215.00 215.00
2019-01-21T20_02_22 1088  9.66  227.2 2193.8   7.67   -0.8   -6.1  -0.00 215.00 215.00
2019-01-21T20_02_25 1089  9.66  227.2 2193.8   7.67   -0.8   -6.1  -0.00 216.00 216.00
2019-01-21T20_02_27 1090  9.66  227.2 2193.8   7.67   -0.8   -6.1  -0.00 215.00 215.00
2019-01-21T20_02_30 1091  9.66  227.6 2197.7   7.67   -0.8   -6.1  -0.00 215.00 215.00
2019-01-21T20_02_32 1092  9.66  227.6 2197.7   7.67   -0.8   -6.1  -0.00 215.00 215.00
2019-01-21T20_02_34 1093  9.66  227.2 2193.8   7.67   -0.8   -6.1  -0.00 215.00 215.00
2019-01-21T20_02_37 1094  9.66  227.6 2197.7   7.67   -0.8   -6.1  -0.00 215.00 215.00
2019-01-21T20_02_39 1095  9.66  227.6 2197.7   7.67   -0.8   -6.1  -0.00 215.00 215.00
2019-01-21T20_02_42 1096  9.66  227.6 2197.7   7.67   -0.8   -6.1  -0.00 215.00 215.00
2019-01-21T20_02_44 1097  9.66  227.6 2197.7   7.67   -0.8   -6.1  -0.00 215.00 215.00
2019-01-21T20_02_47 1098  9.66  227.6 2197.7   7.67   -0.8   -6.1  -0.00 215.00 215.00
2019-01-21T20_02_49 1099  9.66  227.6 2197.7   7.67   -0.8   -6.1  -0.00 215.00 215.00
2019-01-21T20_02_51 1100  9.66  228.0 2201.5   7.67   -0.8   -6.1  -0.00 215.00 215.00
2019-01-21T20_02_54 1101  9.66  227.6 2197.7   7.67   -0.8   -6.1  -0.00 215.00 215.00
2019-01-21T20_02_56 1102  9.66  227.2 2193.8   7.67   -0.8   -6.1  -0.00 216.00 216.00
2019-01-21T20_02_59 1103  9.66  227.2 2193.8   7.67   -0.8   -6.1  -0.00 216.00 216.00
2019-01-21T20_03_01 1104  9.66  227.2 2193.8   7.67   -0.8   -6.1  -0.00 215.00 215.00
2019-01-21T20_03_04 1105  9.66  227.6 2197.7   7.67   -0.8   -6.1  -0.00 215.00 215.00
2019-01-21T20_03_06 1106  9.66  227.6 2197.7   7.67   -0.8   -6.1  -0.00 215.00 215.00
2019-01-21T20_03_08 1107  9.66  227.6 2197.7   7.67   -0.8   -6.1  -0.00 215.00 215.00
2019-01-21T20_03_11 1108  9.66  228.0 2201.5   7.67   -0.8   -6.1  -0.00 216.00 216.00
2019-01-21T20_03_13 1109  9.66  227.6 2197.7   7.67   -0.8   -6.1  -0.00 215.00 215.00
2019-01-21T20_03_16 1110  9.66  227.6 2197.7   7.67   -0.8   -6.1  -0.00 215.00 215.00