2019-01-20T03_09_51 2021  9.62  266.4 2563.8   7.74    0.0    0.0  0.00 216.00 216.00
2019-01-20T03_09_53 2022  9.63  260.4 2508.1   7.74    0.0    0.0  0.00 215.00 215.00
2019-01-20T03_09_56 2023  9.63  264.8 2550.5   7.74    0.0    0.0  0.00 215.00 215.00
2019-01-20T03_09_58 2024  9.63  263.2 2535.1   7.74    0.0    0.0  0.00 215.00 215.00
2019-01-20T03_10_01 2025  9.63  262.8 2531.2   7.74    0.0    0.0  0.00 215.00 215.00
2019-01-20T03_10_03 2026  9.63  259.6 2500.4   7.74    0.0    0.0  0.00 216.00 216.00
2019-01-20T03_10_06 2027  9.63  262.4 2527.4   7.74    0.0    0.0  0.00 215.00 215.00
2019-01-20T03_10_08 2028  9.63  261.2 2515.8   7.74    0.0    0.0  0.00 215.00 215.00
2019-01-20T03_10_10 2029  9.63  260.0 2504.3   7.74    0.0    0.0  0.00 215.00 215.00
2019-01-20T03_10_13 2030  9.63  262.0 2523.5   7.74    0.0    0.0  0.00 216.00 216.00
2019-01-20T03_10_15 2031  9.63  264.4 2546.7   7.74    0.0    0.0  0.00 215.00 215.00
2019-01-20T03_10_18 2032  9.63  264.0 2542.8   7.74    0.0    0.0  0.00 215.00 215.00
2019-01-20T03_10_20 2033  9.63  263.6 2539.0   7.74    0.0    0.0  0.00 215.00 215.00
2019-01-20T03_10_23 2034  9.63  264.4 2546.7   7.74    0.0    0.0  0.00 215.00 215.00
2019-01-20T03_10_25 2035  9.63  264.4 2546.7   7.74    0.0    0.0  0.00 215.00 215.00
2019-01-20T03_10_28 2036  9.63  264.0 2542.8   7.74    0.0    0.0  0.00 215.00 215.00
2019-01-20T03_10_30 2037  9.66  229.2 2213.1   7.76    0.0    0.0  0.00 215.00 215.00
2019-01-20T03_10_32 2038  9.66  228.4 2205.4   7.76    0.0    0.0  0.00 215.00 215.00
2019-01-20T03_10_35 2039  9.66  227.6 2197.7   7.76    0.0    0.0  0.00 215.00 215.00
2019-01-20T03_10_37 2040  9.66  228.4 2205.4   7.76    0.0    0.0  0.00 216.00 216.00
2019-01-20T03_10_40 2041  9.66  228.8 2209.2   7.76    0.0    0.0  0.00 215.00 215.00
2019-01-20T03_10_42 2042  9.66  228.0 2201.5   7.76    0.0    0.0  0.00 215.00 215.00
2019-01-20T03_10_44 2043  9.66  228.0 2201.5   7.76    0.0    0.0  0.00 215.00 215.00
2019-01-20T03_10_47 2044  9.66  228.8 2209.2   7.76    0.0    0.0  0.00 215.00 215.00
2019-01-20T03_10_49 2045  9.66  228.4 2205.4   7.76    0.0    0.0  0.00 216.00 216.00
2019-01-20T03_10_52 2046  9.66  228.0 2201.5   7.76    0.0    0.0  0.00 215.00 215.00
2019-01-20T03_10_54 2047  9.66  228.4 2205.4   7.76    0.0    0.0  0.00 215.00 215.00
2019-01-20T03_10_57 2048  9.62  266.4 2563.8   7.74    0.0    0.0  0.00 215.00 215.00
2019-01-20T03_10_59 2049  9.62  267.6 2575.3   7.74    0.0    0.0  0.00 216.00 216.00
2019-01-20T03_11_01 2050  9.62  267.2 2571.5   7.74    0.0    0.0  0.00 215.00 215.00
2019-01-20T03_11_04 2051  9.62  266.8 2567.6   7.74    0.0    0.0  0.00 215.00 215.00
2019-01-20T03_11_06 2052  9.62  266.8 2567.6   7.74    0.0    0.0  0.00 215.00 215.00
2019-01-20T03_11_09 2053  9.62  266.8 2567.6   7.74    0.0    0.0  0.00 215.00 215.00
2019-01-20T03_11_11 2054  9.63  265.2 2554.4   7.74    0.0    0.0  0.00 215.00 215.00
2019-01-20T03_11_14 2055  9.63  265.6 2558.2   7.74    0.0    0.0  0.00 215.00 215.00
2019-01-20T03_11_16 2056  9.62  266.0 2559.9   7.74    0.0    0.0  0.00 216.00 216.00
2019-01-20T03_11_19 2057  9.62  266.4 2563.8   7.74    0.0    0.0  0.00 215.00 215.00
2019-01-20T03_11_21 2058  9.63  260.8 2512.0   7.74    0.0    0.0  0.00 215.00 215.00
2019-01-20T03_11_23 2059  9.63  261.6 2519.7   7.74    0.0    0.0  0.00 215.00 215.00
2019-01-20T03_11_26 2060  9.63  260.0 2504.3   7.74    0.0    0.0  0.00 215.00 215.00
2019-01-20T03_11_28 2061  9.63  260.8 2512.0   7.74    0.0    0.0  0.00 214.00 214.00
2019-01-20T03_11_31 2062  9.63  261.2 2515.8   7.63    0.0    0.0  0.00 216.00 216.00
2019-01-20T03_11_33 2063  9.63  261.6 2519.7   7.74    0.0    0.0  0.00 215.00 215.00
2019-01-20T03_11_36 2064  9.63  261.6 2519.7   7.74    0.0    0.0  0.00 215.00 215.00
2019-01-20T03_11_38 2065  9.63  262.0 2523.5   7.74    0.0    0.0  0.00 215.00 215.00
2019-01-20T03_11_40 2066  9.62  266.0 2559.9   7.74    0.0    0.0  0.00 215.00 215.00
2019-01-20T03_11_43 2067  9.63  264.8 2550.5   7.74    0.0    0.0  0.00 215.00 215.00
2019-01-20T03_11_45 2068  9.63  264.8 2550.5   7.74    0.0    0.0  0.00 215.00 215.00
2019-01-20T03_11_48 2069  9.63  264.4 2546.7   7.74    0.0    0.0  0.00 215.00 215.00
2019-01-20T03_11_50 2070  9.63  264.0 2542.8   7.74    0.0    0.0  0.00 215.00 215.00
2019-01-20T03_11_53 2071  9.63  264.8 2550.5   7.74    0.0    0.0  0.00 215.00 215.00