2019-01-22T03_21_22 363 10.26  184.4 1892.6   7.76   -0.8   -6.2  -0.00 205.00 205.00
2019-01-22T03_21_25 364 10.26  184.4 1892.6   7.76   -0.8   -6.2  -0.00 205.00 205.00
2019-01-22T03_21_27 365 10.26  183.6 1884.4   7.76   -0.8   -6.2  -0.00 205.00 205.00
2019-01-22T03_21_30 366 10.26  183.6 1884.4   7.76   -0.8   -6.2  -0.00 205.00 205.00
2019-01-22T03_21_32 367 10.26  184.4 1892.6   7.76   -0.8   -6.2  -0.00 205.00 205.00
2019-01-22T03_21_35 368 10.26  183.2 1880.3   7.76   -0.8   -6.2  -0.00 205.00 205.00
2019-01-22T03_21_38 369 10.27  182.0 1869.5   7.77   -0.8   -6.2  -0.00 205.00 205.00
2019-01-22T03_21_40 370 10.26  183.6 1884.4   7.76   -0.8   -6.2  -0.00 205.00 205.00
2019-01-22T03_21_43 371 10.27  181.2 1861.2   7.77   -0.8   -6.2  -0.00 205.00 205.00
2019-01-22T03_21_45 372 10.27  180.8 1857.1   7.77   -0.8   -6.2  -0.00 205.00 205.00
2019-01-22T03_21_48 373 10.26  180.0 1847.5   7.77   -0.8   -6.2  -0.00 210.00 210.00
2019-01-22T03_21_51 374 10.27  178.0 1828.4   7.98   -0.8   -6.3  -0.00 210.00 210.00
2019-01-22T03_21_53 375 10.27  178.0 1828.4   7.98   -0.8   -6.3  -0.00 210.00 210.00
2019-01-22T03_21_56 376 10.27  178.0 1828.4   7.98   -0.8   -6.3  -0.00 210.00 210.00
2019-01-22T03_21_58 377 10.27  177.6 1824.3   7.98   -0.8   -6.3  -0.00 210.00 210.00
2019-01-22T03_22_01 378 10.27  178.0 1828.4   7.98   -0.8   -6.3  -0.00 210.00 210.00
2019-01-22T03_22_03 379 10.26  179.2 1839.3   7.98   -0.8   -6.3  -0.00 210.00 210.00
2019-01-22T03_22_06 380 10.26  181.6 1863.9   7.97   -0.8   -6.3  -0.00 210.00 210.00
2019-01-22T03_22_08 381 10.26  182.0 1868.0   7.98   -0.8   -6.3  -0.00 210.00 210.00
2019-01-22T03_22_11 382 10.26  181.2 1859.8   7.97   -0.8   -6.3  -0.00 210.00 210.00
2019-01-22T03_22_13 383 10.26  181.2 1859.8   7.98   -0.8   -6.3  -0.00 210.00 210.00
2019-01-22T03_22_16 384 10.26  180.0 1847.5   7.98   -0.8   -6.3  -0.00 210.00 210.00
2019-01-22T03_22_18 385 10.28  150.8 1550.2   7.98   -0.8   -6.3  -0.00 210.00 210.00
2019-01-22T03_22_21 386 10.28  160.8 1653.0   7.98   -0.8   -6.3  -0.00 210.00 210.00
2019-01-22T03_22_23 387 10.29  147.2 1514.3   7.98   -0.8   -6.3  -0.00 210.00 210.00
2019-01-22T03_22_26 388 10.29  146.4 1506.1   7.98   -0.8   -6.3  -0.00 210.00 210.00
2019-01-22T03_22_28 389 10.29  148.8 1530.8   7.98   -0.8   -6.3  -0.00 210.00 210.00
2019-01-22T03_22_31 390 10.29  146.8 1510.2   7.98   -0.8   -6.3  -0.00 210.00 210.00
2019-01-22T03_22_33 391 10.29  146.8 1510.2   7.98   -0.8   -6.3  -0.00 210.00 210.00
2019-01-22T03_22_36 392 10.29  146.4 1506.1   7.98   -0.8   -6.3  -0.00 210.00 210.00
2019-01-22T03_22_38 393 10.29  146.4 1506.1   7.98   -0.8   -6.3  -0.00 210.00 210.00
2019-01-22T03_22_41 394 10.29  146.0 1502.0   7.98   -0.8   -6.3  -0.00 210.00 210.00
2019-01-22T03_22_43 395 10.29  146.0 1502.0   7.98   -0.8   -6.3  -0.00 210.00 210.00
2019-01-22T03_22_46 396 10.29  146.4 1506.1   7.98   -0.8   -6.3  -0.00 210.00 210.00
2019-01-22T03_22_48 397 10.29  146.4 1506.1   7.98   -0.8   -6.3  -0.00 210.00 210.00
2019-01-22T03_22_51 398 10.27  174.4 1791.4   7.98   -0.8   -6.3  -0.00 210.00 210.00
2019-01-22T03_22_53 399 10.28  161.6 1661.2   7.98   -0.8   -6.3  -0.00 210.00 210.00
2019-01-22T03_22_56 400 10.29  146.8 1510.2   7.98   -0.8   -6.3  -0.00 210.00 210.00
2019-01-22T03_22_58 401 10.29  148.4 1526.7   7.98   -0.8   -6.3  -0.00 210.00 210.00
2019-01-22T03_23_01 402 10.29  149.6 1539.0   7.98   -0.8   -6.3  -0.00 210.00 210.00
2019-01-22T03_23_03 403 10.29  147.2 1514.3   7.98   -0.8   -6.3  -0.00 210.00 210.00
2019-01-22T03_23_06 404 10.28  161.2 1657.1   7.98   -0.8   -6.3  -0.00 210.00 210.00
2019-01-22T03_23_08 405 10.29  146.8 1510.2   7.98   -0.8   -6.3  -0.00 210.00 210.00
2019-01-22T03_23_11 406 10.29  146.8 1510.2   7.98   -0.8   -6.3  -0.00 210.00 210.00
2019-01-22T03_23_13 407 10.29  147.2 1514.3   7.98   -0.8   -6.3  -0.00 210.00 210.00
2019-01-22T03_23_16 408 10.29  148.4 1526.7   7.98   -0.8   -6.3  -0.00 210.00 210.00
2019-01-22T03_23_19 409 10.28  161.2 1657.1   7.98   -0.8   -6.3  -0.00 210.00 210.00
2019-01-22T03_23_21 410 10.26  182.0 1868.0   7.97   -0.8   -6.3  -0.00 210.00 210.00
2019-01-22T03_23_24 411 10.29  148.0 1522.6   7.98   -0.8   -6.3  -0.00 210.00 210.00
2019-01-22T03_23_26 412 10.27  180.0 1848.9   7.98   -0.8   -6.3  -0.00 210.00 210.00
2019-01-22T03_23_29 413 10.26  182.0 1868.0   7.97   -0.8   -6.3  -0.00 210.00 210.00