2019-02-07T22_43_05 1430 11.15  207.2 2310.6   8.30    0.0    0.0  0.00 200 200
2019-02-07T22_44_05 1455 11.15  207.2 2310.6   8.30    0.0    0.0  0.00 200 200
2019-02-07T22_45_05 1480 11.15  206.8 2306.2   8.30    0.0    0.0  0.00 200 200
2019-02-07T22_46_05 1505 11.15  206.8 2306.2   8.30    0.0    0.0  0.00 200 200
2019-02-07T22_47_05 1530 11.15  206.8 2306.2   8.30    0.0    0.0  0.00 200 200
2019-02-07T22_48_05 1555 11.15  206.4 2301.7   8.30    0.0    0.0  0.00 200 200
2019-02-07T22_49_05 1580 11.15  206.4 2301.7   8.30    0.0    0.0  0.00 200 200
2019-02-07T22_50_05 1605 11.15  206.4 2301.7   8.30    0.0    0.0  0.00 200 200
2019-02-07T22_51_05 1630 11.15  206.4 2301.7   8.30    0.0    0.0  0.00 200 200
2019-02-07T22_52_05 1655 11.15  206.4 2301.7   8.30    0.0    0.0  0.00 200 200
2019-02-07T22_53_05 1680 11.15  206.4 2301.7   8.30    0.0    0.0  0.00 200 200
2019-02-07T22_54_06 1705 11.15  206.4 2301.7   8.30    0.0    0.0  0.00 200 200
2019-02-07T22_55_06 1730 11.15  206.4 2301.7   8.30    0.0    0.0  0.00 200 200
2019-02-07T22_56_06 1755 11.15  206.4 2301.7   8.30    0.0    0.0  0.00 200 200
2019-02-07T22_57_06 1780 11.15  206.4 2301.7   8.30    0.0    0.0  0.00 200 200
2019-02-07T22_58_06 1805 11.15  206.4 2301.7   8.30    0.0    0.0  0.00 200 200
2019-02-07T22_59_06 1830 11.15  206.4 2301.7   8.30    0.0    0.0  0.00 200 200
2019-02-07T23_00_06 1855 11.15  206.4 2301.7   8.30    0.0    0.0  0.00 200 200
2019-02-07T23_01_06 1880 11.15  206.4 2301.7   8.30    0.0    0.0  0.00 200 200
2019-02-07T23_02_06 1905 11.15  206.4 2301.7   8.30    0.0    0.0  0.00 200 200
2019-02-07T23_03_06 1930 11.15  206.4 2301.7   8.30    0.0    0.0  0.00 200 200
2019-02-07T23_04_06 1955 11.15  206.4 2301.7   8.30    0.0    0.0  0.00 200 200
2019-02-07T23_05_06 1980 11.15  206.0 2297.3   8.30    0.0    0.0  0.00 200 200
2019-02-07T23_06_06 2005 11.15  206.0 2297.3   8.30    0.0    0.0  0.00 200 200
2019-02-07T23_07_07 2030 11.15  206.4 2301.7   8.30    0.0    0.0  0.00 200 200
2019-02-07T23_08_07 2055 11.15  206.4 2301.7   8.30    0.0    0.0  0.00 200 200
2019-02-07T23_09_07 2080 11.15  206.4 2301.7   8.30    0.0    0.0  0.00 200 200
2019-02-07T23_10_07 2105 11.15  206.4 2301.7   8.30    0.0    0.0  0.00 200 200
2019-02-07T23_11_07 2130 11.15  206.4 2301.7   8.30    0.0    0.0  0.00 200 200
2019-02-07T23_12_07 2155 11.15  206.4 2301.7   8.30    0.0    0.0  0.00 200 200
2019-02-07T23_13_07 2180 11.15  206.4 2301.7   8.30    0.0    0.0  0.00 200 200
2019-02-07T23_14_07 2205 11.15  206.4 2301.7   8.30    0.0    0.0  0.00 200 200
2019-02-07T23_15_07 2230 11.15  206.4 2301.7   8.30    0.0    0.0  0.00 200 200
2019-02-07T23_16_07 2255 11.15  206.4 2301.7   8.30    0.0    0.0  0.00 200 200
2019-02-07T23_17_07 2280 11.15  206.4 2301.7   8.30    0.0    0.0  0.00 200 200
2019-02-07T23_18_07 2305 11.15  206.4 2301.7   8.30    0.0    0.0  0.00 200 200
2019-02-07T23_19_08 2330 11.15  206.4 2301.7   8.30    0.0    0.0  0.00 200 200
2019-02-07T23_20_08 2355 11.15  206.4 2301.7   8.30    0.0    0.0  0.00 200 200
2019-02-07T23_21_08 2380 11.15  207.2 2310.6   8.30    0.0    0.0  0.00 200 200
2019-02-07T23_22_08 2405 11.15  207.2 2310.6   8.30    0.0    0.0  0.00 200 200
2019-02-07T23_23_08 2430 11.15  207.6 2315.1   8.30    0.0    0.0  0.00 200 200
2019-02-07T23_24_08 2455 11.15  206.8 2306.2   8.30    0.0    0.0  0.00 200 200
2019-02-07T23_25_08 2480 11.15  206.4 2301.7   8.30    0.0    0.0  0.00 200 200
2019-02-07T23_26_08 2505 11.15  206.4 2301.7   8.30    0.0    0.0  0.00 200 200
2019-02-07T23_27_08 2530 11.15  206.4 2301.7   8.30    0.0    0.0  0.00 200 200
2019-02-07T23_28_08 2555 11.15  206.4 2301.7   8.30    0.0    0.0  0.00 200 200
2019-02-07T23_29_08 2580 11.15  206.4 2301.7   8.30    0.0    0.0  0.00 200 200
2019-02-07T23_30_08 2605 11.15  206.4 2301.7   8.30    0.0    0.0  0.00 200 200
2019-02-07T23_31_09 2630 11.15  206.4 2301.7   8.30    0.0    0.0  0.00 200 200
2019-02-07T23_32_09 2655 11.15  206.4 2301.7   8.30    0.0    0.0  0.00 200 200
2019-02-07T23_33_09 2680 11.15  206.4 2301.7   8.30    0.0    0.0  0.00 200 200
2019-02-07T23_34_09 2705 11.15  206.4 2301.7   8.30    0.0    0.0  0.00 200 200
2019-02-07T23_35_09 2730 11.15  206.4 2301.7   8.30    0.0    0.0  0.00 200 200
2019-02-07T23_36_09 2755 11.15  206.4 2301.7   8.30    0.0    0.0  0.00 200 200
2019-02-07T23_37_09 2780 11.15  206.4 2301.7   8.30    0.0    0.0  0.00 200 200
2019-02-07T23_38_09 2805 11.15  206.4 2301.7   8.30    0.0    0.0  0.00 200 200
2019-02-07T23_39_09 2830 11.15  206.0 2297.3   8.30    0.0    0.0  0.00 200 200
2019-02-07T23_40_09 2855 11.15  206.0 2297.3   8.30    0.0    0.0  0.00 200 200
2019-02-07T23_41_09 2880 11.15  206.4 2301.7   8.30    0.0    0.0  0.00 200 200
2019-02-07T23_42_09 2905 11.15  206.4 2301.7   8.30    0.0    0.0  0.00 200 200