2019-02-08T21_45_27 -29606 11.15  205.6 2292.8   8.30    0.0    0.0  0.00 200 200
2019-02-08T21_46_27 -29581 11.15  205.6 2292.8   8.30    0.0    0.0  0.00 200 200
2019-02-08T21_47_27 -29556 11.15  205.6 2292.8   8.30    0.0    0.0  0.00 200 200
2019-02-08T21_48_27 -29531 11.15  205.6 2292.8   8.30    0.0    0.0  0.00 200 200
2019-02-08T21_49_27 -29506 11.15  205.6 2292.8   8.30    0.0    0.0  0.00 200 200
2019-02-08T21_50_27 -29481 11.15  205.6 2292.8   8.30    0.0    0.0  0.00 200 200
2019-02-08T21_51_27 -29456 11.15  205.6 2292.8   8.30    0.0    0.0  0.00 200 200
2019-02-08T21_52_27 -29431 11.15  205.6 2292.8   8.30    0.0    0.0  0.00 200 200
2019-02-08T21_53_28 -29406 11.15  205.6 2292.8   8.30    0.0    0.0  0.00 200 200
2019-02-08T21_54_28 -29381 11.15  205.6 2292.8   8.30    0.0    0.0  0.00 200 200
2019-02-08T21_55_28 -29356 11.15  205.6 2292.8   8.30    0.0    0.0  0.00 200 200
2019-02-08T21_56_28 -29331 11.15  206.0 2297.3   8.30    0.0    0.0  0.00 200 200
2019-02-08T21_57_28 -29306 11.15  206.0 2297.3   8.30    0.0    0.0  0.00 200 200
2019-02-08T21_58_28 -29281 11.15  206.8 2306.2   8.30    0.0    0.0  0.00 200 200
2019-02-08T21_59_28 -29256 11.15  206.0 2297.3   8.30    0.0    0.0  0.00 200 200
2019-02-08T22_00_29 -29231 11.15  206.0 2297.3   8.30    0.0    0.0  0.00 200 200
2019-02-08T22_01_29 -29206 11.15  205.6 2292.8   8.30    0.0    0.0  0.00 200 200
2019-02-08T22_02_29 -29181 11.15  205.6 2292.8   8.30    0.0    0.0  0.00 200 200
2019-02-08T22_03_29 -29156 11.15  205.6 2292.8   8.30    0.0    0.0  0.00 200 200
2019-02-08T22_04_29 -29131 11.15  205.6 2292.8   8.30    0.0    0.0  0.00 200 200
2019-02-08T22_05_29 -29106 11.15  206.0 2297.3   8.30    0.0    0.0  0.00 200 200
2019-02-08T22_06_29 -29081 11.15  205.6 2292.8   8.30    0.0    0.0  0.00 200 200
2019-02-08T22_07_29 -29056 11.15  206.0 2297.3   8.30    0.0    0.0  0.00 200 200
2019-02-08T22_08_30 -29031 11.15  206.0 2297.3   8.30    0.0    0.0  0.00 200 200
2019-02-08T22_09_30 -29006 11.15  206.0 2297.3   8.30    0.0    0.0  0.00 200 200
2019-02-08T22_10_30 -28981 11.14  218.0 2429.3   8.29    0.0    0.0  0.00 200 200
2019-02-08T22_11_30 -28956 11.15  205.6 2292.8   8.30    0.0    0.0  0.00 200 200
2019-02-08T22_12_30 -28931 11.15  205.6 2292.8   8.30    0.0    0.0  0.00 200 200
2019-02-08T22_13_30 -28906 11.15  205.6 2292.8   8.30    0.0    0.0  0.00 200 200
2019-02-08T22_14_30 -28881 11.15  205.6 2292.8   8.30    0.0    0.0  0.00 200 200
2019-02-08T22_15_31 -28856 11.15  206.0 2297.3   8.30    0.0    0.0  0.00 200 200
2019-02-08T22_16_31 -28831 11.15  206.0 2297.3   8.30    0.0    0.0  0.00 200 200
2019-02-08T22_17_31 -28806 11.15  206.0 2297.3   8.30    0.0    0.0  0.00 200 200
2019-02-08T22_18_31 -28781 11.15  205.6 2292.8   8.30    0.0    0.0  0.00 200 200
2019-02-08T22_19_31 -28756 11.15  205.6 2292.8   8.30    0.0    0.0  0.00 200 200
2019-02-08T22_20_31 -28731 11.15  205.6 2292.8   8.30    0.0    0.0  0.00 200 200
2019-02-08T22_21_31 -28706 11.15  205.6 2292.8   8.30    0.0    0.0  0.00 200 200
2019-02-08T22_22_31 -28681 11.15  205.6 2292.8   8.30    0.0    0.0  0.00 200 200
2019-02-08T22_23_32 -28656 11.15  205.6 2292.8   8.30    0.0    0.0  0.00 200 200
2019-02-08T22_24_32 -28631 11.15  205.6 2292.8   8.30    0.0    0.0  0.00 200 200
2019-02-08T22_25_32 -28606 11.15  205.6 2292.8   8.30    0.0    0.0  0.00 200 200
2019-02-08T22_26_32 -28581 11.15  205.6 2292.8   8.30    0.0    0.0  0.00 200 200
2019-02-08T22_27_32 -28556 11.15  205.6 2292.8   8.30    0.0    0.0  0.00 200 200
2019-02-08T22_28_32 -28531 11.15  205.6 2292.8   8.30    0.0    0.0  0.00 200 200
2019-02-08T22_29_32 -28506 11.15  205.6 2292.8   8.30    0.0    0.0  0.00 200 200
2019-02-08T22_30_33 -28481 11.15  205.6 2292.8   8.30    0.0    0.0  0.00 200 200
2019-02-08T22_31_33 -28456 11.15  205.6 2292.8   8.30    0.0    0.0  0.00 200 200
2019-02-08T22_32_33 -28431 11.15  206.4 2301.7   8.30    0.0    0.0  0.00 200 200
2019-02-08T22_33_33 -28406 11.15  206.0 2297.3   8.30    0.0    0.0  0.00 200 200
2019-02-08T22_34_33 -28381 11.15  205.6 2292.8   8.30    0.0    0.0  0.00 200 200
2019-02-08T22_35_33 -28356 11.15  205.6 2292.8   8.30    0.0    0.0  0.00 200 200
2019-02-08T22_36_33 -28331 11.15  205.6 2292.8   8.30    0.0    0.0  0.00 200 200
2019-02-08T22_37_33 -28306 11.15  205.6 2292.8   8.30    0.0    0.0  0.00 200 200
2019-02-08T22_38_34 -28281 11.15  205.6 2292.8   8.30    0.0    0.0  0.00 200 200
2019-02-08T22_39_34 -28256 11.15  205.6 2292.8   8.30    0.0    0.0  0.00 200 200
2019-02-08T22_40_34 -28231 11.15  205.6 2292.8   8.30    0.0    0.0  0.00 200 200
2019-02-08T22_41_34 -28206 11.15  205.6 2292.8   8.30    0.0    0.0  0.00 200 200
2019-02-08T22_42_34 -28181 11.15  205.6 2292.8   8.30    0.0    0.0  0.00 200 200
2019-02-08T22_43_34 -28156 11.15  205.6 2292.8   8.30    0.0    0.0  0.00 200 200
2019-02-08T22_44_34 -28131 11.15  205.6 2292.8   8.30    0.0    0.0  0.00 200 200