2019-02-08T22_45_35 -28106 11.15  205.6 2292.8   8.30    0.0    0.0  0.00 200 200
2019-02-08T22_46_35 -28081 11.15  205.6 2292.8   8.30    0.0    0.0  0.00 200 200
2019-02-08T22_47_35 -28056 11.15  205.6 2292.8   8.30    0.0    0.0  0.00 200 200
2019-02-08T22_48_35 -28031 11.15  206.4 2301.7   8.30    0.0    0.0  0.00 200 200
2019-02-08T22_49_35 -28006 11.15  206.0 2297.3   8.30    0.0    0.0  0.00 200 200
2019-02-08T22_50_35 -27981 11.15  206.0 2297.3   8.30    0.0    0.0  0.00 200 200
2019-02-08T22_51_35 -27956 11.15  206.0 2297.3   8.30    0.0    0.0  0.00 200 200
2019-02-08T22_52_35 -27931 11.15  205.6 2292.8   8.30    0.0    0.0  0.00 200 200
2019-02-08T22_53_36 -27906 11.15  205.6 2292.8   8.30    0.0    0.0  0.00 200 200
2019-02-08T22_54_36 -27881 11.15  210.0 2341.9   8.30    0.0    0.0  0.00 200 200
2019-02-08T22_55_36 -27856 11.14  212.4 2366.9   8.30    0.0    0.0  0.00 200 200
2019-02-08T22_56_36 -27831 11.14  216.8 2416.0   8.30    0.0    0.0  0.00 200 200
2019-02-08T22_57_36 -27806 11.14  217.2 2420.4   8.29    0.0    0.0  0.00 200 200
2019-02-08T22_58_36 -27781 11.15  205.6 2292.8   8.30    0.0    0.0  0.00 200 200
2019-02-08T22_59_36 -27756 11.14  218.0 2429.3   8.29    0.0    0.0  0.00 200 200
2019-02-08T23_00_37 -27731 11.14  218.0 2429.3   8.29    0.0    0.0  0.00 200 200
2019-02-08T23_01_37 -27706 11.15  206.0 2297.3   8.30    0.0    0.0  0.00 200 200
2019-02-08T23_02_37 -27681 11.15  208.8 2328.5   8.30    0.0    0.0  0.00 200 200
2019-02-08T23_03_37 -27656 11.15  208.0 2319.6   8.30    0.0    0.0  0.00 200 200
2019-02-08T23_04_37 -27631 11.15  207.6 2315.1   8.30    0.0    0.0  0.00 200 200
2019-02-08T23_05_37 -27606 11.15  207.6 2315.1   8.30    0.0    0.0  0.00 200 200
2019-02-08T23_06_37 -27581 11.15  207.2 2310.6   8.30    0.0    0.0  0.00 200 200
2019-02-08T23_07_37 -27556 11.15  206.0 2297.3   8.30    0.0    0.0  0.00 200 200
2019-02-08T23_08_38 -27531 11.15  206.0 2297.3   8.30    0.0    0.0  0.00 200 200
2019-02-08T23_09_38 -27506 11.15  206.0 2297.3   8.30    0.0    0.0  0.00 200 200
2019-02-08T23_10_38 -27481 11.15  206.0 2297.3   8.30    0.0    0.0  0.00 200 200
2019-02-08T23_11_38 -27456 11.15  205.6 2292.8   8.30    0.0    0.0  0.00 200 200
2019-02-08T23_12_38 -27431 11.15  205.6 2292.8   8.30    0.0    0.0  0.00 200 200
2019-02-08T23_13_38 -27406 11.15  205.6 2292.8   8.30    0.0    0.0  0.00 200 200
2019-02-08T23_14_38 -27381 11.15  205.6 2292.8   8.30    0.0    0.0  0.00 200 200
2019-02-08T23_15_39 -27356 11.15  205.6 2292.8   8.30    0.0    0.0  0.00 200 200
2019-02-08T23_16_39 -27331 11.15  205.6 2292.8   8.30    0.0    0.0  0.00 200 200
2019-02-08T23_17_39 -27306 11.15  205.6 2292.8   8.30    0.0    0.0  0.00 200 200
2019-02-08T23_18_39 -27281 11.15  205.6 2292.8   8.30    0.0    0.0  0.00 200 200
2019-02-08T23_19_39 -27256 11.15  205.6 2292.8   8.30    0.0    0.0  0.00 200 200
2019-02-08T23_20_39 -27231 11.15  206.0 2297.3   8.30    0.0    0.0  0.00 200 200
2019-02-08T23_21_39 -27206 11.15  207.2 2310.6   8.30    0.0    0.0  0.00 200 200
2019-02-08T23_22_39 -27181 11.15  206.0 2297.3   8.30    0.0    0.0  0.00 200 200
2019-02-08T23_23_40 -27156 11.15  206.0 2297.3   8.30    0.0    0.0  0.00 200 200
2019-02-08T23_24_40 -27131 11.15  205.6 2292.8   8.30    0.0    0.0  0.00 200 200
2019-02-08T23_25_40 -27106 11.15  205.6 2292.8   8.30    0.0    0.0  0.00 200 200
2019-02-08T23_26_40 -27081 11.15  205.6 2292.8   8.30    0.0    0.0  0.00 200 200
2019-02-08T23_27_40 -27056 11.15  205.6 2292.8   8.30    0.0    0.0  0.00 200 200
2019-02-08T23_28_40 -27031 11.15  205.6 2292.8   8.30    0.0    0.0  0.00 200 200
2019-02-08T23_29_40 -27006 11.15  205.6 2292.8   8.30    0.0    0.0  0.00 200 200
2019-02-08T23_30_41 -26981 11.15  206.0 2297.3   8.30    0.0    0.0  0.00 200 200
2019-02-08T23_31_41 -26956 11.15  205.6 2292.8   8.30    0.0    0.0  0.00 200 200
2019-02-08T23_32_41 -26931 11.15  205.6 2292.8   8.30    0.0    0.0  0.00 200 200
2019-02-08T23_33_41 -26906 11.15  205.6 2292.8   8.30    0.0    0.0  0.00 200 200
2019-02-08T23_34_41 -26881 11.15  205.6 2292.8   8.30    0.0    0.0  0.00 200 200
2019-02-08T23_35_41 -26856 11.15  205.6 2292.8   8.30    0.0    0.0  0.00 200 200
2019-02-08T23_36_41 -26831 11.15  205.6 2292.8   8.30    0.0    0.0  0.00 200 200
2019-02-08T23_37_41 -26806 11.15  205.6 2292.8   8.30    0.0    0.0  0.00 200 200
2019-02-08T23_38_42 -26781 11.15  206.4 2301.7   8.30    0.0    0.0  0.00 200 200
2019-02-08T23_39_42 -26756 11.15  206.0 2297.3   8.30    0.0    0.0  0.00 200 200
2019-02-08T23_40_42 -26731 11.15  206.0 2297.3   8.30    0.0    0.0  0.00 200 200
2019-02-08T23_41_42 -26706 11.15  206.0 2297.3   8.30    0.0    0.0  0.00 200 200
2019-02-08T23_42_42 -26681 11.15  205.6 2292.8   8.30    0.0    0.0  0.00 200 200
2019-02-08T23_43_42 -26656 11.15  205.6 2292.8   8.30    0.0    0.0  0.00 200 200
2019-02-08T23_44_42 -26631 11.15  205.6 2292.8   8.30    0.0    0.0  0.00 200 200