2016-09-19T00:00:00 DATA: -9743  4.22   -0.8   -3.3   7.86  134.4 1055.8  -312.45 199.00 199.00
2016-09-19T00:00:32 DATA: -9730  4.22   -0.8   -3.3   7.86  130.4 1024.4  -303.16 199.00 199.00
2016-09-19T00:01:05 DATA: -9717  4.22   -0.8   -3.3   7.84  159.2 1248.1  -369.36 199.00 199.00
2016-09-19T00:01:37 DATA: -9704  4.22   -0.8   -3.3   7.85  141.2 1108.1  -327.93 199.00 199.00
2016-09-19T00:02:09 DATA: -9691  4.22   -0.8   -3.3   7.85  134.0 1051.6  -311.21 199.00 199.00
2016-09-19T00:02:42 DATA: -9678  4.22   -0.8   -3.3   7.85  132.4 1039.0  -307.49 199.00 199.00
2016-09-19T00:03:14 DATA: -9665  4.22   -0.8   -3.3   7.85  130.0 1020.2  -301.92 199.00 199.00
2016-09-19T00:03:46 DATA: -9652  4.22   -0.8   -3.3   7.85  131.6 1032.8  -305.63 199.00 199.00
2016-09-19T00:04:18 DATA: -9639  4.22   -0.8   -3.3   7.85  134.0 1051.6  -311.21 199.00 199.00
2016-09-19T00:04:51 DATA: -9626  4.22   -0.8   -3.3   7.83  160.0 1253.1  -370.83 199.00 199.00
2016-09-19T00:05:23 DATA: -9613  4.22   -0.8   -3.3   7.85  131.2 1029.6  -304.70 199.00 199.00
2016-09-19T00:05:55 DATA: -9600  4.22   -0.8   -3.3   7.85  130.4 1023.3  -302.85 199.00 199.00
2016-09-19T00:06:28 DATA: -9587  4.22   -0.8   -3.3   7.85  135.6 1064.1  -314.92 199.00 199.00
2016-09-19T00:07:00 DATA: -9574  4.22   -0.8   -3.3   7.85  132.8 1042.2  -308.42 199.00 199.00
2016-09-19T00:07:32 DATA: -9561  4.22   -0.8   -3.3   7.85  131.6 1032.8  -305.63 199.00 199.00
2016-09-19T00:08:04 DATA: -9548  4.22   -0.8   -3.3   7.83  159.2 1246.8  -368.98 199.00 199.00
2016-09-19T00:08:37 DATA: -9535  4.22   -0.8   -3.3   7.83  164.0 1284.4  -380.10 199.00 199.00
2016-09-19T00:09:09 DATA: -9522  4.22   -0.8   -3.3   7.85  133.6 1048.4  -310.28 199.00 199.00
2016-09-19T00:09:41 DATA: -9509  4.22   -0.8   -3.3   7.85  131.6 1032.8  -305.63 199.00 199.00
2016-09-19T00:10:14 DATA: -9496  4.22   -0.8   -3.3   7.85  130.8 1026.5  -303.78 199.00 199.00
2016-09-19T00:10:46 DATA: -9483  4.22   -0.8   -3.3   7.84  134.4 1053.7  -311.82 199.00 199.00
2016-09-19T00:11:18 DATA: -9470  4.22   -0.8   -3.3   7.84  132.0 1034.8  -306.25 199.00 199.00
2016-09-19T00:11:50 DATA: -9457  4.22   -0.8   -3.3   7.83  159.6 1249.9  -369.91 199.00 199.00
2016-09-19T00:12:23 DATA: -9444  4.22   -0.8   -3.3   7.85  130.8 1026.5  -303.78 199.00 199.00
2016-09-19T00:12:55 DATA: -9431  4.22   -0.8   -3.3   7.84  133.2 1044.2  -309.03 199.00 199.00
2016-09-19T00:13:27 DATA: -9418  4.22   -0.8   -3.3   7.84  134.0 1050.5  -310.89 199.00 199.00
2016-09-19T00:14:00 DATA: -9405  4.22   -0.8   -3.3   7.84  130.0 1019.2  -301.61 199.00 199.00
2016-09-19T00:14:32 DATA: -9392  4.22   -0.8   -3.3   7.84  131.2 1028.6  -304.39 199.00 199.00
2016-09-19T00:15:04 DATA: -9379  4.22   -0.8   -3.3   7.84  134.4 1053.7  -311.82 199.00 199.00
2016-09-19T00:15:36 DATA: -9366  4.22   -0.8   -3.3   7.84  132.0 1034.8  -306.25 199.00 199.00
2016-09-19T00:16:09 DATA: -9353  4.22   -0.8   -3.3   7.82  160.0 1251.8  -370.45 199.00 199.00
2016-09-19T00:16:41 DATA: -9340  4.22   -0.8   -3.3   7.84  131.2 1028.6  -304.39 199.00 199.00
2016-09-19T00:17:13 DATA: -9327  4.22   -0.8   -3.3   7.83  144.4 1130.9  -334.68 199.00 199.00
2016-09-19T00:17:46 DATA: -9314  4.22   -0.8   -3.3   7.84  134.0 1050.5  -310.89 199.00 199.00
2016-09-19T00:18:18 DATA: -9301  4.22   -0.8   -3.3   7.84  131.6 1031.7  -305.32 199.00 199.00
2016-09-19T00:18:50 DATA: -9288  4.22   -0.8   -3.3   7.84  131.2 1028.6  -304.39 199.00 199.00
2016-09-19T00:19:22 DATA: -9275  4.22   -0.8   -3.3   7.84  133.6 1047.4  -309.96 199.00 199.00
2016-09-19T00:19:55 DATA: -9262  4.22   -0.8   -3.3   7.84  132.4 1038.0  -307.18 199.00 199.00
2016-09-19T00:20:27 DATA: -9249  4.22   -0.8   -3.3   7.82  161.2 1261.2  -373.23 199.00 199.00
2016-09-19T00:20:59 DATA: -9236  4.22   -0.8   -3.3   7.84  131.6 1031.7  -305.32 199.00 199.00
2016-09-19T00:21:32 DATA: -9223  4.22   -0.8   -3.3   7.83  132.4 1036.9  -306.86 199.00 199.00
2016-09-19T00:22:04 DATA: -9210  4.22   -0.8   -3.3   7.83  138.0 1080.8  -319.84 199.00 199.00
2016-09-19T00:22:36 DATA: -9197  4.22   -0.8   -3.3   7.83  132.8 1040.0  -307.79 199.00 199.00
2016-09-19T00:23:08 DATA: -9184  4.22   -0.8   -3.3   7.83  131.2 1027.5  -304.08 199.00 199.00
2016-09-19T00:23:41 DATA: -9171  4.22   -0.8   -3.3   7.82  159.2 1245.5  -368.60 199.00 199.00
2016-09-19T00:24:13 DATA: -9158  4.22   -0.8   -3.3   7.83  132.4 1036.9  -306.86 199.00 199.00
2016-09-19T00:24:45 DATA: -9145  4.22   -0.8   -3.3   7.83  134.0 1049.4  -310.57 199.00 199.00
2016-09-19T00:25:18 DATA: -9132  4.22   -0.8   -3.3   7.83  131.2 1027.5  -304.08 199.00 199.00
2016-09-19T00:25:50 DATA: -9119  4.22   -0.8   -3.3   7.83  130.4 1021.2  -302.23 199.00 199.00
2016-09-19T00:26:22 DATA: -9106  4.22   -0.8   -3.3   7.83  134.0 1049.4  -310.57 199.00 199.00
2016-09-19T00:26:54 DATA: -9093  4.22   -0.8   -3.3   7.83  135.2 1058.8  -313.35 199.00 199.00
2016-09-19T00:27:27 DATA: -9080  4.22   -0.8   -3.3   7.83  130.8 1024.4  -303.16 199.00 199.00
2016-09-19T00:27:59 DATA: -9067  4.22   -0.8   -3.3   7.83  131.2 1027.5  -304.08 199.00 199.00
2016-09-19T00:28:31 DATA: -9054  4.22   -0.8   -3.3   7.82  164.4 1284.9  -380.25 199.00 199.00
2016-09-19T00:29:04 DATA: -9041  4.22   -0.8   -3.3   7.83  133.6 1046.3  -309.65 199.00 199.00
2016-09-19T00:29:36 DATA: -9028  4.22   -0.8   -3.3   7.82  160.4 1253.6  -371.00 199.00 199.00
2016-09-19T00:30:08 DATA: -9015  4.22   -0.8   -3.3   7.83  130.8 1024.4  -303.16 199.00 199.00
2016-09-19T00:30:40 DATA: -9002  4.22   -0.8   -3.3   7.82  132.8 1039.0  -307.48 199.00 199.00
2016-09-19T00:31:13 DATA: -8989  4.22   -0.8   -3.3   7.82  133.2 1042.1  -308.40 199.00 199.00
2016-09-19T00:31:45 DATA: -8976  4.22   -0.8   -3.3   7.82  151.6 1184.9  -350.65 199.00 199.00
2016-09-19T00:32:17 DATA: -8963  4.22   -0.8   -3.3   7.82  131.6 1029.6  -304.70 199.00 199.00
2016-09-19T00:32:50 DATA: -8950  4.22   -0.8   -3.3   7.82  133.2 1042.1  -308.40 199.00 199.00
2016-09-19T00:33:22 DATA: -8937  4.22   -0.8   -3.3   7.81  161.6 1261.7  -373.39 199.00 199.00
2016-09-19T00:33:54 DATA: -8924  4.22   -0.8   -3.3   7.82  133.6 1045.2  -309.33 199.00 199.00
2016-09-19T00:34:26 DATA: -8911  4.22   -0.8   -3.3   7.82  131.2 1026.5  -303.77 199.00 199.00
2016-09-19T00:34:59 DATA: -8898  4.22   -0.8   -3.3   7.82  132.8 1039.0  -307.48 199.00 199.00
2016-09-19T00:35:31 DATA: -8885  4.22   -0.8   -3.3   7.82  133.2 1042.1  -308.40 199.00 199.00
2016-09-19T00:36:03 DATA: -8872  4.22   -0.8   -3.3   7.82  133.2 1042.1  -308.40 199.00 199.00
2016-09-19T00:36:36 DATA: -8859  4.22   -0.8   -3.3   7.82  131.2 1026.5  -303.77 199.00 199.00
2016-09-19T00:37:08 DATA: -8846  4.22   -0.8   -3.3   7.82  131.2 1026.5  -303.77 199.00 199.00
2016-09-19T00:37:40 DATA: -8833  4.22   -0.8   -3.3   7.82  148.0 1156.7  -342.32 199.00 199.00
2016-09-19T00:38:12 DATA: -8820  4.22   -0.8   -3.3   7.82  134.0 1048.4  -310.26 199.00 199.00
2016-09-19T00:38:45 DATA: -8807  4.22   -0.8   -3.3   7.82  130.4 1020.2  -301.92 199.00 199.00
2016-09-19T00:39:17 DATA: -8794  4.22   -0.8   -3.3   7.82  132.8 1039.0  -307.48 199.00 199.00
2016-09-19T00:39:49 DATA: -8781  4.22   -0.8   -3.3   7.82  134.0 1047.3  -309.94 199.00 199.00
2016-09-19T00:40:21 DATA: -8768  4.22   -0.8   -3.3   7.82  132.0 1031.7  -305.31 199.00 199.00
2016-09-19T00:40:54 DATA: -8755  4.22   -0.8   -3.3   7.82  131.2 1026.5  -303.77 199.00 199.00
2016-09-19T00:41:26 DATA: -8742  4.22   -0.8   -3.3   7.82  132.8 1037.9  -307.16 199.00 199.00
2016-09-19T00:41:58 DATA: -8729  4.22   -0.8   -3.3   7.82  132.4 1034.8  -306.24 199.00 199.00
2016-09-19T00:42:31 DATA: -8716  4.22   -0.8   -3.3   7.82  137.6 1075.4  -318.27 199.00 199.00
2016-09-19T00:43:03 DATA: -8703  4.22   -0.8   -3.3   7.82  132.4 1034.8  -306.24 199.00 199.00
2016-09-19T00:43:35 DATA: -8690  4.22   -0.8   -3.3   7.82  133.6 1044.2  -309.01 199.00 199.00
2016-09-19T00:44:07 DATA: -8677  4.22   -0.8   -3.3   7.81  157.2 1227.4  -363.23 199.00 199.00
2016-09-19T00:44:40 DATA: -8664  4.22   -0.8   -3.3   7.80  161.2 1257.3  -372.09 199.00 199.00
2016-09-19T00:45:12 DATA: -8651  4.22   -0.8   -3.3   7.82  133.2 1041.0  -308.09 199.00 199.00
2016-09-19T00:45:44 DATA: -8638  4.22   -0.8   -3.3   7.81  147.2 1149.3  -340.12 199.00 199.00
2016-09-19T00:46:17 DATA: -8625  4.22   -0.8   -3.3   7.82  132.4 1034.8  -306.24 199.00 199.00
2016-09-19T00:46:49 DATA: -8612  4.22   -0.8   -3.3   7.82  133.6 1044.2  -309.01 199.00 199.00
2016-09-19T00:47:21 DATA: -8599  4.22   -0.8   -3.3   7.82  133.6 1044.2  -309.01 199.00 199.00
2016-09-19T00:47:53 DATA: -8586  4.22   -0.8   -3.3   7.82  132.8 1037.9  -307.16 199.00 199.00
2016-09-19T00:48:26 DATA: -8573  4.22   -0.8   -3.3   7.82  132.8 1037.9  -307.16 199.00 199.00
2016-09-19T00:48:58 DATA: -8560  4.22   -0.8   -3.3   7.82  133.6 1044.2  -309.01 199.00 199.00
2016-09-19T00:49:30 DATA: -8547  4.22   -0.8   -3.3   7.81  132.4 1033.7  -305.92 199.00 199.00
2016-09-19T00:50:03 DATA: -8534  4.22   -0.8   -3.3   7.82  133.2 1041.0  -308.09 199.00 199.00
2016-09-19T00:50:35 DATA: -8521  4.22   -0.8   -3.3   7.81  132.4 1033.7  -305.92 199.00 199.00
2016-09-19T00:51:07 DATA: -8508  4.22   -0.8   -3.3   7.81  132.0 1030.6  -305.00 199.00 199.00
2016-09-19T00:51:39 DATA: -8495  4.22   -0.8   -3.3   7.81  142.0 1108.7  -328.11 199.00 199.00
2016-09-19T00:52:12 DATA: -8482  4.22   -0.8   -3.3   7.81  131.2 1024.4  -303.15 199.00 199.00
2016-09-19T00:52:44 DATA: -8469  4.22   -0.8   -3.3   7.81  133.2 1040.0  -307.77 199.00 199.00
2016-09-19T00:53:16 DATA: -8456  4.22   -0.8   -3.3   7.81  133.6 1043.1  -308.70 199.00 199.00
2016-09-19T00:53:49 DATA: -8443  4.22   -0.8   -3.3   7.81  133.6 1043.1  -308.70 199.00 199.00
2016-09-19T00:54:21 DATA: -8430  4.22   -0.8   -3.3   7.81  132.4 1033.7  -305.92 199.00 199.00
2016-09-19T00:54:53 DATA: -8417  4.22   -0.8   -3.3   7.81  130.8 1021.2  -302.23 199.00 199.00
2016-09-19T00:55:25 DATA: -8404  4.22   -0.8   -3.3   7.80  151.2 1179.3  -349.01 199.00 199.00
2016-09-19T00:55:58 DATA: -8391  4.22   -0.8   -3.3   7.79  161.6 1259.1  -372.63 199.00 199.00
2016-09-19T00:56:30 DATA: -8378  4.22   -0.8   -3.3   7.81  131.6 1027.5  -304.08 199.00 199.00
2016-09-19T00:57:02 DATA: -8365  4.22   -0.8   -3.3   7.81  133.2 1040.0  -307.77 199.00 199.00
2016-09-19T00:57:35 DATA: -8352  4.22   -0.8   -3.3   7.79  164.0 1277.8  -378.16 199.00 199.00
2016-09-19T00:58:07 DATA: -8339  4.22   -0.8   -3.3   7.80  140.4 1095.1  -324.08 199.00 199.00
2016-09-19T00:58:39 DATA: -8326  4.22   -0.8   -3.3   7.81  132.8 1036.9  -306.85 199.00 199.00
2016-09-19T00:59:11 DATA: -8313  4.22   -0.8   -3.3   7.81  133.2 1040.0  -307.77 199.00 199.00
2016-09-19T00:59:44 DATA: -8300  4.22   -0.8   -3.3   7.79  159.6 1243.6  -368.02 199.00 199.00
2016-09-19T01:00:16 DATA: -8287  4.22   -0.8   -3.3   7.79  161.2 1256.0  -371.71 199.00 199.00
2016-09-19T01:00:48 DATA: -8274  4.22   -0.8   -3.3   7.80  133.2 1038.9  -307.46 199.00 199.00
2016-09-19T01:01:21 DATA: -8261  4.22   -0.8   -3.3   7.80  133.2 1038.9  -307.46 199.00 199.00
2016-09-19T01:01:53 DATA: -8248  4.22   -0.8   -3.3   7.80  132.0 1029.6  -304.69 199.00 199.00
2016-09-19T01:02:25 DATA: -8235  4.22   -0.8   -3.3   7.80  134.0 1045.2  -309.30 199.00 199.00
2016-09-19T01:02:57 DATA: -8222  4.22   -0.8   -3.3   7.80  136.0 1060.8  -313.92 199.00 199.00
2016-09-19T01:03:30 DATA: -8209  4.22   -0.8   -3.3   7.80  132.0 1029.6  -304.69 199.00 199.00
2016-09-19T01:04:02 DATA: -8196  4.22   -0.8   -3.3   7.80  133.2 1038.9  -307.46 199.00 199.00
2016-09-19T01:04:34 DATA: -8183  4.22   -0.8   -3.3   7.80  134.0 1045.2  -309.30 199.00 199.00
2016-09-19T01:05:07 DATA: -8170  4.22   -0.8   -3.3   7.80  132.8 1035.8  -306.53 199.00 199.00
2016-09-19T01:05:39 DATA: -8157  4.22   -0.8   -3.3   7.80  133.6 1042.0  -308.38 199.00 199.00
2016-09-19T01:06:11 DATA: -8144  4.22   -0.8   -3.3   7.80  132.8 1035.8  -306.53 199.00 199.00
2016-09-19T01:06:43 DATA: -8131  4.22   -0.8   -3.3   7.80  132.0 1029.6  -304.69 199.00 199.00
2016-09-19T01:07:16 DATA: -8118  4.22   -0.8   -3.3   7.78  160.8 1251.6  -370.40 199.00 199.00
2016-09-19T01:07:48 DATA: -8105  4.22   -0.8   -3.3   7.80  134.0 1045.2  -309.30 199.00 199.00
2016-09-19T01:08:20 DATA: -8092  4.22   -0.8   -3.3   7.80  131.2 1023.3  -302.84 199.00 199.00
2016-09-19T01:08:53 DATA: -8079  4.22   -0.8   -3.3   7.79  133.2 1037.8  -307.14 199.00 199.00
2016-09-19T01:09:25 DATA: -8066  4.22   -0.8   -3.3   7.79  133.2 1037.8  -307.14 199.00 199.00
2016-09-19T01:09:57 DATA: -8053  4.22   -0.8   -3.3   7.79  131.6 1025.4  -303.45 199.00 199.00
2016-09-19T01:10:29 DATA: -8040  4.22   -0.8   -3.3   7.79  132.8 1034.7  -306.22 199.00 199.00
2016-09-19T01:11:02 DATA: -8027  4.22   -0.8   -3.3   7.79  132.8 1034.7  -306.22 199.00 199.00
2016-09-19T01:11:34 DATA: -8014  4.22   -0.8   -3.3   7.78  161.2 1253.4  -370.94 199.00 199.00
2016-09-19T01:12:06 DATA: -8001  4.22   -0.8   -3.3   7.79  133.6 1041.0  -308.06 199.00 199.00
2016-09-19T01:12:38 DATA: -7988  4.22   -0.8   -3.3   7.79  132.8 1034.7  -306.22 199.00 199.00
2016-09-19T01:13:11 DATA: -7975  4.22   -0.8   -3.3   7.79  131.2 1022.3  -302.53 199.00 199.00
2016-09-19T01:13:43 DATA: -7962  4.22   -0.8   -3.3   7.78  150.4 1170.7  -346.45 199.00 199.00
2016-09-19T01:14:15 DATA: -7949  4.22   -0.8   -3.3   7.79  133.6 1041.0  -308.06 199.00 199.00
2016-09-19T01:14:48 DATA: -7936  4.22   -0.8   -3.3   7.79  132.4 1031.6  -305.30 199.00 199.00
2016-09-19T01:15:20 DATA: -7923  4.22   -0.8   -3.3   7.78  160.4 1247.2  -369.10 199.00 199.00
2016-09-19T01:15:52 DATA: -7910  4.22   -0.8   -3.3   7.79  134.0 1044.1  -308.99 199.00 199.00
2016-09-19T01:16:24 DATA: -7897  4.22   -0.8   -3.3   7.79  132.8 1034.7  -306.22 199.00 199.00
2016-09-19T01:16:57 DATA: -7884  4.22   -0.8   -3.3   7.79  132.8 1034.7  -306.22 199.00 199.00
2016-09-19T01:17:29 DATA: -7871  4.22   -0.8   -3.3   7.79  132.8 1034.7  -306.22 199.00 199.00
2016-09-19T01:18:01 DATA: -7858  4.22   -0.8   -3.3   7.79  132.8 1034.7  -306.22 199.00 199.00
2016-09-19T01:18:34 DATA: -7845  4.22   -0.8   -3.3   7.78  137.2 1067.9  -316.04 199.00 199.00
2016-09-19T01:19:06 DATA: -7832  4.22   -0.8   -3.3   7.78  159.6 1241.0  -367.26 199.00 199.00
2016-09-19T01:19:38 DATA: -7819  4.22   -0.8   -3.3   7.77  164.4 1277.0  -377.92 199.00 199.00
2016-09-19T01:20:10 DATA: -7806  4.22   -0.8   -3.3   7.78  134.0 1043.0  -308.67 199.00 199.00
2016-09-19T01:20:43 DATA: -7793  4.22   -0.8   -3.3   7.78  134.0 1043.0  -308.67 199.00 199.00
2016-09-19T01:21:15 DATA: -7780  4.22   -0.8   -3.3   7.78  133.6 1039.9  -307.75 199.00 199.00
2016-09-19T01:21:47 DATA: -7767  4.22   -0.8   -3.3   7.77  159.6 1239.7  -366.88 199.00 199.00
2016-09-19T01:22:20 DATA: -7754  4.22   -0.8   -3.3   7.78  132.8 1033.7  -305.91 199.00 199.00
2016-09-19T01:22:52 DATA: -7741  4.22   -0.8   -3.3   7.77  161.2 1252.2  -370.56 199.00 199.00
2016-09-19T01:23:24 DATA: -7728  4.22   -0.8   -3.3   7.78  134.4 1046.1  -309.59 199.00 199.00
2016-09-19T01:23:56 DATA: -7715  4.22   -0.8   -3.3   7.78  133.2 1036.8  -306.83 199.00 199.00
2016-09-19T01:24:29 DATA: -7702  4.22   -0.8   -3.3   7.78  132.8 1033.7  -305.91 199.00 199.00
2016-09-19T01:25:01 DATA: -7689  4.22   -0.8   -3.3   7.78  133.2 1036.8  -306.83 199.00 199.00
2016-09-19T01:25:33 DATA: -7676  4.22   -0.8   -3.3   7.78  135.2 1052.4  -311.43 199.00 199.00
2016-09-19T01:26:06 DATA: -7663  4.22   -0.8   -3.3   7.78  133.6 1039.9  -307.75 199.00 199.00
2016-09-19T01:26:38 DATA: -7650  4.22   -0.8   -3.3   7.78  132.0 1027.4  -304.06 199.00 199.00
2016-09-19T01:27:10 DATA: -7637  4.22   -0.8   -3.3   7.77  162.4 1261.5  -373.32 199.00 199.00
2016-09-19T01:27:42 DATA: -7624  4.22   -0.8   -3.3   7.78  135.6 1054.4  -312.03 199.00 199.00
2016-09-19T01:28:15 DATA: -7611  4.22   -0.8   -3.3   7.78  131.6 1023.3  -302.83 199.00 199.00
2016-09-19T01:28:47 DATA: -7598  4.22   -0.8   -3.3   7.78  132.4 1029.5  -304.67 199.00 199.00
2016-09-19T01:29:19 DATA: -7585  4.22   -0.8   -3.3   7.78  138.8 1079.3  -319.40 199.00 199.00
2016-09-19T01:29:52 DATA: -7572  4.22   -0.8   -3.3   7.78  132.8 1032.6  -305.59 199.00 199.00
2016-09-19T01:30:24 DATA: -7559  4.22   -0.8   -3.3   7.78  133.2 1035.7  -306.51 199.00 199.00
2016-09-19T01:30:56 DATA: -7546  4.22   -0.8   -3.3   7.76  160.0 1241.6  -367.42 199.00 199.00
2016-09-19T01:31:28 DATA: -7533  4.22   -0.8   -3.3   7.78  132.8 1032.6  -305.59 199.00 199.00
2016-09-19T01:32:01 DATA: -7520  4.22   -0.8   -3.3   7.78  133.2 1035.7  -306.51 199.00 199.00
2016-09-19T01:32:33 DATA: -7507  4.22   -0.8   -3.3   7.78  133.2 1035.7  -306.51 199.00 199.00
2016-09-19T01:33:05 DATA: -7494  4.22   -0.8   -3.3   7.78  132.4 1029.5  -304.67 199.00 199.00
2016-09-19T01:33:38 DATA: -7481  4.22   -0.8   -3.3   7.78  133.2 1035.7  -306.51 199.00 199.00
2016-09-19T01:34:10 DATA: -7468  4.22   -0.8   -3.3   7.77  139.6 1084.4  -320.91 199.00 199.00
2016-09-19T01:34:42 DATA: -7455  4.22   -0.8   -3.3   7.76  161.2 1250.9  -370.18 199.00 199.00
2016-09-19T01:35:14 DATA: -7442  4.22   -0.8   -3.3   7.78  131.6 1023.3  -302.83 199.00 199.00
2016-09-19T01:35:47 DATA: -7429  4.22   -0.8   -3.3   7.76  160.4 1244.7  -368.34 199.00 199.00
2016-09-19T01:36:19 DATA: -7416  4.22   -0.8   -3.3   7.78  133.2 1035.7  -306.51 199.00 199.00
2016-09-19T01:36:51 DATA: -7403  4.22   -0.8   -3.3   7.78  133.2 1035.7  -306.51 199.00 199.00
2016-09-19T01:37:24 DATA: -7390  4.22   -0.8   -3.3   7.76  152.0 1179.5  -349.05 199.00 199.00
2016-09-19T01:37:56 DATA: -7377  4.22   -0.8   -3.3   7.78  132.4 1029.5  -304.67 199.00 199.00
2016-09-19T01:38:28 DATA: -7364  4.22   -0.8   -3.3   7.77  133.6 1037.8  -307.12 199.00 199.00
2016-09-19T01:39:00 DATA: -7351  4.22   -0.8   -3.3   7.77  134.8 1047.1  -309.87 199.00 199.00
2016-09-19T01:39:33 DATA: -7338  4.22   -0.8   -3.3   7.76  152.0 1179.5  -349.05 199.00 199.00
2016-09-19T01:40:05 DATA: -7325  4.22   -0.8   -3.3   7.77  132.8 1031.5  -305.28 199.00 199.00
2016-09-19T01:40:37 DATA: -7312  4.22   -0.8   -3.3   7.77  132.4 1028.4  -304.36 199.00 199.00
2016-09-19T01:41:10 DATA: -7299  4.22   -0.8   -3.3   7.77  136.0 1056.4  -312.63 199.00 199.00
2016-09-19T01:41:42 DATA: -7286  4.22   -0.8   -3.3   7.77  133.2 1034.7  -306.20 199.00 199.00
2016-09-19T01:42:14 DATA: -7273  4.22   -0.8   -3.3   7.77  132.8 1031.5  -305.28 199.00 199.00
2016-09-19T01:42:46 DATA: -7260  4.22   -0.8   -3.3   7.75  162.4 1258.9  -372.55 199.00 199.00
2016-09-19T01:43:19 DATA: -7247  4.22   -0.8   -3.3   7.77  135.2 1050.2  -310.79 199.00 199.00
2016-09-19T01:43:51 DATA: -7234  4.22   -0.8   -3.3   7.77  132.8 1031.5  -305.28 199.00 199.00
2016-09-19T01:44:23 DATA: -7221  4.22   -0.8   -3.3   7.77  131.6 1022.2  -302.52 199.00 199.00
2016-09-19T01:44:55 DATA: -7208  4.22   -0.8   -3.3   7.77  133.6 1037.8  -307.12 199.00 199.00
2016-09-19T01:45:28 DATA: -7195  4.22   -0.8   -3.3   7.77  136.0 1056.4  -312.63 199.00 199.00
2016-09-19T01:46:00 DATA: -7182  4.22   -0.8   -3.3   7.77  133.2 1034.7  -306.20 199.00 199.00
2016-09-19T01:46:32 DATA: -7169  4.22   -0.8   -3.3   7.77  131.2 1019.1  -301.60 199.00 199.00
2016-09-19T01:47:05 DATA: -7156  4.22   -0.8   -3.3   7.77  133.6 1037.8  -307.12 199.00 199.00
2016-09-19T01:47:37 DATA: -7143  4.22   -0.8   -3.3   7.77  133.6 1037.8  -307.12 199.00 199.00
2016-09-19T01:48:09 DATA: -7130  4.22   -0.8   -3.3   7.77  134.8 1047.1  -309.87 199.00 199.00
2016-09-19T01:48:41 DATA: -7117  4.22   -0.8   -3.3   7.76  134.0 1039.8  -307.72 199.00 199.00
2016-09-19T01:49:14 DATA: -7104  4.22   -0.8   -3.3   7.76  135.2 1049.1  -310.47 199.00 199.00
2016-09-19T01:49:46 DATA: -7091  4.22   -0.8   -3.3   7.76  144.4 1120.5  -331.60 199.00 199.00
2016-09-19T01:50:18 DATA: -7078  4.22   -0.8   -3.3   7.76  134.4 1042.9  -308.64 199.00 199.00
2016-09-19T01:50:51 DATA: -7065  4.22   -0.8   -3.3   7.76  132.8 1030.5  -304.96 199.00 199.00
2016-09-19T01:51:23 DATA: -7052  4.22   -0.8   -3.3   7.76  132.4 1027.4  -304.04 199.00 199.00
2016-09-19T01:51:55 DATA: -7039  4.22   -0.8   -3.3   7.76  134.0 1039.8  -307.72 199.00 199.00
2016-09-19T01:52:27 DATA: -7026  4.22   -0.8   -3.3   7.76  133.6 1036.7  -306.80 199.00 199.00
2016-09-19T01:53:00 DATA: -7013  4.22   -0.8   -3.3   7.76  132.4 1027.4  -304.04 199.00 199.00
2016-09-19T01:53:32 DATA: -7000  4.22   -0.8   -3.3   7.76  132.8 1030.5  -304.96 199.00 199.00
2016-09-19T01:54:04 DATA: -6987  4.22   -0.8   -3.3   7.76  134.0 1039.8  -307.72 199.00 199.00
2016-09-19T01:54:37 DATA: -6974  4.22   -0.8   -3.3   7.74  162.8 1260.7  -373.08 199.00 199.00
2016-09-19T01:55:09 DATA: -6961  4.22   -0.8   -3.3   7.76  132.4 1027.4  -304.04 199.00 199.00
2016-09-19T01:55:41 DATA: -6948  4.22   -0.8   -3.3   7.76  132.4 1027.4  -304.04 199.00 199.00
2016-09-19T01:56:13 DATA: -6935  4.22   -0.8   -3.3   7.76  134.0 1039.8  -307.72 199.00 199.00
2016-09-19T01:56:46 DATA: -6922  4.22   -0.8   -3.3   7.76  133.6 1036.7  -306.80 199.00 199.00
2016-09-19T01:57:18 DATA: -6909  4.22   -0.8   -3.3   7.76  132.4 1027.4  -304.04 199.00 199.00
2016-09-19T01:57:50 DATA: -6896  4.22   -0.8   -3.3   7.76  132.4 1027.4  -304.04 199.00 199.00
2016-09-19T01:58:23 DATA: -6883  4.22   -0.8   -3.3   7.74  162.4 1257.6  -372.17 199.00 199.00
2016-09-19T01:58:55 DATA: -6870  4.22   -0.8   -3.3   7.75  134.8 1044.9  -309.24 199.00 199.00
2016-09-19T01:59:27 DATA: -6857  4.22   -0.8   -3.3   7.75  133.6 1035.6  -306.48 199.00 199.00
2016-09-19T01:59:59 DATA: -6844  4.22   -0.8   -3.3   7.75  133.2 1032.5  -305.57 199.00 199.00
2016-09-19T02:00:32 DATA: -6831  4.22   -0.8   -3.3   7.75  132.8 1029.4  -304.65 199.00 199.00
2016-09-19T02:01:04 DATA: -6818  4.22   -0.8   -3.3   7.75  135.2 1048.0  -310.15 199.00 199.00
2016-09-19T02:01:36 DATA: -6805  4.22   -0.8   -3.3   7.75  132.8 1029.4  -304.65 199.00 199.00
2016-09-19T02:02:09 DATA: -6792  4.22   -0.8   -3.3   7.75  133.2 1032.5  -305.57 199.00 199.00
2016-09-19T02:02:41 DATA: -6779  4.22   -0.8   -3.3   7.74  160.4 1240.8  -367.20 199.00 199.00
2016-09-19T02:03:13 DATA: -6766  4.22   -0.8   -3.3   7.75  133.6 1035.6  -306.48 199.00 199.00
2016-09-19T02:03:45 DATA: -6753  4.22   -0.8   -3.3   7.75  132.8 1029.4  -304.65 199.00 199.00
2016-09-19T02:04:18 DATA: -6740  4.22   -0.8   -3.3   7.75  132.8 1029.4  -304.65 199.00 199.00
2016-09-19T02:04:50 DATA: -6727  4.22   -0.8   -3.3   7.74  161.2 1247.0  -369.04 199.00 199.00
2016-09-19T02:05:22 DATA: -6714  4.22   -0.8   -3.3   7.75  134.4 1041.8  -308.32 199.00 199.00
2016-09-19T02:05:55 DATA: -6701  4.22   -0.8   -3.3   7.75  134.0 1038.7  -307.40 199.00 199.00
2016-09-19T02:06:27 DATA: -6688  4.22   -0.8   -3.3   7.74  160.4 1240.8  -367.20 199.00 199.00
2016-09-19T02:06:59 DATA: -6675  4.22   -0.8   -3.3   7.74  160.8 1243.9  -368.12 199.00 199.00
2016-09-19T02:07:31 DATA: -6662  4.22   -0.8   -3.3   7.75  134.4 1041.8  -308.32 199.00 199.00
2016-09-19T02:08:04 DATA: -6649  4.22   -0.8   -3.3   7.75  136.0 1054.2  -311.99 199.00 199.00
2016-09-19T02:08:36 DATA: -6636  4.22   -0.8   -3.3   7.75  131.6 1020.1  -301.89 199.00 199.00
2016-09-19T02:09:08 DATA: -6623  4.22   -0.8   -3.3   7.75  132.8 1029.4  -304.65 199.00 199.00
2016-09-19T02:09:41 DATA: -6610  4.22   -0.8   -3.3   7.74  134.4 1040.7  -308.00 199.00 199.00
2016-09-19T02:10:13 DATA: -6597  4.22   -0.8   -3.3   7.74  147.2 1139.9  -337.33 199.00 199.00
2016-09-19T02:10:45 DATA: -6584  4.22   -0.8   -3.3   7.74  163.2 1262.5  -373.61 199.00 199.00
2016-09-19T02:11:17 DATA: -6571  4.22   -0.8   -3.3   7.74  132.0 1022.2  -302.50 199.00 199.00
2016-09-19T02:11:50 DATA: -6558  4.22   -0.8   -3.3   7.74  133.6 1034.6  -306.17 199.00 199.00
2016-09-19T02:12:22 DATA: -6545  4.22   -0.8   -3.3   7.74  135.6 1050.0  -310.75 199.00 199.00
2016-09-19T02:12:54 DATA: -6532  4.22   -0.8   -3.3   7.74  134.0 1037.7  -307.08 199.00 199.00
2016-09-19T02:13:27 DATA: -6519  4.22   -0.8   -3.3   7.74  132.0 1022.2  -302.50 199.00 199.00
2016-09-19T02:13:59 DATA: -6506  4.22   -0.8   -3.3   7.74  132.8 1028.4  -304.33 199.00 199.00
2016-09-19T02:14:31 DATA: -6493  4.22   -0.8   -3.3   7.73  162.4 1255.0  -371.40 199.00 199.00
2016-09-19T02:15:03 DATA: -6480  4.22   -0.8   -3.3   7.74  138.0 1068.6  -316.25 199.00 199.00
2016-09-19T02:15:36 DATA: -6467  4.22   -0.8   -3.3   7.74  132.8 1028.4  -304.33 199.00 199.00
2016-09-19T02:16:08 DATA: -6454  4.22   -0.8   -3.3   7.74  131.6 1019.1  -301.58 199.00 199.00
2016-09-19T02:16:40 DATA: -6441  4.22   -0.4   -1.6   7.74  134.4 1040.7  -616.00 199.00 199.00
2016-09-19T02:17:12 DATA: -6428  4.22   -0.8   -3.3   7.74  135.6 1050.0  -310.75 199.00 199.00
2016-09-19T02:17:45 DATA: -6415  4.22   -0.8   -3.3   7.74  132.8 1028.4  -304.33 199.00 199.00
2016-09-19T02:18:17 DATA: -6402  4.22   -0.8   -3.3   7.74  132.4 1025.3  -303.42 199.00 199.00
2016-09-19T02:18:49 DATA: -6389  4.22   -0.8   -3.3   7.74  133.6 1034.6  -306.17 199.00 199.00
2016-09-19T02:19:22 DATA: -6376  4.22   -0.4   -1.6   7.74  133.2 1031.5  -610.50 199.00 199.00
2016-09-19T02:19:54 DATA: -6363  4.22   -0.8   -3.3   7.74  134.0 1037.7  -307.08 199.00 199.00
2016-09-19T02:20:26 DATA: -6350  4.22   -0.8   -3.3   7.74  132.4 1025.3  -303.42 199.00 199.00
2016-09-19T02:20:58 DATA: -6337  4.22   -0.8   -3.3   7.74  134.0 1037.7  -307.08 199.00 199.00
2016-09-19T02:21:31 DATA: -6324  4.22   -0.4   -1.6   7.74  135.6 1049.0  -620.86 199.00 199.00
2016-09-19T02:22:03 DATA: -6311  4.22   -0.8   -3.3   7.74  131.6 1019.1  -301.58 199.00 199.00
2016-09-19T02:22:35 DATA: -6298  4.22   -0.8   -3.3   7.73  160.8 1242.6  -367.74 199.00 199.00
2016-09-19T02:23:08 DATA: -6285  4.22   -0.8   -3.3   7.74  133.6 1033.5  -305.85 199.00 199.00
2016-09-19T02:23:40 DATA: -6272  4.22   -0.8   -3.3   7.73  160.4 1239.5  -366.82 199.00 199.00
2016-09-19T02:24:12 DATA: -6259  4.22   -0.8   -3.3   7.74  132.8 1027.3  -304.02 199.00 199.00
2016-09-19T02:24:44 DATA: -6246  4.22   -0.8   -3.3   7.74  132.4 1024.2  -303.10 199.00 199.00
2016-09-19T02:25:17 DATA: -6233  4.22   -0.8   -3.3   7.74  133.2 1030.4  -304.93 199.00 199.00
2016-09-19T02:25:49 DATA: -6220  4.22   -0.8   -3.3   7.74  136.4 1055.1  -312.26 199.00 199.00
2016-09-19T02:26:21 DATA: -6207  4.22   -0.8   -3.3   7.72  160.8 1241.3  -367.36 199.00 199.00
2016-09-19T02:26:54 DATA: -6194  4.22   -0.4   -1.6   7.74  132.4 1024.2  -606.21 199.00 199.00
2016-09-19T02:27:26 DATA: -6181  4.22   -0.8   -3.3   7.74  133.6 1033.5  -305.85 199.00 199.00
2016-09-19T02:27:58 DATA: -6168  4.22   -0.4   -1.6   7.74  135.6 1049.0  -620.86 199.00 199.00
2016-09-19T02:28:30 DATA: -6155  4.22   -0.8   -3.3   7.74  134.0 1036.6  -306.77 199.00 199.00
2016-09-19T02:29:03 DATA: -6142  4.22   -0.8   -3.3   7.74  131.6 1018.0  -301.27 199.00 199.00
2016-09-19T02:29:35 DATA: -6129  4.22   -0.8   -3.3   7.74  133.2 1030.4  -304.93 199.00 199.00
2016-09-19T02:30:07 DATA: -6116  4.22   -0.8   -3.3   7.72  162.8 1256.8  -371.93 199.00 199.00
2016-09-19T02:30:40 DATA: -6103  4.22   -0.8   -3.3   7.73  150.4 1162.2  -343.95 199.00 199.00
2016-09-19T02:31:12 DATA: -6090  4.22   -0.8   -3.3   7.74  133.2 1030.4  -304.93 199.00 199.00
2016-09-19T02:31:44 DATA: -6077  4.22   -0.8   -3.3   7.74  132.4 1024.2  -303.10 199.00 199.00
2016-09-19T02:32:16 DATA: -6064  4.22   -0.8   -3.3   7.74  132.8 1027.3  -304.02 199.00 199.00
2016-09-19T02:32:49 DATA: -6051  4.22   -0.8   -3.3   7.74  135.2 1045.9  -309.51 199.00 199.00
2016-09-19T02:33:21 DATA: -6038  4.22   -0.4   -1.6   7.74  132.8 1027.3  -608.04 199.00 199.00
2016-09-19T02:33:53 DATA: -6025  4.22   -0.8   -3.3   7.74  132.4 1024.2  -303.10 199.00 199.00
2016-09-19T02:34:26 DATA: -6012  4.22   -0.4   -1.6   7.72  162.4 1253.7  -742.03 199.00 199.00
2016-09-19T02:34:58 DATA: -5999  4.22   -0.8   -3.3   7.73  136.0 1051.0  -311.02 199.00 199.00
2016-09-19T02:35:30 DATA: -5986  4.22   -0.8   -3.3   7.73  135.6 1047.9  -310.11 199.00 199.00
2016-09-19T02:36:02 DATA: -5973  4.22   -0.8   -3.3   7.73  132.0 1020.1  -301.88 199.00 199.00
2016-09-19T02:36:35 DATA: -5960  4.22   -0.8   -3.3   7.73  134.0 1035.5  -306.45 199.00 199.00
2016-09-19T02:37:07 DATA: -5947  4.22   -0.8   -3.3   7.71  162.8 1255.5  -371.54 199.00 199.00
2016-09-19T02:37:39 DATA: -5934  4.22   -0.8   -3.3   7.73  132.8 1026.2  -303.70 199.00 199.00
2016-09-19T02:38:12 DATA: -5921  4.22   -0.8   -3.3   7.73  133.2 1029.3  -304.62 199.00 199.00
2016-09-19T02:38:44 DATA: -5908  4.22   -0.8   -3.3   7.73  134.4 1038.6  -307.36 199.00 199.00
2016-09-19T02:39:16 DATA: -5895  4.22   -0.8   -3.3   7.73  134.8 1041.7  -308.28 199.00 199.00
2016-09-19T02:39:48 DATA: -5882  4.22   -0.8   -3.3   7.73  132.8 1026.2  -303.70 199.00 199.00
2016-09-19T02:40:21 DATA: -5869  4.22   -0.8   -3.3   7.73  133.6 1032.4  -305.53 199.00 199.00
2016-09-19T02:40:53 DATA: -5856  4.22   -0.8   -3.3   7.73  132.8 1026.2  -303.70 199.00 199.00
2016-09-19T02:41:25 DATA: -5843  4.22   -0.8   -3.3   7.73  136.4 1054.1  -311.94 199.00 199.00
2016-09-19T02:41:58 DATA: -5830  4.22   -0.8   -3.3   7.73  135.2 1044.8  -309.19 199.00 199.00
2016-09-19T02:42:30 DATA: -5817  4.22   -0.8   -3.3   7.72  149.2 1151.8  -340.86 199.00 199.00
2016-09-19T02:43:02 DATA: -5804  4.23   -0.4   -1.6   7.73  132.4 1023.1  -604.43 199.00 199.00
2016-09-19T02:43:34 DATA: -5791  4.22   -0.4   -1.6   7.73  133.2 1029.3  -609.24 199.00 199.00
2016-09-19T02:44:07 DATA: -5778  4.22   -0.8   -3.3   7.73  134.0 1035.5  -306.45 199.00 199.00
2016-09-19T02:44:39 DATA: -5765  4.23   -0.4   -1.6   7.73  132.8 1026.2  -606.26 199.00 199.00
2016-09-19T02:45:11 DATA: -5752  4.23   -0.4   -1.6   7.73  134.0 1035.5  -611.74 199.00 199.00
2016-09-19T02:45:43 DATA: -5739  4.23   -0.8   -3.3   7.73  134.4 1038.6  -306.78 199.00 199.00
2016-09-19T02:46:16 DATA: -5726  4.22   -0.8   -3.3   7.72  146.0 1127.1  -333.55 199.00 199.00
2016-09-19T02:46:48 DATA: -5713  4.23   -0.4   -1.6   7.73  133.2 1029.3  -608.09 199.00 199.00
2016-09-19T02:47:20 DATA: -5700  4.23   -0.8   -3.3   7.73  132.4 1023.1  -302.22 199.00 199.00
2016-09-19T02:47:53 DATA: -5687  4.23   -0.4   -1.6   7.72  132.8 1025.2  -605.63 199.00 199.00
2016-09-19T02:48:25 DATA: -5674  4.22   -0.4   -1.6   7.72  134.4 1037.5  -614.09 199.00 199.00
2016-09-19T02:48:57 DATA: -5661  4.22   -0.8   -3.3   7.72  132.8 1025.2  -303.39 199.00 199.00
2016-09-19T02:49:29 DATA: -5648  4.23   -0.8   -3.3   7.72  132.8 1025.2  -302.82 199.00 199.00
2016-09-19T02:50:02 DATA: -5635  4.23   -0.4   -1.6   7.72  136.8 1056.1  -623.88 199.00 199.00
2016-09-19T02:50:34 DATA: -5622  4.23   -0.4   -1.6   7.72  135.6 1046.8  -618.40 199.00 199.00
2016-09-19T02:51:06 DATA: -5609  4.22   -0.4   -1.6   7.72  144.0 1111.6  -657.95 199.00 199.00
2016-09-19T02:51:39 DATA: -5596  4.23   -0.8   -3.3   7.72  132.8 1025.2  -302.82 199.00 199.00
2016-09-19T02:52:11 DATA: -5583  4.23   -0.4   -1.6   7.72  133.2 1028.3  -607.46 199.00 199.00
2016-09-19T02:52:43 DATA: -5570  4.22   -0.4   -1.6   7.72  133.6 1031.3  -610.44 199.00 199.00
2016-09-19T02:53:15 DATA: -5557  4.23   -0.8   -3.3   7.72  134.0 1034.4  -305.55 199.00 199.00
2016-09-19T02:53:48 DATA: -5544  4.23   -0.8   -3.3   7.72  133.2 1028.3  -303.73 199.00 199.00
2016-09-19T02:54:20 DATA: -5531  4.23   -0.4   -1.6   7.72  133.2 1028.3  -607.46 199.00 199.00
2016-09-19T02:54:52 DATA: -5518  4.23   -0.8   -3.3   7.72  136.4 1053.0  -311.03 199.00 199.00
2016-09-19T02:55:25 DATA: -5505  4.23   -0.4   -1.6   7.72  135.6 1046.8  -618.40 199.00 199.00
2016-09-19T02:55:57 DATA: -5492  4.23   -0.8   -3.3   7.71  138.4 1067.3  -315.26 199.00 199.00
2016-09-19T02:56:29 DATA: -5479  4.23   -0.4   -1.6   7.72  133.6 1031.3  -609.28 199.00 199.00
2016-09-19T02:57:01 DATA: -5466  4.23   -0.8   -3.3   7.72  133.2 1028.3  -303.73 199.00 199.00
2016-09-19T02:57:34 DATA: -5453  4.23   -0.8   -3.3   7.72  133.6 1031.3  -304.64 199.00 199.00
2016-09-19T02:58:06 DATA: -5440  4.23   -0.8   -3.3   7.71  136.0 1048.8  -309.79 199.00 199.00
2016-09-19T02:58:38 DATA: -5427  4.23   -0.4   -1.6   7.72  132.4 1022.1  -603.81 199.00 199.00
2016-09-19T02:59:11 DATA: -5414  4.23   -0.8   -3.3   7.71  134.8 1039.5  -307.06 199.00 199.00
2016-09-19T02:59:43 DATA: -5401  4.23   -0.8   -3.3   7.71  136.4 1051.9  -310.70 199.00 199.00
2016-09-19T03:00:15 DATA: -5388  4.23   -0.8   -3.3   7.72  133.2 1028.3  -303.73 199.00 199.00
2016-09-19T03:00:47 DATA: -5375  4.23   -0.8   -3.3   7.71  134.4 1036.4  -306.15 199.00 199.00
2016-09-19T03:01:20 DATA: -5362  4.23   -0.4   -1.6   7.71  134.4 1036.4  -612.29 199.00 199.00
2016-09-19T03:01:52 DATA: -5349  4.23   -0.8   -3.3   7.71  135.6 1045.7  -308.88 199.00 199.00
2016-09-19T03:02:24 DATA: -5336  4.23   -0.4   -1.6   7.71  133.2 1027.2  -606.83 199.00 199.00
2016-09-19T03:02:57 DATA: -5323  4.23   -0.8   -3.3   7.71  132.8 1024.1  -302.50 199.00 199.00
2016-09-19T03:03:29 DATA: -5310  4.23   -0.8   -3.3   7.71  133.2 1027.2  -303.41 199.00 199.00
2016-09-19T03:04:01 DATA: -5297  4.23   -0.4   -1.6   7.71  133.6 1030.3  -608.65 199.00 199.00
2016-09-19T03:04:33 DATA: -5284  4.23   -0.8   -3.3   7.71  133.2 1027.2  -303.41 199.00 199.00
2016-09-19T03:05:06 DATA: -5271  4.23   -0.8   -3.3   7.71  134.0 1033.4  -305.24 199.00 199.00
2016-09-19T03:05:38 DATA: -5258  4.23   -0.4   -1.6   7.70  157.2 1211.0  -715.42 199.00 199.00
2016-09-19T03:06:10 DATA: -5245  4.23   -0.4   -1.6   7.71  137.2 1058.0  -625.05 199.00 199.00
2016-09-19T03:06:43 DATA: -5232  4.23   -0.8   -3.3   7.71  134.8 1039.5  -307.06 199.00 199.00
2016-09-19T03:07:15 DATA: -5219  4.23   -0.4   -1.6   7.71  132.8 1024.1  -605.01 199.00 199.00
2016-09-19T03:07:47 DATA: -5206  4.23   -0.4   -1.6   7.70  161.6 1243.6  -734.68 199.00 199.00
2016-09-19T03:08:19 DATA: -5193  4.23   -0.4   -1.6   7.71  134.4 1036.4  -612.29 199.00 199.00
2016-09-19T03:08:52 DATA: -5180  4.23   -0.8   -3.3   7.71  135.6 1045.7  -308.88 199.00 199.00
2016-09-19T03:09:24 DATA: -5167  4.23   -0.8   -3.3   7.70  155.2 1194.4  -352.79 199.00 199.00
2016-09-19T03:09:56 DATA: -5154  4.23   -0.8   -3.3   7.71  133.6 1030.3  -304.33 199.00 199.00
2016-09-19T03:10:29 DATA: -5141  4.23   -0.4   -1.6   7.71  133.6 1030.3  -608.65 199.00 199.00
2016-09-19T03:11:01 DATA: -5128  4.23   -0.8   -3.3   7.71  134.0 1033.4  -305.24 199.00 199.00
2016-09-19T03:11:33 DATA: -5115  4.23   -0.4   -1.6   7.70  148.0 1140.1  -673.55 199.00 199.00
2016-09-19T03:12:05 DATA: -5102  4.23   -0.8   -3.3   7.71  132.8 1024.1  -302.50 199.00 199.00
2016-09-19T03:12:38 DATA: -5089  4.23   -0.4   -1.6   7.70  134.8 1038.5  -613.48 199.00 199.00
2016-09-19T03:13:10 DATA: -5076  4.23   -0.4   -1.6   7.70  138.4 1066.2  -629.86 199.00 199.00
2016-09-19T03:13:42 DATA: -5063  4.23   -0.4   -1.6   7.70  134.8 1038.5  -613.48 199.00 199.00
2016-09-19T03:14:14 DATA: -5050  4.23   -0.8   -3.3   7.70  133.2 1026.1  -303.10 199.00 199.00
2016-09-19T03:14:47 DATA: -5037  4.23   -0.4   -1.6   7.70  134.4 1035.4  -611.66 199.00 199.00
2016-09-19T03:15:19 DATA: -5024  4.23   -0.4   -1.6   7.70  136.4 1050.8  -620.76 199.00 199.00
2016-09-19T03:15:51 DATA: -5011  4.23   -0.4   -1.6   7.70  133.6 1029.2  -608.02 199.00 199.00
2016-09-19T03:16:24 DATA: -4998  4.23   -0.8   -3.3   7.70  138.0 1063.1  -314.02 199.00 199.00
2016-09-19T03:16:56 DATA: -4985  4.23   -0.8   -3.3   7.70  134.4 1035.4  -305.83 199.00 199.00
2016-09-19T03:17:28 DATA: -4972  4.23   -0.8   -3.3   7.70  136.8 1053.9  -311.29 199.00 199.00
2016-09-19T03:18:00 DATA: -4959  4.23   -0.8   -3.3   7.70  133.6 1029.2  -304.01 199.00 199.00
2016-09-19T03:18:33 DATA: -4946  4.23   -0.4   -1.6   7.70  132.4 1020.0  -602.56 199.00 199.00
2016-09-19T03:19:05 DATA: -4933  4.23   -0.4   -1.6   7.70  133.2 1026.1  -606.20 199.00 199.00
2016-09-19T03:19:37 DATA: -4920  4.23   -0.4   -1.6   7.70  133.2 1026.1  -606.20 199.00 199.00
2016-09-19T03:20:10 DATA: -4907  4.23   -0.4   -1.6   7.70  133.2 1026.1  -606.20 199.00 199.00
2016-09-19T03:20:42 DATA: -4894  4.23   -0.4   -1.6   7.70  133.2 1026.1  -606.20 199.00 199.00
2016-09-19T03:21:14 DATA: -4881  4.23   -0.4   -1.6   7.69  160.8 1236.2  -730.29 199.00 199.00
2016-09-19T03:21:46 DATA: -4868  4.23   -0.4   -1.6   7.70  134.8 1038.5  -613.48 199.00 199.00
2016-09-19T03:22:19 DATA: -4855  4.23   -0.4   -1.6   7.70  136.0 1047.7  -618.94 199.00 199.00
2016-09-19T03:22:51 DATA: -4842  4.23   -0.4   -1.6   7.70  133.2 1026.1  -606.20 199.00 199.00
2016-09-19T03:23:23 DATA: -4829  4.23   -0.8   -3.3   7.70  133.6 1029.2  -304.01 199.00 199.00
2016-09-19T03:23:56 DATA: -4816  4.23   -0.4   -1.6   7.70  134.0 1032.3  -609.84 199.00 199.00
2016-09-19T03:24:28 DATA: -4803  4.23   -0.8   -3.3   7.70  138.4 1065.1  -314.60 199.00 199.00
2016-09-19T03:25:00 DATA: -4790  4.23   -0.4   -1.6   7.70  133.6 1029.2  -608.02 199.00 199.00
2016-09-19T03:25:32 DATA: -4777  4.23   -0.4   -1.6   7.70  133.2 1026.1  -606.20 199.00 199.00
2016-09-19T03:26:05 DATA: -4764  4.23   -0.4   -1.6   7.70  134.8 1038.5  -613.48 199.00 199.00
2016-09-19T03:26:37 DATA: -4751  4.23   -0.4   -1.6   7.70  135.6 1043.5  -616.48 199.00 199.00
2016-09-19T03:27:09 DATA: -4738  4.23   -0.4   -1.6   7.70  134.0 1032.3  -609.84 199.00 199.00
2016-09-19T03:27:42 DATA: -4725  4.23   -0.4   -1.6   7.70  133.6 1029.2  -608.02 199.00 199.00
2016-09-19T03:28:14 DATA: -4712  4.23   -0.4   -1.6   7.70  134.8 1037.4  -612.84 199.00 199.00
2016-09-19T03:28:46 DATA: -4699  4.23   -0.8   -3.3   7.70  136.4 1049.7  -310.06 199.00 199.00
2016-09-19T03:29:18 DATA: -4686  4.23   -0.4   -1.6   7.69  161.6 1242.3  -733.92 199.00 199.00
2016-09-19T03:29:51 DATA: -4673  4.23   -0.4   -1.6   7.70  133.6 1028.1  -607.39 199.00 199.00
2016-09-19T03:30:23 DATA: -4660  4.23   -0.4   -1.6   7.68  162.8 1250.3  -738.60 199.00 199.00
2016-09-19T03:30:55 DATA: -4647  4.23   -0.4   -1.6   7.69  156.4 1202.4  -710.30 199.00 199.00
2016-09-19T03:31:28 DATA: -4634  4.23   -0.4   -1.6   7.70  140.4 1080.5  -638.30 199.00 199.00
2016-09-19T03:32:00 DATA: -4621  4.23   -0.4   -1.6   7.70  142.8 1098.9  -649.21 199.00 199.00
2016-09-19T03:32:32 DATA: -4608  4.23   -0.8   -3.3   7.70  135.2 1040.5  -307.33 199.00 199.00
2016-09-19T03:33:04 DATA: -4595  4.23   -0.4   -1.6   7.68  164.8 1265.6  -747.67 199.00 199.00
2016-09-19T03:33:37 DATA: -4582  4.23   -0.4   -1.6   7.68  164.8 1265.6  -747.67 199.00 199.00
2016-09-19T03:34:09 DATA: -4569  4.23   -0.4   -1.6   7.70  132.4 1018.9  -601.93 199.00 199.00
2016-09-19T03:34:41 DATA: -4556  4.23   -0.4   -1.6   7.70  132.4 1018.9  -601.93 199.00 199.00
2016-09-19T03:35:14 DATA: -4543  4.23   -0.4   -1.6   7.70  133.2 1025.1  -605.57 199.00 199.00
2016-09-19T03:35:46 DATA: -4530  4.23   -0.4   -1.6   7.70  134.0 1031.2  -609.21 199.00 199.00
2016-09-19T03:36:18 DATA: -4517  4.23   -0.4   -1.6   7.70  132.8 1022.0  -603.75 199.00 199.00
2016-09-19T03:36:50 DATA: -4504  4.23   -0.4   -1.6   7.70  135.2 1040.5  -614.66 199.00 199.00
2016-09-19T03:37:23 DATA: -4491  4.23   -0.4   -1.6   7.68  163.6 1256.4  -742.23 199.00 199.00
2016-09-19T03:37:55 DATA: -4478  4.23   -0.4   -1.6   7.70  134.8 1037.4  -612.84 199.00 199.00
2016-09-19T03:38:27 DATA: -4465  4.23   -0.4   -1.6   7.70  133.2 1025.1  -605.57 199.00 199.00
2016-09-19T03:38:59 DATA: -4452  4.23   -0.8   -3.3   7.70  133.6 1028.1  -303.69 199.00 199.00
2016-09-19T03:39:32 DATA: -4439  4.23   -0.4   -1.6   7.68  154.0 1182.7  -698.68 199.00 199.00
2016-09-19T03:40:04 DATA: -4426  4.23   -0.4   -1.6   7.70  135.6 1043.5  -616.48 199.00 199.00
2016-09-19T03:40:36 DATA: -4413  4.23   -0.4   -1.6   7.69  135.6 1042.4  -615.84 199.00 199.00
2016-09-19T03:41:09 DATA: -4400  4.23   -0.8   -3.3   7.70  133.6 1028.1  -303.69 199.00 199.00
2016-09-19T03:41:41 DATA: -4387  4.23   -0.4   -1.6   7.69  135.6 1042.4  -615.84 199.00 199.00
2016-09-19T03:42:13 DATA: -4374  4.23   -0.4   -1.6   7.69  134.8 1036.3  -612.21 199.00 199.00
2016-09-19T03:42:45 DATA: -4361  4.23   -0.4   -1.6   7.69  134.4 1033.2  -610.39 199.00 199.00
2016-09-19T03:43:18 DATA: -4348  4.23   -0.4   -1.6   7.69  134.0 1030.1  -608.57 199.00 199.00
2016-09-19T03:43:50 DATA: -4335  4.23   -0.4   -1.6   7.69  135.2 1039.4  -614.02 199.00 199.00
2016-09-19T03:44:22 DATA: -4322  4.23   -0.4   -1.6   7.69  134.8 1036.3  -612.21 199.00 199.00
2016-09-19T03:44:55 DATA: -4309  4.23   -0.4   -1.6   7.69  134.4 1033.2  -610.39 199.00 199.00
2016-09-19T03:45:27 DATA: -4296  4.23   -0.4   -1.6   7.67  161.2 1236.7  -730.58 199.00 199.00
2016-09-19T03:45:59 DATA: -4283  4.23   -0.4   -1.6   7.69  134.0 1030.1  -608.57 199.00 199.00
2016-09-19T03:46:31 DATA: -4270  4.23   -0.4   -1.6   7.69  135.2 1039.4  -614.02 199.00 199.00
2016-09-19T03:47:04 DATA: -4257  4.23   -0.4   -1.6   7.69  135.6 1042.4  -615.84 199.00 199.00
2016-09-19T03:47:36 DATA: -4244  4.23   -0.4   -1.6   7.68  144.0 1105.9  -653.31 199.00 199.00
2016-09-19T03:48:08 DATA: -4231  4.23   -0.4   -1.6   7.69  134.0 1030.1  -608.57 199.00 199.00
2016-09-19T03:48:41 DATA: -4218  4.23   -0.4   -1.6   7.69  134.4 1033.2  -610.39 199.00 199.00
2016-09-19T03:49:13 DATA: -4205  4.23   -0.4   -1.6   7.67  163.2 1252.0  -739.64 199.00 199.00
2016-09-19T03:49:45 DATA: -4192  4.23   -0.4   -1.6   7.69  134.0 1030.1  -608.57 199.00 199.00
2016-09-19T03:50:17 DATA: -4179  4.23   -0.8   -3.3   7.69  133.6 1027.1  -303.38 199.00 199.00
2016-09-19T03:50:50 DATA: -4166  4.23   -0.4   -1.6   7.69  134.4 1033.2  -610.39 199.00 199.00
2016-09-19T03:51:22 DATA: -4153  4.23   -0.4   -1.6   7.69  134.8 1036.3  -612.21 199.00 199.00
2016-09-19T03:51:54 DATA: -4140  4.23   -0.4   -1.6   7.69  134.0 1030.1  -608.57 199.00 199.00
2016-09-19T03:52:27 DATA: -4127  4.23   -0.4   -1.6   7.69  136.0 1045.5  -617.66 199.00 199.00
2016-09-19T03:52:59 DATA: -4114  4.23   -0.4   -1.6   7.67  163.6 1255.1  -741.46 199.00 199.00
2016-09-19T03:53:31 DATA: -4101  4.23   -0.4   -1.6   7.69  134.0 1030.1  -608.57 199.00 199.00
2016-09-19T03:54:03 DATA: -4088  4.23   -0.4   -1.6   7.69  133.2 1024.0  -604.94 199.00 199.00
2016-09-19T03:54:36 DATA: -4075  4.23   -0.4   -1.6   7.69  133.6 1027.1  -606.76 199.00 199.00
2016-09-19T03:55:08 DATA: -4062  4.23   -0.4   -1.6   7.69  134.8 1036.3  -612.21 199.00 199.00
2016-09-19T03:55:40 DATA: -4049  4.23   -0.4   -1.6   7.69  134.0 1030.1  -608.57 199.00 199.00
2016-09-19T03:56:13 DATA: -4036  4.23   -0.4   -1.6   7.68  133.6 1026.0  -606.12 199.00 199.00
2016-09-19T03:56:45 DATA: -4023  4.23   -0.4   -1.6   7.69  132.4 1017.8  -601.31 199.00 199.00
2016-09-19T03:57:17 DATA: -4010  4.23   -0.4   -1.6   7.68  134.4 1032.1  -609.75 199.00 199.00
2016-09-19T03:57:49 DATA: -3997  4.23   -0.4   -1.6   7.68  134.0 1029.1  -607.94 199.00 199.00
2016-09-19T03:58:22 DATA: -3984  4.23   -0.4   -1.6   7.68  132.4 1016.8  -600.68 199.00 199.00
2016-09-19T03:58:54 DATA: -3971  4.23   -0.4   -1.6   7.68  132.0 1013.7  -598.87 199.00 199.00
2016-09-19T03:59:26 DATA: -3958  4.23   -0.4   -1.6   7.68  132.8 1019.9  -602.50 199.00 199.00
2016-09-19T03:59:59 DATA: -3945  4.23   -0.4   -1.6   7.68  134.0 1029.1  -607.94 199.00 199.00
2016-09-19T04:00:31 DATA: -3932  4.23   -0.4   -1.6   7.68  133.6 1026.0  -606.12 199.00 199.00
2016-09-19T04:01:03 DATA: -3919  4.23   -0.4   -1.6   7.68  132.8 1019.9  -602.50 199.00 199.00
2016-09-19T04:01:35 DATA: -3906  4.23   -0.4   -1.6   7.68  133.2 1022.9  -604.31 199.00 199.00
2016-09-19T04:02:08 DATA: -3893  4.23   -0.4   -1.6   7.68  135.2 1038.3  -613.38 199.00 199.00
2016-09-19T04:02:40 DATA: -3880  4.23   -0.4   -1.6   7.68  134.0 1029.1  -607.94 199.00 199.00
2016-09-19T04:03:12 DATA: -3867  4.23   -0.4   -1.6   7.68  144.8 1112.0  -656.94 199.00 199.00
2016-09-19T04:03:44 DATA: -3854  4.23   -0.4   -1.6   7.68  134.4 1032.1  -609.75 199.00 199.00
2016-09-19T04:04:17 DATA: -3841  4.23   -0.4   -1.6   7.68  135.2 1038.3  -613.38 199.00 199.00
2016-09-19T04:04:49 DATA: -3828  4.23   -0.4   -1.6   7.66  163.6 1253.8  -740.68 199.00 199.00
2016-09-19T04:05:21 DATA: -3815  4.23   -0.4   -1.6   7.68  135.2 1038.3  -613.38 199.00 199.00
2016-09-19T04:05:54 DATA: -3802  4.23   -0.4   -1.6   7.68  134.0 1029.1  -607.94 199.00 199.00
2016-09-19T04:06:26 DATA: -3789  4.23   -0.4   -1.6   7.68  135.6 1041.4  -615.20 199.00 199.00
2016-09-19T04:06:58 DATA: -3776  4.23   -0.4   -1.6   7.68  134.8 1035.2  -611.57 199.00 199.00
2016-09-19T04:07:30 DATA: -3763  4.23   -0.4   -1.6   7.68  135.2 1038.3  -613.38 199.00 199.00
2016-09-19T04:08:03 DATA: -3750  4.23   -0.4   -1.6   7.68  138.0 1059.8  -626.09 199.00 199.00
2016-09-19T04:08:35 DATA: -3737  4.23   -0.4   -1.6   7.66  163.2 1250.7  -738.87 199.00 199.00
2016-09-19T04:09:07 DATA: -3724  4.23   -0.4   -1.6   7.68  135.2 1038.3  -613.38 199.00 199.00
2016-09-19T04:09:40 DATA: -3711  4.23   -0.4   -1.6   7.68  133.6 1026.0  -606.12 199.00 199.00
2016-09-19T04:10:12 DATA: -3698  4.23   -0.4   -1.6   7.68  134.4 1032.1  -609.75 199.00 199.00
2016-09-19T04:10:44 DATA: -3685  4.23   -0.4   -1.6   7.68  135.6 1041.4  -615.20 199.00 199.00
2016-09-19T04:11:16 DATA: -3672  4.23   -0.4   -1.6   7.68  134.8 1035.2  -611.57 199.00 199.00
2016-09-19T04:11:49 DATA: -3659  4.23   -0.4   -1.6   7.68  133.2 1022.9  -604.31 199.00 199.00
2016-09-19T04:12:21 DATA: -3646  4.23   -0.4   -1.6   7.67  134.4 1031.1  -609.12 199.00 199.00
2016-09-19T04:12:53 DATA: -3633  4.23   -0.4   -1.6   7.67  136.0 1043.3  -616.37 199.00 199.00
2016-09-19T04:13:26 DATA: -3620  4.23   -0.4   -1.6   7.67  134.8 1034.1  -610.93 199.00 199.00
2016-09-19T04:13:58 DATA: -3607  4.23   -0.4   -1.6   7.67  133.6 1024.9  -605.49 199.00 199.00
2016-09-19T04:14:30 DATA: -3594  4.23   -0.4   -1.6   7.67  133.2 1021.9  -603.68 199.00 199.00
2016-09-19T04:15:02 DATA: -3581  4.23   -0.4   -1.6   7.67  133.2 1021.9  -603.68 199.00 199.00
2016-09-19T04:15:35 DATA: -3568  4.23   -0.4   -1.6   7.67  134.4 1031.1  -609.12 199.00 199.00
2016-09-19T04:16:07 DATA: -3555  4.23   -0.4   -1.6   7.67  133.6 1024.9  -605.49 199.00 199.00
2016-09-19T04:16:39 DATA: -3542  4.23   -0.4   -1.6   7.67  134.4 1031.1  -609.12 199.00 199.00
2016-09-19T04:17:12 DATA: -3529  4.23   -0.4   -1.6   7.67  134.0 1028.0  -607.31 199.00 199.00
2016-09-19T04:17:44 DATA: -3516  4.23   -0.4   -1.6   7.67  144.0 1104.7  -652.63 199.00 199.00
2016-09-19T04:18:16 DATA: -3503  4.23   -0.4   -1.6   7.67  136.0 1043.3  -616.37 199.00 199.00
2016-09-19T04:18:48 DATA: -3490  4.23   -0.4   -1.6   7.67  133.2 1021.9  -603.68 199.00 199.00
2016-09-19T04:19:21 DATA: -3477  4.23   -0.4   -1.6   7.67  134.8 1034.1  -610.93 199.00 199.00
2016-09-19T04:19:53 DATA: -3464  4.23   -0.4   -1.6   7.67  136.0 1043.3  -616.37 199.00 199.00
2016-09-19T04:20:25 DATA: -3451  4.23   -0.4   -1.6   7.66  163.6 1252.5  -739.91 199.00 199.00
2016-09-19T04:20:58 DATA: -3438  4.23   -0.4   -1.6   7.67  132.8 1018.8  -601.87 199.00 199.00
2016-09-19T04:21:30 DATA: -3425  4.23   -0.4   -1.6   7.67  134.8 1034.1  -610.93 199.00 199.00
2016-09-19T04:22:02 DATA: -3412  4.23   -0.4   -1.6   7.67  136.8 1049.5  -620.00 199.00 199.00
2016-09-19T04:22:34 DATA: -3399  4.23   -0.4   -1.6   7.67  135.2 1037.2  -612.74 199.00 199.00
2016-09-19T04:23:07 DATA: -3386  4.23   -0.4   -1.6   7.67  132.8 1018.8  -601.87 199.00 199.00
2016-09-19T04:23:39 DATA: -3373  4.23   -0.4   -1.6   7.66  145.2 1112.8  -657.38 199.00 199.00
2016-09-19T04:24:11 DATA: -3360  4.23   -0.4   -1.6   7.66  163.2 1249.4  -738.10 199.00 199.00
2016-09-19T04:24:44 DATA: -3347  4.23   -0.4   -1.6   7.67  134.0 1028.0  -607.31 199.00 199.00
2016-09-19T04:25:16 DATA: -3334  4.23   -0.4   -1.6   7.67  132.0 1012.7  -598.24 199.00 199.00
2016-09-19T04:25:48 DATA: -3321  4.23   -0.4   -1.6   7.67  133.6 1024.9  -605.49 199.00 199.00
2016-09-19T04:26:20 DATA: -3308  4.23   -0.4   -1.6   7.67  134.4 1031.1  -609.12 199.00 199.00
2016-09-19T04:26:53 DATA: -3295  4.23   -0.4   -1.6   7.67  135.6 1040.3  -614.56 199.00 199.00
2016-09-19T04:27:25 DATA: -3282  4.23   -0.4   -1.6   7.67  134.8 1034.1  -610.93 199.00 199.00
2016-09-19T04:27:57 DATA: -3269  4.23   -0.4   -1.6   7.67  132.8 1018.8  -601.87 199.00 199.00
2016-09-19T04:28:29 DATA: -3256  4.23   -0.4   -1.6   7.66  137.2 1051.5  -621.16 199.00 199.00
2016-09-19T04:29:02 DATA: -3243  4.23   -0.4   -1.6   7.66  135.6 1039.2  -613.92 199.00 199.00
2016-09-19T04:29:34 DATA: -3230  4.23   -0.4   -1.6   7.66  134.8 1033.1  -610.29 199.00 199.00
2016-09-19T04:30:06 DATA: -3217  4.23   -0.4   -1.6   7.66  132.8 1017.7  -601.24 199.00 199.00
2016-09-19T04:30:39 DATA: -3204  4.23   -0.4   -1.6   7.66  134.8 1033.1  -610.29 199.00 199.00
2016-09-19T04:31:11 DATA: -3191  4.23   -0.4   -1.6   7.66  136.4 1045.3  -617.54 199.00 199.00
2016-09-19T04:31:43 DATA: -3178  4.23   -0.4   -1.6   7.65  163.6 1251.2  -739.14 199.00 199.00
2016-09-19T04:32:15 DATA: -3165  4.23   -0.4   -1.6   7.65  162.0 1238.9  -731.91 199.00 199.00
2016-09-19T04:32:48 DATA: -3152  4.23   -0.4   -1.6   7.66  134.0 1026.9  -606.67 199.00 199.00
2016-09-19T04:33:20 DATA: -3139  4.23   -0.4   -1.6   7.66  135.2 1036.1  -612.11 199.00 199.00
2016-09-19T04:33:52 DATA: -3126  4.23   -0.4   -1.6   7.66  134.0 1026.9  -606.67 199.00 199.00
2016-09-19T04:34:25 DATA: -3113  4.23   -0.4   -1.6   7.66  132.8 1017.7  -601.24 199.00 199.00
2016-09-19T04:34:57 DATA: -3100  4.23   -0.4   -1.6   7.66  135.2 1036.1  -612.11 199.00 199.00
2016-09-19T04:35:29 DATA: -3087  4.23   -0.4   -1.6   7.66  136.8 1048.4  -619.35 199.00 199.00
2016-09-19T04:36:01 DATA: -3074  4.23   -0.4   -1.6   7.66  135.2 1036.1  -612.11 199.00 199.00
2016-09-19T04:36:34 DATA: -3061  4.23   -0.4   -1.6   7.66  133.2 1020.8  -603.05 199.00 199.00
2016-09-19T04:37:06 DATA: -3048  4.23   -0.4   -1.6   7.66  132.8 1017.7  -601.24 199.00 199.00
2016-09-19T04:37:38 DATA: -3035  4.23   -0.4   -1.6   7.66  136.8 1048.4  -619.35 199.00 199.00
2016-09-19T04:38:11 DATA: -3022  4.23   -0.4   -1.6   7.66  135.6 1039.2  -613.92 199.00 199.00
2016-09-19T04:38:43 DATA: -3009  4.23   -0.4   -1.6   7.66  134.0 1026.9  -606.67 199.00 199.00
2016-09-19T04:39:15 DATA: -2996  4.23   -0.4   -1.6   7.66  142.4 1090.2  -644.03 199.00 199.00
2016-09-19T04:39:47 DATA: -2983  4.23   -0.4   -1.6   7.65  163.2 1248.1  -737.33 199.00 199.00
2016-09-19T04:40:20 DATA: -2970  4.23   -0.4   -1.6   7.65  163.6 1251.2  -739.14 199.00 199.00
2016-09-19T04:40:52 DATA: -2957  4.23   -0.4   -1.6   7.66  133.2 1020.8  -603.05 199.00 199.00
2016-09-19T04:41:24 DATA: -2944  4.23   -0.4   -1.6   7.66  132.8 1017.7  -601.24 199.00 199.00
2016-09-19T04:41:57 DATA: -2931  4.23   -0.4   -1.6   7.66  135.6 1039.2  -613.92 199.00 199.00
2016-09-19T04:42:29 DATA: -2918  4.23   -0.4   -1.6   7.66  135.6 1039.2  -613.92 199.00 199.00
2016-09-19T04:43:01 DATA: -2905  4.23   -0.4   -1.6   7.66  135.6 1039.2  -613.92 199.00 199.00
2016-09-19T04:43:33 DATA: -2892  4.23   -0.4   -1.6   7.66  133.2 1020.8  -603.05 199.00 199.00
2016-09-19T04:44:06 DATA: -2879  4.23   -0.4   -1.6   7.66  140.8 1077.9  -636.79 199.00 199.00
2016-09-19T04:44:38 DATA: -2866  4.23   -0.4   -1.6   7.65  163.2 1248.1  -737.33 199.00 199.00
2016-09-19T04:45:10 DATA: -2853  4.23   -0.4   -1.6   7.66  135.2 1035.0  -611.47 199.00 199.00
2016-09-19T04:45:43 DATA: -2840  4.23   -0.4   -1.6   7.65  161.6 1235.9  -730.10 199.00 199.00
2016-09-19T04:46:15 DATA: -2827  4.23   -0.4   -1.6   7.66  132.4 1013.6  -598.80 199.00 199.00
2016-09-19T04:46:47 DATA: -2814  4.23   -0.4   -1.6   7.66  135.6 1038.1  -613.28 199.00 199.00
2016-09-19T04:47:19 DATA: -2801  4.23   -0.4   -1.6   7.66  135.6 1038.1  -613.28 199.00 199.00
2016-09-19T04:47:52 DATA: -2788  4.23   -0.4   -1.6   7.66  133.2 1019.7  -602.42 199.00 199.00
2016-09-19T04:48:24 DATA: -2775  4.23   -0.4   -1.6   7.64  162.0 1237.6  -731.14 199.00 199.00
2016-09-19T04:48:56 DATA: -2762  4.23   -0.4   -1.6   7.66  138.0 1056.5  -624.13 199.00 199.00
2016-09-19T04:49:29 DATA: -2749  4.23   -0.4   -1.6   7.66  136.4 1044.2  -616.89 199.00 199.00
2016-09-19T04:50:01 DATA: -2736  4.23   -0.4   -1.6   7.66  134.0 1025.9  -606.04 199.00 199.00
2016-09-19T04:50:33 DATA: -2723  4.23   -0.4   -1.6   7.66  133.2 1019.7  -602.42 199.00 199.00
2016-09-19T04:51:05 DATA: -2710  4.23   -0.4   -1.6   7.66  134.8 1032.0  -609.66 199.00 199.00
2016-09-19T04:51:38 DATA: -2697  4.23   -0.4   -1.6   7.66  136.4 1044.2  -616.89 199.00 199.00
2016-09-19T04:52:10 DATA: -2684  4.23   -0.4   -1.6   7.66  134.0 1025.9  -606.04 199.00 199.00
2016-09-19T04:52:42 DATA: -2671  4.23   -0.4   -1.6   7.64  162.4 1240.7  -732.95 199.00 199.00
2016-09-19T04:53:14 DATA: -2658  4.23   -0.4   -1.6   7.66  136.4 1044.2  -616.89 199.00 199.00
2016-09-19T04:53:47 DATA: -2645  4.23   -0.4   -1.6   7.66  139.2 1065.7  -629.56 199.00 199.00
2016-09-19T04:54:19 DATA: -2632  4.23   -0.4   -1.6   7.66  135.2 1035.0  -611.47 199.00 199.00
2016-09-19T04:54:51 DATA: -2619  4.23   -0.4   -1.6   7.66  132.8 1016.7  -600.61 199.00 199.00
2016-09-19T04:55:24 DATA: -2606  4.23   -0.4   -1.6   7.66  132.8 1016.7  -600.61 199.00 199.00
2016-09-19T04:55:56 DATA: -2593  4.23   -0.4   -1.6   7.66  136.8 1047.3  -618.70 199.00 199.00
2016-09-19T04:56:28 DATA: -2580  4.23   -0.4   -1.6   7.66  135.6 1038.1  -613.28 199.00 199.00
2016-09-19T04:57:00 DATA: -2567  4.23   -0.4   -1.6   7.66  136.0 1041.2  -615.09 199.00 199.00
2016-09-19T04:57:33 DATA: -2554  4.23   -0.4   -1.6   7.66  133.6 1022.8  -604.23 199.00 199.00
2016-09-19T04:58:05 DATA: -2541  4.23   -0.4   -1.6   7.66  136.4 1044.2  -616.89 199.00 199.00
2016-09-19T04:58:37 DATA: -2528  4.23   -0.4   -1.6   7.66  134.4 1028.9  -607.85 199.00 199.00
2016-09-19T04:59:10 DATA: -2515  4.23   -0.4   -1.6   7.66  133.2 1019.7  -602.42 199.00 199.00
2016-09-19T04:59:42 DATA: -2502  4.23   -0.4   -1.6   7.65  142.8 1092.1  -645.16 199.00 199.00
2016-09-19T05:00:14 DATA: -2489  4.23   -0.4   -1.6   7.66  137.2 1050.4  -620.51 199.00 199.00
2016-09-19T05:00:46 DATA: -2476  4.23   -0.4   -1.6   7.65  136.0 1040.1  -614.44 199.00 199.00
2016-09-19T05:01:19 DATA: -2463  4.23   -0.4   -1.6   7.66  134.0 1025.9  -606.04 199.00 199.00
2016-09-19T05:01:51 DATA: -2450  4.23   -0.4   -1.6   7.66  133.2 1019.7  -602.42 199.00 199.00
2016-09-19T05:02:23 DATA: -2437  4.23   -0.4   -1.6   7.65  134.4 1027.8  -607.21 199.00 199.00
2016-09-19T05:02:56 DATA: -2424  4.23   -0.4   -1.6   7.65  136.8 1046.2  -618.06 199.00 199.00
2016-09-19T05:03:28 DATA: -2411  4.23   -0.4   -1.6   7.65  134.4 1027.8  -607.21 199.00 199.00
2016-09-19T05:04:00 DATA: -2398  4.23   -0.4   -1.6   7.65  134.0 1024.8  -605.41 199.00 199.00
2016-09-19T05:04:32 DATA: -2385  4.23   -0.4   -1.6   7.64  162.8 1243.7  -734.75 199.00 199.00
2016-09-19T05:05:05 DATA: -2372  4.23   -0.4   -1.6   7.65  136.0 1040.1  -614.44 199.00 199.00
2016-09-19T05:05:37 DATA: -2359  4.23   -0.4   -1.6   7.65  132.0 1009.5  -596.37 199.00 199.00
2016-09-19T05:06:09 DATA: -2346  4.23   -0.4   -1.6   7.65  133.6 1021.7  -603.60 199.00 199.00
2016-09-19T05:06:42 DATA: -2333  4.23   -0.4   -1.6   7.65  134.8 1030.9  -609.02 199.00 199.00
2016-09-19T05:07:14 DATA: -2320  4.23   -0.4   -1.6   7.65  137.2 1049.3  -619.86 199.00 199.00
2016-09-19T05:07:46 DATA: -2307  4.23   -0.4   -1.6   7.65  135.6 1037.0  -612.64 199.00 199.00
2016-09-19T05:08:18 DATA: -2294  4.23   -0.4   -1.6   7.64  157.2 1201.0  -709.48 199.00 199.00
2016-09-19T05:08:51 DATA: -2281  4.23   -0.4   -1.6   7.65  133.2 1018.7  -601.79 199.00 199.00
2016-09-19T05:09:23 DATA: -2268  4.23   -0.4   -1.6   7.65  136.0 1040.1  -614.44 199.00 199.00
2016-09-19T05:09:55 DATA: -2255  4.23   -0.4   -1.6   7.65  136.4 1043.1  -616.25 199.00 199.00
2016-09-19T05:10:28 DATA: -2242  4.23   -0.4   -1.6   7.65  134.4 1027.8  -607.21 199.00 199.00
2016-09-19T05:11:00 DATA: -2229  4.23   -0.4   -1.6   7.65  134.0 1024.8  -605.41 199.00 199.00
2016-09-19T05:11:32 DATA: -2216  4.23   -0.4   -1.6   7.65  134.4 1027.8  -607.21 199.00 199.00
2016-09-19T05:12:04 DATA: -2203  4.23   -0.4   -1.6   7.65  136.4 1043.1  -616.25 199.00 199.00
2016-09-19T05:12:37 DATA: -2190  4.23   -0.4   -1.6   7.65  134.4 1027.8  -607.21 199.00 199.00
2016-09-19T05:13:09 DATA: -2177  4.23   -0.4   -1.6   7.65  133.6 1021.7  -603.60 199.00 199.00
2016-09-19T05:13:41 DATA: -2164  4.23   -0.4   -1.6   7.65  135.6 1037.0  -612.64 199.00 199.00
2016-09-19T05:14:14 DATA: -2151  4.23   -0.4   -1.6   7.65  135.6 1037.0  -612.64 199.00 199.00
2016-09-19T05:14:46 DATA: -2138  4.23   -0.4   -1.6   7.65  133.2 1018.7  -601.79 199.00 199.00
2016-09-19T05:15:18 DATA: -2125  4.23   -0.4   -1.6   7.65  134.4 1027.8  -607.21 199.00 199.00
2016-09-19T05:15:50 DATA: -2112  4.23   -0.4   -1.6   7.65  135.2 1034.0  -610.83 199.00 199.00
2016-09-19T05:16:23 DATA: -2099  4.23   -0.4   -1.6   7.65  137.6 1052.3  -621.67 199.00 199.00
2016-09-19T05:16:55 DATA: -2086  4.23   -0.4   -1.6   7.65  133.6 1021.7  -603.60 199.00 199.00
2016-09-19T05:17:27 DATA: -2073  4.23   -0.4   -1.6   7.65  133.2 1018.7  -601.79 199.00 199.00
2016-09-19T05:17:59 DATA: -2060  4.23   -0.4   -1.6   7.65  135.2 1034.0  -610.83 199.00 199.00
2016-09-19T05:18:32 DATA: -2047  4.23   -0.4   -1.6   7.64  135.6 1035.9  -611.99 199.00 199.00
2016-09-19T05:19:04 DATA: -2034  4.23   -0.4   -1.6   7.64  135.6 1035.9  -611.99 199.00 199.00
2016-09-19T05:19:36 DATA: -2021  4.23   -0.4   -1.6   7.65  134.0 1024.8  -605.41 199.00 199.00
2016-09-19T05:20:09 DATA: -2008  4.23   -0.4   -1.6   7.63  164.0 1251.6  -739.40 199.00 199.00
2016-09-19T05:20:41 DATA: -1995  4.23   -0.4   -1.6   7.64  135.2 1032.9  -610.19 199.00 199.00
2016-09-19T05:21:13 DATA: -1982  4.23   -0.4   -1.6   7.64  136.0 1039.0  -613.80 199.00 199.00
2016-09-19T05:21:45 DATA: -1969  4.23   -0.4   -1.6   7.63  161.6 1233.3  -728.57 199.00 199.00
2016-09-19T05:22:18 DATA: -1956  4.23   -0.4   -1.6   7.64  134.0 1023.7  -604.77 199.00 199.00
2016-09-19T05:22:50 DATA: -1943  4.23   -0.4   -1.6   7.64  135.2 1032.9  -610.19 199.00 199.00
2016-09-19T05:23:22 DATA: -1930  4.23   -0.4   -1.6   7.64  136.8 1045.1  -617.41 199.00 199.00
2016-09-19T05:23:55 DATA: -1917  4.23   -0.4   -1.6   7.63  160.4 1224.1  -723.16 199.00 199.00
2016-09-19T05:24:27 DATA: -1904  4.23   -0.4   -1.6   7.64  133.6 1020.7  -602.97 199.00 199.00
2016-09-19T05:24:59 DATA: -1891  4.23   -0.4   -1.6   7.64  138.8 1060.4  -626.44 199.00 199.00
2016-09-19T05:25:31 DATA: -1878  4.23   -0.4   -1.6   7.64  134.4 1026.8  -606.58 199.00 199.00
2016-09-19T05:26:04 DATA: -1865  4.23   -0.4   -1.6   7.64  134.4 1026.8  -606.58 199.00 199.00
2016-09-19T05:26:36 DATA: -1852  4.23   -0.4   -1.6   7.62  162.0 1235.0  -729.61 199.00 199.00
2016-09-19T05:27:08 DATA: -1839  4.23   -0.4   -1.6   7.64  134.4 1026.8  -606.58 199.00 199.00
2016-09-19T05:27:41 DATA: -1826  4.23   -0.4   -1.6   7.62  162.0 1235.0  -729.61 199.00 199.00
2016-09-19T05:28:13 DATA: -1813  4.23   -0.4   -1.6   7.64  135.2 1032.9  -610.19 199.00 199.00
2016-09-19T05:28:45 DATA: -1800  4.23   -0.4   -1.6   7.64  134.4 1026.8  -606.58 199.00 199.00
2016-09-19T05:29:17 DATA: -1787  4.23   -0.4   -1.6   7.64  134.4 1026.8  -606.58 199.00 199.00
2016-09-19T05:29:50 DATA: -1774  4.23   -0.4   -1.6   7.64  136.8 1045.1  -617.41 199.00 199.00
2016-09-19T05:30:22 DATA: -1761  4.23   -0.4   -1.6   7.64  134.8 1029.8  -608.38 199.00 199.00
2016-09-19T05:30:54 DATA: -1748  4.23   -0.4   -1.6   7.64  134.8 1029.8  -608.38 199.00 199.00
2016-09-19T05:31:27 DATA: -1735  4.23   -0.4   -1.6   7.62  161.2 1228.9  -726.01 199.00 199.00
2016-09-19T05:31:59 DATA: -1722  4.23   -0.4   -1.6   7.62  163.6 1247.2  -736.82 199.00 199.00
2016-09-19T05:32:31 DATA: -1709  4.23   -0.4   -1.6   7.64  132.8 1014.5  -599.36 199.00 199.00
2016-09-19T05:33:03 DATA: -1696  4.23   -0.4   -1.6   7.64  135.2 1032.9  -610.19 199.00 199.00
2016-09-19T05:33:36 DATA: -1683  4.23   -0.4   -1.6   7.64  135.2 1032.9  -610.19 199.00 199.00
2016-09-19T05:34:08 DATA: -1670  4.23   -0.4   -1.6   7.64  135.2 1032.9  -610.19 199.00 199.00
2016-09-19T05:34:40 DATA: -1657  4.23   -0.4   -1.6   7.64  134.4 1026.8  -606.58 199.00 199.00
2016-09-19T05:35:13 DATA: -1644  4.23   -0.4   -1.6   7.64  134.8 1029.8  -608.38 199.00 199.00
2016-09-19T05:35:45 DATA: -1631  4.23   -0.4   -1.6   7.62  162.4 1238.1  -731.41 199.00 199.00
2016-09-19T05:36:17 DATA: -1618  4.23   -0.4   -1.6   7.64  134.4 1026.8  -606.58 199.00 199.00
2016-09-19T05:36:49 DATA: -1605  4.23   -0.4   -1.6   7.63  135.2 1031.8  -609.55 199.00 199.00
2016-09-19T05:37:22 DATA: -1592  4.23   -0.4   -1.6   7.62  162.4 1238.1  -731.41 199.00 199.00
2016-09-19T05:37:54 DATA: -1579  4.23   -0.4   -1.6   7.63  134.0 1022.6  -604.14 199.00 199.00
2016-09-19T05:38:26 DATA: -1566  4.23   -0.4   -1.6   7.63  134.8 1028.7  -607.75 199.00 199.00
2016-09-19T05:38:58 DATA: -1553  4.23   -0.4   -1.6   7.63  135.2 1031.8  -609.55 199.00 199.00
2016-09-19T05:39:31 DATA: -1540  4.23   -0.4   -1.6   7.61  184.8 1405.9  -830.55 199.00 199.00
2016-09-19T05:40:03 DATA: -1527  4.23   -0.4   -1.6   7.63  134.4 1025.7  -605.94 199.00 199.00
2016-09-19T05:40:35 DATA: -1514  4.23   -0.4   -1.6   7.63  135.2 1031.8  -609.55 199.00 199.00
2016-09-19T05:41:08 DATA: -1501  4.23   -0.4   -1.6   7.63  135.6 1034.9  -611.35 199.00 199.00
2016-09-19T05:41:40 DATA: -1488  4.23   -0.4   -1.6   7.63  133.6 1019.6  -602.34 199.00 199.00
2016-09-19T05:42:12 DATA: -1475  4.23   -0.4   -1.6   7.63  133.6 1019.6  -602.34 199.00 199.00
2016-09-19T05:42:44 DATA: -1462  4.23   -0.4   -1.6   7.63  136.4 1041.0  -614.96 199.00 199.00
2016-09-19T05:43:17 DATA: -1449  4.23   -0.4   -1.6   7.63  136.0 1037.9  -613.16 199.00 199.00
2016-09-19T05:43:49 DATA: -1436  4.23   -0.4   -1.6   7.63  133.2 1016.5  -600.53 199.00 199.00
2016-09-19T05:44:21 DATA: -1423  4.23   -0.4   -1.6   7.63  133.2 1016.5  -600.53 199.00 199.00
2016-09-19T05:44:54 DATA: -1410  4.23   -0.4   -1.6   7.63  136.4 1041.0  -614.96 199.00 199.00
2016-09-19T05:45:26 DATA: -1397  4.23   -0.4   -1.6   7.62  147.6 1125.3  -664.76 199.00 199.00
2016-09-19T05:45:58 DATA: -1384  4.23   -0.4   -1.6   7.63  134.0 1022.6  -604.14 199.00 199.00
2016-09-19T05:46:30 DATA: -1371  4.23   -0.4   -1.6   7.63  133.2 1016.5  -600.53 199.00 199.00
2016-09-19T05:47:03 DATA: -1358  4.23   -0.4   -1.6   7.63  136.0 1037.9  -613.16 199.00 199.00
2016-09-19T05:47:35 DATA: -1345  4.23   -0.4   -1.6   7.63  136.4 1041.0  -614.96 199.00 199.00
2016-09-19T05:48:07 DATA: -1332  4.23   -0.4   -1.6   7.62  163.2 1242.9  -734.25 199.00 199.00
2016-09-19T05:48:40 DATA: -1319  4.23   -0.4   -1.6   7.63  133.6 1019.6  -602.34 199.00 199.00
2016-09-19T05:49:12 DATA: -1306  4.23   -0.4   -1.6   7.63  136.0 1037.9  -613.16 199.00 199.00
2016-09-19T05:49:44 DATA: -1293  4.23   -0.4   -1.6   7.63  136.0 1037.9  -613.16 199.00 199.00
2016-09-19T05:50:16 DATA: -1280  4.23   -0.4   -1.6   7.63  137.2 1047.1  -618.57 199.00 199.00
2016-09-19T05:50:49 DATA: -1267  4.23   -0.4   -1.6   7.63  133.6 1019.6  -602.34 199.00 199.00
2016-09-19T05:51:21 DATA: -1254  4.23   -0.4   -1.6   7.63  136.0 1037.9  -613.16 199.00 199.00
2016-09-19T05:51:53 DATA: -1241  4.23   -0.4   -1.6   7.63  136.0 1037.9  -613.16 199.00 199.00
2016-09-19T05:52:26 DATA: -1228  4.23   -0.4   -1.6   7.63  135.2 1031.8  -609.55 199.00 199.00
2016-09-19T05:52:58 DATA: -1215  4.23   -0.4   -1.6   7.63  133.2 1016.5  -600.53 199.00 199.00
2016-09-19T05:53:30 DATA: -1202  4.23   -0.4   -1.6   7.63  135.2 1031.8  -609.55 199.00 199.00
2016-09-19T05:54:02 DATA: -1189  4.23   -0.4   -1.6   7.63  134.4 1025.7  -605.94 199.00 199.00
2016-09-19T05:54:35 DATA: -1176  4.23   -0.4   -1.6   7.63  136.4 1041.0  -614.96 199.00 199.00
2016-09-19T05:55:07 DATA: -1163  4.23   -0.4   -1.6   7.62  135.2 1030.7  -608.91 199.00 199.00
2016-09-19T05:55:39 DATA: -1150  4.23   -0.4   -1.6   7.63  133.2 1016.5  -600.53 199.00 199.00
2016-09-19T05:56:12 DATA: -1137  4.23   -0.4   -1.6   7.62  136.8 1042.9  -616.12 199.00 199.00
2016-09-19T05:56:44 DATA: -1124  4.23   -0.4   -1.6   7.62  136.4 1039.9  -614.32 199.00 199.00
2016-09-19T05:57:16 DATA: -1111  4.23   -0.4   -1.6   7.62  134.4 1024.6  -605.31 199.00 199.00
2016-09-19T05:57:48 DATA: -1098  4.23   -0.4   -1.6   7.62  132.4 1009.4  -596.30 199.00 199.00
2016-09-19T05:58:21 DATA: -1085  4.23   -0.4   -1.6   7.62  137.2 1046.0  -617.92 199.00 199.00
2016-09-19T05:58:53 DATA: -1072  4.24   -0.4   -1.7   7.62  136.4 1039.9  -613.16 199.00 199.00
2016-09-19T05:59:25 DATA: -1059  4.24   -0.4   -1.7   7.62  133.6 1018.5  -600.57 199.00 199.00
2016-09-19T05:59:57 DATA: -1046  4.24   -0.4   -1.7   7.61  162.8 1238.5  -730.30 199.00 199.00
2016-09-19T06:00:30 DATA: -1033  4.24   -0.4   -1.7   7.62  135.6 1033.8  -609.56 199.00 199.00
2016-09-19T06:01:02 DATA: -1020  4.24   -0.4   -1.7   7.62  136.8 1042.9  -614.95 199.00 199.00
2016-09-19T06:01:34 DATA: -1007  4.24   -0.4   -1.7   7.62  133.2 1015.5  -598.77 199.00 199.00
2016-09-19T06:02:07 DATA: -994  4.24   -0.4   -1.7   7.62  134.4 1024.6  -604.17 199.00 199.00
2016-09-19T06:02:39 DATA: -981  4.24   -0.4   -1.7   7.62  135.2 1030.7  -607.76 199.00 199.00
2016-09-19T06:03:11 DATA: -968  4.24   -0.4   -1.7   7.62  135.2 1030.7  -607.76 199.00 199.00
2016-09-19T06:03:43 DATA: -955  4.24   -0.4   -1.7   7.62  134.8 1027.7  -605.96 199.00 199.00
2016-09-19T06:04:16 DATA: -942  4.24   -0.4   -1.7   7.62  135.6 1033.8  -609.56 199.00 199.00
2016-09-19T06:04:48 DATA: -929  4.24   -0.4   -1.7   7.62  135.2 1030.7  -607.76 199.00 199.00
2016-09-19T06:05:20 DATA: -916  4.24   -0.4   -1.7   7.62  136.8 1042.9  -614.95 199.00 199.00
2016-09-19T06:05:52 DATA: -903  4.24   -0.4   -1.7   7.62  136.0 1036.8  -611.36 199.00 199.00
2016-09-19T06:06:25 DATA: -890  4.24   -0.4   -1.7   7.62  134.0 1021.6  -602.37 199.00 199.00
2016-09-19T06:06:57 DATA: -877  4.24   -0.4   -1.7   7.62  133.2 1015.5  -598.77 199.00 199.00
2016-09-19T06:07:29 DATA: -864  4.24   -0.4   -1.7   7.62  135.6 1033.8  -609.56 199.00 199.00
2016-09-19T06:08:02 DATA: -851  4.23   -0.4   -1.6   7.61  164.0 1247.7  -737.07 199.00 199.00
2016-09-19T06:08:34 DATA: -838  4.24   -0.4   -1.7   7.62  132.4 1009.4  -595.18 199.00 199.00
2016-09-19T06:09:06 DATA: -825  4.24   -0.4   -1.7   7.62  134.0 1021.6  -602.37 199.00 199.00
2016-09-19T06:09:38 DATA: -812  4.24   -0.4   -1.7   7.62  138.0 1052.1  -620.35 199.00 199.00
2016-09-19T06:10:11 DATA: -799  4.24   -0.4   -1.7   7.62  135.6 1033.8  -609.56 199.00 199.00
2016-09-19T06:10:43 DATA: -786  4.24   -0.4   -1.7   7.62  135.6 1033.8  -609.56 199.00 199.00
2016-09-19T06:11:15 DATA: -773  4.24   -0.4   -1.7   7.62  135.6 1033.8  -609.56 199.00 199.00
2016-09-19T06:11:47 DATA: -760  4.24   -0.4   -1.7   7.62  136.4 1039.9  -613.16 199.00 199.00
2016-09-19T06:12:20 DATA: -747  4.23   -0.4   -1.6   7.61  163.6 1244.6  -735.27 199.00 199.00
2016-09-19T06:12:52 DATA: -734  4.24   -0.4   -1.7   7.62  134.4 1024.6  -604.17 199.00 199.00
2016-09-19T06:13:24 DATA: -721  4.24   -0.4   -1.7   7.62  134.4 1024.6  -604.17 199.00 199.00
2016-09-19T06:13:57 DATA: -708  4.24   -0.4   -1.7   7.62  135.6 1033.8  -609.56 199.00 199.00
2016-09-19T06:14:29 DATA: -695  4.24   -0.4   -1.7   7.62  134.8 1027.7  -605.96 199.00 199.00
2016-09-19T06:15:01 DATA: -682  4.24   -0.4   -1.7   7.62  136.0 1036.8  -611.36 199.00 199.00
2016-09-19T06:15:33 DATA: -669  4.24   -0.4   -1.7   7.62  133.6 1017.5  -599.94 199.00 199.00
2016-09-19T06:16:06 DATA: -656  4.23   -0.4   -1.6   7.61  164.8 1253.8  -740.67 199.00 199.00
2016-09-19T06:16:38 DATA: -643  4.23   -0.4   -1.6   7.62  136.8 1041.8  -615.47 199.00 199.00
2016-09-19T06:17:10 DATA: -630  4.24   -0.4   -1.7   7.62  133.2 1014.4  -598.14 199.00 199.00
2016-09-19T06:17:42 DATA: -617  4.24   -0.4   -1.7   7.62  134.8 1026.6  -605.33 199.00 199.00
2016-09-19T06:18:15 DATA: -604  4.24   -0.4   -1.7   7.62  135.6 1032.7  -608.92 199.00 199.00
2016-09-19T06:18:47 DATA: -591  4.24   -0.4   -1.7   7.62  135.2 1029.6  -607.12 199.00 199.00
2016-09-19T06:19:19 DATA: -578  4.24   -0.4   -1.7   7.62  134.4 1023.5  -603.53 199.00 199.00
2016-09-19T06:19:51 DATA: -565  4.23   -0.4   -1.6   7.60  162.0 1231.2  -727.32 199.00 199.00
2016-09-19T06:20:24 DATA: -552  4.24   -0.4   -1.7   7.62  136.4 1038.8  -612.51 199.00 199.00
2016-09-19T06:20:56 DATA: -539  4.24   -0.4   -1.7   7.62  137.6 1047.9  -617.90 199.00 199.00
2016-09-19T06:21:28 DATA: -526  4.24   -0.4   -1.7   7.62  135.6 1032.7  -608.92 199.00 199.00
2016-09-19T06:22:01 DATA: -513  4.24   -0.4   -1.7   7.62  134.4 1023.5  -603.53 199.00 199.00
2016-09-19T06:22:33 DATA: -500  4.24   -0.4   -1.7   7.62  136.0 1035.7  -610.72 199.00 199.00
2016-09-19T06:23:05 DATA: -487  4.24   -0.4   -1.7   7.62  136.4 1038.8  -612.51 199.00 199.00
2016-09-19T06:23:37 DATA: -474  4.23   -0.4   -1.6   7.60  162.4 1234.2  -729.11 199.00 199.00
2016-09-19T06:24:10 DATA: -461  4.24   -0.4   -1.7   7.62  134.0 1020.5  -601.74 199.00 199.00
2016-09-19T06:24:42 DATA: -448  4.24   -0.4   -1.7   7.62  135.6 1032.7  -608.92 199.00 199.00
                                                                                               