2016-08-31T00:00:05 15176  4.39    0.0    0.0   7.66  129.2  990.1  inf 201.00 201.00 
2016-08-31T00:00:15 15180  4.39    0.0    0.0   7.67  129.6  994.2  inf 201.00 201.00 
2016-08-31T00:00:25 15184  4.39    0.0    0.0   7.66  129.2  990.1  inf 201.00 201.00 
2016-08-31T00:00:35 15188  4.39    0.0    0.0   7.66  130.0  996.3  inf 201.00 201.00 
2016-08-31T00:00:44 15192  4.39    0.0    0.0   7.66  131.2 1005.5  inf 201.00 201.00 
2016-08-31T00:00:54 15196  4.39    0.0    0.0   7.66  132.4 1014.7  inf 201.00 201.00 
2016-08-31T00:01:04 15200  4.39    0.0    0.0   7.66  130.4  999.3  inf 201.00 201.00 
2016-08-31T00:01:14 15204  4.39    0.0    0.0   7.66  130.0  996.3  inf 201.00 201.00 
2016-08-31T00:01:24 15208  4.39    0.0    0.0   7.67  128.4  985.0  inf 201.00 201.00 
2016-08-31T00:01:34 15212  4.39    0.0    0.0   7.66  130.4  999.3  inf 201.00 201.00 
2016-08-31T00:01:44 15216  4.39    0.0    0.0   7.66  130.8 1002.4  inf 201.00 201.00 
2016-08-31T00:01:54 15220  4.39    0.0    0.0   7.66  132.0 1011.6  inf 201.00 201.00 
2016-08-31T00:02:04 15224  4.39    0.0    0.0   7.66  130.4  999.3  inf 201.00 201.00 
2016-08-31T00:02:14 15228  4.39    0.0    0.0   7.66  130.4  999.3  inf 201.00 201.00 
2016-08-31T00:02:24 15232  4.39    0.0    0.0   7.66  128.8  987.1  inf 201.00 201.00 
2016-08-31T00:02:34 15236  4.39    0.0    0.0   7.66  128.8  987.1  inf 201.00 201.00 
2016-08-31T00:02:43 15240  4.39    0.0    0.0   7.66  130.8 1002.4  inf 201.00 201.00 
2016-08-31T00:02:53 15244  4.39    0.0    0.0   7.66  132.8 1017.7  inf 201.00 201.00 
2016-08-31T00:03:03 15248  4.39    0.0    0.0   7.66  131.2 1005.5  inf 201.00 201.00 
2016-08-31T00:03:13 15252  4.39    0.0    0.0   7.66  131.2 1005.5  inf 201.00 201.00 
2016-08-31T00:03:23 15256  4.39    0.0    0.0   7.66  129.6  993.2  inf 201.00 201.00 
2016-08-31T00:03:33 15260  4.39    0.0    0.0   7.66  130.0  996.3  inf 201.00 201.00 
2016-08-31T00:03:43 15264  4.39    0.0    0.0   7.66  128.4  984.0  inf 201.00 201.00 
2016-08-31T00:03:53 15268  4.39    0.0    0.0   7.66  130.8 1002.4  inf 201.00 201.00 
2016-08-31T00:04:03 15272  4.39    0.0    0.0   7.66  131.2 1005.5  inf 201.00 201.00 
2016-08-31T00:04:13 15276  4.39    0.0    0.0   7.66  131.6 1008.5  inf 201.00 201.00 
2016-08-31T00:04:23 15280  4.39    0.0    0.0   7.66  130.4  999.3  inf 201.00 201.00 
2016-08-31T00:04:33 15284  4.39    0.0    0.0   7.65  162.4 1242.0  inf 201.00 201.00 
2016-08-31T00:04:42 15288  4.39    0.0    0.0   7.65  162.4 1242.0  inf 201.00 201.00 
2016-08-31T00:04:52 15292  4.39    0.0    0.0   7.65  163.2 1248.1  inf 201.00 201.00 
2016-08-31T00:05:02 15296  4.39    0.0    0.0   7.66  129.6  993.2  inf 201.00 201.00 
2016-08-31T00:05:12 15300  4.39    0.0    0.0   7.66  130.8 1002.4  inf 201.00 201.00 
2016-08-31T00:05:22 15304  4.39    0.0    0.0   7.66  131.2 1005.5  inf 201.00 201.00 
2016-08-31T00:05:32 15308  4.39    0.0    0.0   7.66  129.6  993.2  inf 201.00 201.00 
2016-08-31T00:05:42 15312  4.39    0.0    0.0   7.66  130.0  996.3  inf 201.00 201.00 
2016-08-31T00:05:52 15316  4.39    0.0    0.0   7.66  130.8 1002.4  inf 201.00 201.00 
2016-08-31T00:06:02 15320  4.39    0.0    0.0   7.66  130.4  999.3  inf 201.00 201.00 
2016-08-31T00:06:12 15324  4.39    0.0    0.0   7.66  130.4  999.3  inf 201.00 201.00 
2016-08-31T00:06:22 15328  4.39    0.0    0.0   7.66  130.4  999.3  inf 201.00 201.00 
2016-08-31T00:06:32 15332  4.39    0.0    0.0   7.66  130.0  996.3  inf 201.00 201.00 
2016-08-31T00:06:41 15336  4.39    0.0    0.0   7.66  130.4  999.3  inf 201.00 201.00 
2016-08-31T00:06:51 15340  4.39    0.0    0.0   7.66  131.2 1005.5  inf 201.00 201.00 
2016-08-31T00:07:01 15344  4.39    0.0    0.0   7.66  131.2 1005.5  inf 201.00 201.00 
2016-08-31T00:07:11 15348  4.39    0.0    0.0   7.66  150.0 1148.4  inf 201.00 201.00 
2016-08-31T00:07:21 15352  4.39    0.0    0.0   7.66  130.8 1002.4  inf 201.00 201.00 
2016-08-31T00:07:31 15356  4.39    0.0    0.0   7.66  129.2  990.1  inf 201.00 201.00 
2016-08-31T00:07:41 15360  4.39    0.0    0.0   7.66  130.0  996.3  inf 201.00 201.00 
2016-08-31T00:07:51 15364  4.39    0.0    0.0   7.66  131.2 1005.5  inf 201.00 201.00 
2016-08-31T00:08:01 15368  4.39    0.0    0.0   7.66  130.0  996.3  inf 201.00 201.00 
2016-08-31T00:08:11 15372  4.39    0.0    0.0   7.66  130.8 1002.4  inf 201.00 201.00 
2016-08-31T00:08:21 15376  4.39    0.0    0.0   7.66  131.6 1008.5  inf 201.00 201.00 
2016-08-31T00:08:31 15380  4.39    0.0    0.0   7.66  130.8 1002.4  inf 201.00 201.00 
2016-08-31T00:08:40 15384  4.39    0.0    0.0   7.66  128.4  984.0  inf 201.00 201.00 
2016-08-31T00:08:50 15388  4.39    0.0    0.0   7.66  129.2  990.1  inf 201.00 201.00 
2016-08-31T00:09:00 15392  4.39    0.0    0.0   7.66  129.6  993.2  inf 201.00 201.00 
2016-08-31T00:09:10 15396  4.39    0.0    0.0   7.66  131.2 1005.5  inf 201.00 201.00 
2016-08-31T00:09:20 15400  4.39    0.0    0.0   7.66  131.6 1008.5  inf 201.00 201.00 
2016-08-31T00:09:30 15404  4.39    0.0    0.0   7.66  131.2 1005.5  inf 201.00 201.00 
2016-08-31T00:09:40 15408  4.39    0.0    0.0   7.66  130.0  996.3  inf 201.00 201.00 
2016-08-31T00:09:50 15412  4.39    0.0    0.0   7.65  162.4 1242.0  inf 201.00 201.00 
2016-08-31T00:10:00 15416  4.39    0.0    0.0   7.65  162.4 1242.0  inf 201.00 201.00 
2016-08-31T00:10:10 15420  4.39    0.0    0.0   7.65  164.0 1254.2  inf 201.00 201.00 
2016-08-31T00:10:20 15424  4.39    0.0    0.0   7.65  164.0 1254.2  inf 201.00 201.00 
2016-08-31T00:10:30 15428  4.39    0.0    0.0   7.66  131.2 1005.5  inf 201.00 201.00 
2016-08-31T00:10:39 15432  4.39    0.0    0.0   7.66  130.4  999.3  inf 201.00 201.00 
2016-08-31T00:10:49 15436  4.39    0.0    0.0   7.66  131.2 1005.5  inf 201.00 201.00 
2016-08-31T00:10:59 15440  4.39    0.0    0.0   7.66  128.8  987.1  inf 201.00 201.00 
2016-08-31T00:11:09 15444  4.39    0.0    0.0   7.66  128.8  987.1  inf 201.00 201.00 
2016-08-31T00:11:19 15448  4.39    0.0    0.0   7.66  130.8 1002.4  inf 201.00 201.00 
2016-08-31T00:11:29 15452  4.39    0.0    0.0   7.66  132.0 1011.6  inf 201.00 201.00 
2016-08-31T00:11:39 15456  4.39    0.0    0.0   7.66  131.6 1008.5  inf 201.00 201.00 
2016-08-31T00:11:49 15460  4.39    0.0    0.0   7.66  130.8 1002.4  inf 201.00 201.00 
2016-08-31T00:11:59 15464  4.39    0.0    0.0   7.66  129.2  990.1  inf 201.00 201.00 
2016-08-31T00:12:09 15468  4.39    0.0    0.0   7.66  146.8 1123.9  inf 201.00 201.00 
2016-08-31T00:12:19 15472  4.39    0.0    0.0   7.66  130.4  999.3  inf 201.00 201.00 
2016-08-31T00:12:29 15476  4.39    0.0    0.0   7.66  131.6 1008.5  inf 201.00 201.00 
2016-08-31T00:12:38 15480  4.39    0.0    0.0   7.66  132.0 1011.6  inf 201.00 201.00 
2016-08-31T00:12:48 15484  4.39    0.0    0.0   7.66  131.2 1005.5  inf 201.00 201.00 
2016-08-31T00:12:58 15488  4.39    0.0    0.0   7.66  129.2  990.1  inf 201.00 201.00 
2016-08-31T00:13:08 15492  4.39    0.0    0.0   7.66  129.2  990.1  inf 201.00 201.00 
2016-08-31T00:13:18 15496  4.39    0.0    0.0   7.66  130.0  996.3  inf 201.00 201.00 
2016-08-31T00:13:28 15500  4.39    0.0    0.0   7.66  130.8 1002.4  inf 201.00 201.00 
2016-08-31T00:13:38 15504  4.39    0.0    0.0   7.66  132.4 1014.7  inf 201.00 201.00 
2016-08-31T00:13:48 15508  4.39    0.0    0.0   7.66  130.4  999.3  inf 201.00 201.00 
2016-08-31T00:13:58 15512  4.39    0.0    0.0   7.66  129.2  990.1  inf 201.00 201.00 
2016-08-31T00:14:08 15516  4.39    0.0    0.0   7.66  129.6  993.2  inf 201.00 201.00 
2016-08-31T00:14:18 15520  4.39    0.0    0.0   7.66  130.8 1002.4  inf 201.00 201.00 
2016-08-31T00:14:28 15524  4.39    0.0    0.0   7.66  130.4  998.3  inf 201.00 201.00 
2016-08-31T00:14:37 15528  4.39    0.0    0.0   7.66  131.6 1008.5  inf 201.00 201.00 
2016-08-31T00:14:47 15532  4.39    0.0    0.0   7.66  131.6 1008.5  inf 201.00 201.00 
2016-08-31T00:14:57 15536  4.39    0.0    0.0   7.66  128.8  987.1  inf 201.00 201.00 
2016-08-31T00:15:07 15540  4.39    0.0    0.0   7.66  129.2  990.1  inf 201.00 201.00 
2016-08-31T00:15:17 15544  4.39    0.0    0.0   7.66  130.4  999.3  inf 201.00 201.00 
2016-08-31T00:15:27 15548  4.39    0.0    0.0   7.66  132.0 1010.5  inf 201.00 201.00 
2016-08-31T00:15:37 15552  4.39    0.0    0.0   7.66  130.4  998.3  inf 201.00 201.00 
2016-08-31T00:15:47 15556  4.39    0.0    0.0   7.66  130.4  999.3  inf 201.00 201.00 
2016-08-31T00:15:57 15560  4.39    0.0    0.0   7.66  129.2  990.1  inf 201.00 201.00 
2016-08-31T00:16:07 15564  4.39    0.0    0.0   7.66  129.6  993.2  inf 201.00 201.00 
2016-08-31T00:16:17 15568  4.39    0.0    0.0   7.66  130.0  996.3  inf 201.00 201.00 
2016-08-31T00:16:27 15572  4.39    0.0    0.0   7.66  132.4 1013.6  inf 201.00 201.00 
2016-08-31T00:16:36 15576  4.39    0.0    0.0   7.64  163.6 1249.9  inf 201.00 201.00 
2016-08-31T00:16:46 15580  4.39    0.0    0.0   7.64  164.8 1259.0  inf 201.00 201.00 
2016-08-31T00:16:56 15584  4.39    0.0    0.0   7.65  150.4 1150.2  inf 201.00 201.00 
2016-08-31T00:17:06 15588  4.39    0.0    0.0   7.66  130.0  996.3  inf 201.00 201.00 
2016-08-31T00:17:16 15592  4.39    0.0    0.0   7.66  129.6  992.2  inf 201.00 201.00 
2016-08-31T00:17:26 15596  4.39    0.0    0.0   7.66  132.0 1010.5  inf 201.00 201.00 
2016-08-31T00:17:36 15600  4.39    0.0    0.0   7.66  132.8 1016.7  inf 201.00 201.00 
2016-08-31T00:17:46 15604  4.39    0.0    0.0   7.66  132.0 1010.5  inf 201.00 201.00 
2016-08-31T00:17:56 15608  4.39    0.0    0.0   7.66  129.2  989.1  inf 201.00 201.00 
2016-08-31T00:18:06 15612  4.39    0.0    0.0   7.66  128.4  983.0  inf 201.00 201.00 
2016-08-31T00:18:16 15616  4.39    0.0    0.0   7.66  129.6  993.2  inf 201.00 201.00 
2016-08-31T00:18:26 15620  4.39    0.0    0.0   7.66  130.8 1001.4  inf 201.00 201.00 
2016-08-31T00:18:35 15624  4.39    0.0    0.0   7.66  132.4 1013.6  inf 201.00 201.00 
2016-08-31T00:18:45 15628  4.39    0.0    0.0   7.66  133.2 1019.7  inf 201.00 201.00 
2016-08-31T00:18:55 15632  4.39    0.0    0.0   7.66  130.4  998.3  inf 201.00 201.00 
2016-08-31T00:19:05 15636  4.39    0.0    0.0   7.66  128.4  983.0  inf 201.00 201.00 
2016-08-31T00:19:15 15640  4.39    0.0    0.0   7.66  128.4  983.0  inf 201.00 201.00 
2016-08-31T00:19:25 15644  4.39    0.0    0.0   7.65  149.6 1144.1  inf 201.00 201.00 
2016-08-31T00:19:35 15648  4.39    0.0    0.0   7.66  132.4 1013.6  inf 201.00 201.00 
2016-08-31T00:19:45 15652  4.39    0.0    0.0   7.66  130.8 1001.4  inf 201.00 201.00 
2016-08-31T00:19:55 15656  4.39    0.0    0.0   7.66  130.8 1001.4  inf 201.00 201.00 
2016-08-31T00:20:05 15660  4.39    0.0    0.0   7.66  130.0  995.2  inf 201.00 201.00 
2016-08-31T00:20:15 15664  4.39    0.0    0.0   7.66  130.0  995.2  inf 201.00 201.00 
2016-08-31T00:20:25 15668  4.39    0.0    0.0   7.66  128.4  983.0  inf 201.00 201.00 
2016-08-31T00:20:34 15672  4.39    0.0    0.0   7.66  132.0 1010.5  inf 201.00 201.00 
2016-08-31T00:20:44 15676  4.39    0.0    0.0   7.66  131.2 1004.4  inf 201.00 201.00 
2016-08-31T00:20:54 15680  4.39    0.0    0.0   7.66  130.8 1001.4  inf 201.00 201.00 
2016-08-31T00:21:04 15684  4.39    0.0    0.0   7.66  129.2  989.1  inf 201.00 201.00 
2016-08-31T00:21:14 15688  4.39    0.0    0.0   7.66  129.6  992.2  inf 201.00 201.00 
2016-08-31T00:21:24 15692  4.39    0.0    0.0   7.66  130.0  995.2  inf 201.00 201.00 
2016-08-31T00:21:34 15696  4.39    0.0    0.0   7.66  130.4  998.3  inf 201.00 201.00 
2016-08-31T00:21:44 15700  4.39    0.0    0.0   7.66  129.6  992.2  inf 201.00 201.00 
2016-08-31T00:21:54 15704  4.39    0.0    0.0   7.66  131.2 1004.4  inf 201.00 201.00 
2016-08-31T00:22:04 15708  4.39    0.0    0.0   7.66  130.8 1001.4  inf 201.00 201.00 
2016-08-31T00:22:14 15712  4.39    0.0    0.0   7.66  130.0  995.2  inf 201.00 201.00 
2016-08-31T00:22:24 15716  4.39    0.0    0.0   7.66  130.0  995.2  inf 201.00 201.00 
2016-08-31T00:22:33 15720  4.39    0.0    0.0   7.66  131.6 1007.5  inf 201.00 201.00 
2016-08-31T00:22:43 15724  4.39    0.0    0.0   7.66  132.8 1016.7  inf 201.00 201.00 
2016-08-31T00:22:53 15728  4.39    0.0    0.0   7.66  130.4  998.3  inf 201.00 201.00 
2016-08-31T00:23:03 15732  4.39    0.0    0.0   7.66  130.0  995.2  inf 201.00 201.00 
2016-08-31T00:23:13 15736  4.39    0.0    0.0   7.66  130.0  995.2  inf 201.00 201.00 
2016-08-31T00:23:23 15740  4.39    0.0    0.0   7.66  130.4  998.3  inf 201.00 201.00 
2016-08-31T00:23:33 15744  4.39    0.0    0.0   7.66  131.2 1004.4  inf 201.00 201.00 
2016-08-31T00:23:43 15748  4.39    0.0    0.0   7.66  130.8 1001.4  inf 201.00 201.00 
2016-08-31T00:23:53 15752  4.39    0.0    0.0   7.66  133.2 1019.7  inf 201.00 201.00 
2016-08-31T00:24:03 15756  4.39    0.0    0.0   7.66  130.8 1001.4  inf 201.00 201.00 
2016-08-31T00:24:13 15760  4.39    0.0    0.0   7.66  128.8  986.0  inf 201.00 201.00 
2016-08-31T00:24:23 15764  4.39    0.0    0.0   7.66  128.8  986.0  inf 201.00 201.00 
2016-08-31T00:24:32 15768  4.39    0.0    0.0   7.66  131.2 1004.4  inf 201.00 201.00 
2016-08-31T00:24:42 15772  4.39    0.0    0.0   7.66  130.8 1001.4  inf 201.00 201.00 
2016-08-31T00:24:52 15776  4.39    0.0    0.0   7.66  131.6 1007.5  inf 201.00 201.00 
2016-08-31T00:25:02 15780  4.39    0.0    0.0   7.66  131.6 1007.5  inf 201.00 201.00 
2016-08-31T00:25:12 15784  4.39    0.0    0.0   7.66  130.0  995.2  inf 201.00 201.00 
2016-08-31T00:25:22 15788  4.39    0.0    0.0   7.66  131.2 1004.4  inf 201.00 201.00 
2016-08-31T00:25:32 15792  4.39    0.0    0.0   7.66  128.4  983.0  inf 201.00 201.00 
2016-08-31T00:25:42 15796  4.39    0.0    0.0   7.66  129.2  989.1  inf 201.00 201.00 
2016-08-31T00:25:52 15800  4.39    0.0    0.0   7.66  130.8 1001.4  inf 201.00 201.00 
2016-08-31T00:26:02 15804  4.39    0.0    0.0   7.66  131.2 1004.4  inf 201.00 201.00 
2016-08-31T00:26:12 15808  4.39    0.0    0.0   7.66  130.8 1001.4  inf 201.00 201.00 
2016-08-31T00:26:21 15812  4.39    0.0    0.0   7.66  130.0  995.2  inf 201.00 201.00 
2016-08-31T00:26:31 15816  4.39    0.0    0.0   7.66  130.8 1001.4  inf 201.00 201.00 
2016-08-31T00:26:41 15820  4.39    0.0    0.0   7.66  128.8  986.0  inf 201.00 201.00 
2016-08-31T00:26:51 15824  4.39    0.0    0.0   7.66  130.0  995.2  inf 201.00 201.00 
2016-08-31T00:27:01 15828  4.39    0.0    0.0   7.66  131.6 1007.5  inf 201.00 201.00 
2016-08-31T00:27:11 15832  4.39    0.0    0.0   7.66  131.6 1007.5  inf 201.00 201.00 
2016-08-31T00:27:21 15836  4.39    0.0    0.0   7.66  130.0  995.2  inf 201.00 201.00 
2016-08-31T00:27:31 15840  4.39    0.0    0.0   7.66  130.8 1001.4  inf 201.00 201.00 
2016-08-31T00:27:41 15844  4.39    0.0    0.0   7.66  129.6  992.2  inf 201.00 201.00 
2016-08-31T00:27:51 15848  4.39    0.0    0.0   7.66  130.8 1001.4  inf 201.00 201.00 
2016-08-31T00:28:01 15852  4.39    0.0    0.0   7.66  130.0  995.2  inf 201.00 201.00 
2016-08-31T00:28:11 15856  4.39    0.0    0.0   7.66  130.8 1001.4  inf 201.00 201.00 
2016-08-31T00:28:20 15860  4.39    0.0    0.0   7.66  130.8 1001.4  inf 201.00 201.00 
2016-08-31T00:28:30 15864  4.39    0.0    0.0   7.66  131.2 1004.4  inf 201.00 201.00 
2016-08-31T00:28:40 15868  4.39    0.0    0.0   7.66  128.8  986.0  inf 201.00 201.00 
2016-08-31T00:28:50 15872  4.39    0.0    0.0   7.66  130.4  998.3  inf 201.00 201.00 
2016-08-31T00:29:00 15876  4.39    0.0    0.0   7.66  131.2 1004.4  inf 201.00 201.00 
2016-08-31T00:29:10 15880  4.39    0.0    0.0   7.64  163.6 1249.9  inf 201.00 201.00 
2016-08-31T00:29:20 15884  4.39    0.0    0.0   7.66  129.2  989.1  inf 201.00 201.00 
2016-08-31T00:29:30 15888  4.39    0.0    0.0   7.66  129.6  992.2  inf 201.00 201.00 
2016-08-31T00:29:40 15892  4.39    0.0    0.0   7.66  128.8  986.0  inf 201.00 201.00 
2016-08-31T00:29:50 15896  4.39    0.0    0.0   7.66  130.4  998.3  inf 201.00 201.00 
2016-08-31T00:30:00 15900  4.39    0.0    0.0   7.66  131.2 1004.4  inf 201.00 201.00 
2016-08-31T00:30:10 15904  4.39    0.0    0.0   7.64  163.6 1249.9  inf 201.00 201.00 
2016-08-31T00:30:19 15908  4.39    0.0    0.0   7.64  163.6 1249.9  inf 201.00 201.00 
2016-08-31T00:30:29 15912  4.39    0.0    0.0   7.64  162.0 1237.6  inf 201.00 201.00 
2016-08-31T00:30:39 15916  4.39    0.0    0.0   7.66  128.0  979.9  inf 201.00 201.00 
2016-08-31T00:30:49 15920  4.39    0.0    0.0   7.66  129.6  992.2  inf 201.00 201.00 
2016-08-31T00:30:59 15924  4.39    0.0    0.0   7.66  131.6 1007.5  inf 201.00 201.00 
2016-08-31T00:31:09 15928  4.39    0.0    0.0   7.64  163.6 1249.9  inf 201.00 201.00 
2016-08-31T00:31:19 15932  4.39    0.0    0.0   7.64  164.0 1252.9  inf 201.00 201.00 
2016-08-31T00:31:29 15936  4.39    0.0    0.0   7.64  162.0 1237.6  inf 201.00 201.00 
2016-08-31T00:31:39 15940  4.39    0.0    0.0   7.66  129.2  989.1  inf 201.00 201.00 
2016-08-31T00:31:49 15944  4.39    0.0    0.0   7.66  128.4  983.0  inf 201.00 201.00 
2016-08-31T00:31:59 15948  4.39    0.0    0.0   7.66  130.4  998.3  inf 201.00 201.00 
2016-08-31T00:32:09 15952  4.39    0.0    0.0   7.66  132.4 1013.6  inf 201.00 201.00 
2016-08-31T00:32:18 15956  4.39    0.0    0.0   7.65  143.6 1098.2  inf 201.00 201.00 
2016-08-31T00:32:28 15960  4.39    0.0    0.0   7.65  131.6 1006.4  inf 201.00 201.00 
2016-08-31T00:32:38 15964  4.39    0.0    0.0   7.66  128.8  986.0  inf 201.00 201.00 
2016-08-31T00:32:48 15968  4.39    0.0    0.0   7.66  129.2  989.1  inf 201.00 201.00 
2016-08-31T00:32:58 15972  4.39    0.0    0.0   7.66  129.6  992.2  inf 201.00 201.00 
2016-08-31T00:33:08 15976  4.39    0.0    0.0   7.66  129.6  992.2  inf 201.00 201.00 
2016-08-31T00:33:18 15980  4.39    0.0    0.0   7.66  132.0 1010.5  inf 201.00 201.00 
2016-08-31T00:33:28 15984  4.39    0.0    0.0   7.65  132.0 1009.5  inf 201.00 201.00 
2016-08-31T00:33:38 15988  4.39    0.0    0.0   7.66  129.2  989.1  inf 201.00 201.00 
2016-08-31T00:33:48 15992  4.39    0.0    0.0   7.66  129.6  992.2  inf 201.00 201.00 
2016-08-31T00:33:58 15996  4.39    0.0    0.0   7.66  130.4  998.3  inf 201.00 201.00 
2016-08-31T00:34:08 16000  4.39    0.0    0.0   7.65  132.0 1009.5  inf 201.00 201.00 
2016-08-31T00:34:17 16004  4.39    0.0    0.0   7.65  130.4  997.3  inf 201.00 201.00 
2016-08-31T00:34:27 16008  4.39    0.0    0.0   7.65  131.2 1003.4  inf 201.00 201.00 
2016-08-31T00:34:37 16012  4.39    0.0    0.0   7.66  129.2  989.1  inf 201.00 201.00 
2016-08-31T00:34:47 16016  4.39    0.0    0.0   7.66  129.2  989.1  inf 201.00 201.00 
2016-08-31T00:34:57 16020  4.39    0.0    0.0   7.65  130.4  997.3  inf 201.00 201.00 
2016-08-31T00:35:07 16024  4.39    0.0    0.0   7.65  132.0 1009.5  inf 201.00 201.00 
2016-08-31T00:35:17 16028  4.39    0.0    0.0   7.65  132.0 1009.5  inf 201.00 201.00 
2016-08-31T00:35:27 16032  4.39    0.0    0.0   7.65  132.0 1009.5  inf 201.00 201.00 
2016-08-31T00:35:37 16036  4.39    0.0    0.0   7.66  128.4  983.0  inf 201.00 201.00 
2016-08-31T00:35:47 16040  4.39    0.0    0.0   7.63  161.2 1230.2  inf 201.00 201.00 
2016-08-31T00:35:57 16044  4.39    0.0    0.0   7.63  162.8 1242.4  inf 201.00 201.00 
2016-08-31T00:36:07 16048  4.39    0.0    0.0   7.63  163.6 1248.6  inf 201.00 201.00 
2016-08-31T00:36:16 16052  4.39    0.0    0.0   7.63  164.4 1254.7  inf 201.00 201.00 
2016-08-31T00:36:26 16056  4.39    0.0    0.0   7.65  132.8 1015.6  inf 201.00 201.00 
2016-08-31T00:36:36 16060  4.39    0.0    0.0   7.65  130.4  997.3  inf 201.00 201.00 
2016-08-31T00:36:46 16064  4.39    0.0    0.0   7.65  128.8  985.0  inf 201.00 201.00 
2016-08-31T00:36:56 16068  4.39    0.0    0.0   7.65  128.0  978.9  inf 201.00 201.00 
2016-08-31T00:37:06 16072  4.39    0.0    0.0   7.65  130.0  994.2  inf 201.00 201.00 
2016-08-31T00:37:16 16076  4.39    0.0    0.0   7.65  132.4 1012.6  inf 201.00 201.00 
2016-08-31T00:37:26 16080  4.39    0.0    0.0   7.65  132.4 1012.6  inf 201.00 201.00 
2016-08-31T00:37:36 16084  4.39    0.0    0.0   7.65  130.8 1000.3  inf 201.00 201.00 
2016-08-31T00:37:46 16088  4.39    0.0    0.0   7.65  129.2  988.1  inf 201.00 201.00 
2016-08-31T00:37:56 16092  4.39    0.0    0.0   7.65  130.0  994.2  inf 201.00 201.00 
2016-08-31T00:38:06 16096  4.39    0.0    0.0   7.65  128.8  985.0  inf 201.00 201.00 
2016-08-31T00:38:15 16100  4.39    0.0    0.0   7.65  131.2 1003.4  inf 201.00 201.00 
2016-08-31T00:38:25 16104  4.39    0.0    0.0   7.65  133.2 1018.7  inf 201.00 201.00 
2016-08-31T00:38:35 16108  4.39    0.0    0.0   7.65  131.2 1003.4  inf 201.00 201.00 
2016-08-31T00:38:45 16112  4.39    0.0    0.0   7.65  129.6  991.1  inf 201.00 201.00 
2016-08-31T00:38:55 16116  4.39    0.0    0.0   7.65  129.6  991.1  inf 201.00 201.00 
2016-08-31T00:39:05 16120  4.39    0.0    0.0   7.65  130.0  994.2  inf 201.00 201.00 
2016-08-31T00:39:15 16124  4.39    0.0    0.0   7.65  131.2 1003.4  inf 201.00 201.00 
2016-08-31T00:39:25 16128  4.39    0.0    0.0   7.65  130.8 1000.3  inf 201.00 201.00 
2016-08-31T00:39:35 16132  4.39    0.0    0.0   7.65  130.8 1000.3  inf 201.00 201.00 
2016-08-31T00:39:45 16136  4.39    0.0    0.0   7.65  130.0  994.2  inf 201.00 201.00 
2016-08-31T00:39:55 16140  4.39    0.0    0.0   7.65  129.6  991.1  inf 201.00 201.00 
2016-08-31T00:40:05 16144  4.39    0.0    0.0   7.65  130.0  994.2  inf 201.00 201.00 
2016-08-31T00:40:14 16148  4.39    0.0    0.0   7.65  131.6 1006.4  inf 201.00 201.00 
2016-08-31T00:40:24 16152  4.39    0.0    0.0   7.65  132.4 1012.6  inf 201.00 201.00 
2016-08-31T00:40:34 16156  4.39    0.0    0.0   7.65  130.0  994.2  inf 201.00 201.00 
2016-08-31T00:40:44 16160  4.39    0.0    0.0   7.65  130.0  994.2  inf 201.00 201.00 
2016-08-31T00:40:54 16164  4.39    0.0    0.0   7.65  130.0  994.2  inf 201.00 201.00 
2016-08-31T00:41:04 16168  4.39    0.0    0.0   7.65  130.0  994.2  inf 201.00 201.00 
2016-08-31T00:41:14 16172  4.39    0.0    0.0   7.65  131.2 1003.4  inf 201.00 201.00 
2016-08-31T00:41:24 16176  4.39    0.0    0.0   7.64  152.4 1164.3  inf 201.00 201.00 
2016-08-31T00:41:34 16180  4.39    0.0    0.0   7.65  131.2 1003.4  inf 201.00 201.00 
2016-08-31T00:41:44 16184  4.39    0.0    0.0   7.65  130.8 1000.3  inf 201.00 201.00 
2016-08-31T00:41:54 16188  4.39    0.0    0.0   7.65  128.0  978.9  inf 201.00 201.00 
2016-08-31T00:42:04 16192  4.39    0.0    0.0   7.65  130.0  994.2  inf 201.00 201.00 
2016-08-31T00:42:13 16196  4.39    0.0    0.0   7.63  162.4 1239.4  inf 201.00 201.00 
2016-08-31T00:42:23 16200  4.39    0.0    0.0   7.63  164.0 1251.6  inf 201.00 201.00 
2016-08-31T00:42:33 16204  4.39    0.0    0.0   7.63  164.0 1251.6  inf 201.00 201.00 
2016-08-31T00:42:43 16208  4.39    0.0    0.0   7.65  130.8 1000.3  inf 201.00 201.00 
2016-08-31T00:42:53 16212  4.39    0.0    0.0   7.65  130.0  994.2  inf 201.00 201.00 
2016-08-31T00:43:03 16216  4.39    0.0    0.0   7.65  128.8  985.0  inf 201.00 201.00 
2016-08-31T00:43:13 16220  4.39    0.0    0.0   7.65  128.8  985.0  inf 201.00 201.00 
2016-08-31T00:43:23 16224  4.39    0.0    0.0   7.65  132.4 1012.6  inf 201.00 201.00 
2016-08-31T00:43:33 16228  4.39    0.0    0.0   7.65  131.2 1003.4  inf 201.00 201.00 
2016-08-31T00:43:43 16232  4.39    0.0    0.0   7.65  130.8 1000.3  inf 201.00 201.00 
2016-08-31T00:43:53 16236  4.39    0.0    0.0   7.65  131.6 1006.4  inf 201.00 201.00 
2016-08-31T00:44:03 16240  4.39    0.0    0.0   7.65  130.4  997.3  inf 201.00 201.00 
2016-08-31T00:44:12 16244  4.39    0.0    0.0   7.65  130.8 1000.3  inf 201.00 201.00 
2016-08-31T00:44:22 16248  4.39    0.0    0.0   7.65  130.8 1000.3  inf 201.00 201.00 
2016-08-31T00:44:32 16252  4.39    0.0    0.0   7.65  130.4  997.3  inf 201.00 201.00 
2016-08-31T00:44:42 16256  4.39    0.0    0.0   7.65  131.6 1006.4  inf 201.00 201.00 
2016-08-31T00:44:52 16260  4.39    0.0    0.0   7.65  131.2 1003.4  inf 201.00 201.00 
2016-08-31T00:45:02 16264  4.39    0.0    0.0   7.65  130.4  997.3  inf 201.00 201.00 
2016-08-31T00:45:12 16268  4.39    0.0    0.0   7.65  130.8 1000.3  inf 201.00 201.00 
2016-08-31T00:45:22 16272  4.39    0.0    0.0   7.65  131.6 1006.4  inf 201.00 201.00 
2016-08-31T00:45:32 16276  4.39    0.0    0.0   7.65  130.8 1000.3  inf 201.00 201.00 
2016-08-31T00:45:42 16280  4.39    0.0    0.0   7.65  130.0  994.2  inf 201.00 201.00 
2016-08-31T00:45:52 16284  4.39    0.0    0.0   7.65  130.8 1000.3  inf 201.00 201.00 
2016-08-31T00:46:02 16288  4.39    0.0    0.0   7.65  130.4  997.3  inf 201.00 201.00 
2016-08-31T00:46:11 16292  4.39    0.0    0.0   7.65  130.8 1000.3  inf 201.00 201.00 
2016-08-31T00:46:21 16296  4.39    0.0    0.0   7.65  130.8 1000.3  inf 201.00 201.00 
2016-08-31T00:46:31 16300  4.39    0.0    0.0   7.65  130.8 1000.3  inf 201.00 201.00 
2016-08-31T00:46:41 16304  4.39    0.0    0.0   7.65  131.6 1006.4  inf 201.00 201.00 
2016-08-31T00:46:51 16308  4.39    0.0    0.0   7.65  132.0 1009.5  inf 201.00 201.00 
2016-08-31T00:47:01 16312  4.39    0.0    0.0   7.65  130.0  994.2  inf 201.00 201.00 
2016-08-31T00:47:11 16316  4.39    0.0    0.0   7.65  128.8  985.0  inf 201.00 201.00 
2016-08-31T00:47:21 16320  4.39    0.0    0.0   7.65  131.2 1003.4  inf 201.00 201.00 
2016-08-31T00:47:31 16324  4.39    0.0    0.0   7.65  130.0  994.2  inf 201.00 201.00 
2016-08-31T00:47:41 16328  4.39    0.0    0.0   7.65  131.2 1003.4  inf 201.00 201.00 
2016-08-31T00:47:51 16332  4.39    0.0    0.0   7.65  132.0 1009.5  inf 201.00 201.00 
2016-08-31T00:48:01 16336  4.39    0.0    0.0   7.64  138.0 1054.3  inf 201.00 201.00 
2016-08-31T00:48:10 16340  4.39    0.0    0.0   7.65  131.2 1003.4  inf 201.00 201.00 
2016-08-31T00:48:20 16344  4.39    0.0    0.0   7.65  130.8 1000.3  inf 201.00 201.00 
2016-08-31T00:48:30 16348  4.39    0.0    0.0   7.65  128.4  982.0  inf 201.00 201.00 
2016-08-31T00:48:40 16352  4.39    0.0    0.0   7.65  130.0  994.2  inf 201.00 201.00 
2016-08-31T00:48:50 16356  4.39    0.0    0.0   7.65  131.6 1006.4  inf 201.00 201.00 
2016-08-31T00:49:00 16360  4.39    0.0    0.0   7.65  132.0 1009.5  inf 201.00 201.00 
2016-08-31T00:49:10 16364  4.39    0.0    0.0   7.65  130.8 1000.3  inf 201.00 201.00 
2016-08-31T00:49:20 16368  4.39    0.0    0.0   7.65  130.8 1000.3  inf 201.00 201.00 
2016-08-31T00:49:30 16372  4.39    0.0    0.0   7.65  129.2  988.1  inf 201.00 201.00 
2016-08-31T00:49:40 16376  4.39    0.0    0.0   7.64  138.0 1054.3  inf 201.00 201.00 
2016-08-31T00:49:50 16380  4.39    0.0    0.0   7.65  132.0 1009.5  inf 201.00 201.00 
2016-08-31T00:50:00 16384  4.39    0.0    0.0   7.65  130.8 1000.3  inf 201.00 201.00 
2016-08-31T00:50:09 16388  4.39    0.0    0.0   7.65  128.8  985.0  inf 201.00 201.00 
2016-08-31T00:50:19 16392  4.39    0.0    0.0   7.63  157.6 1202.8  inf 201.00 201.00 
2016-08-31T00:50:29 16396  4.39    0.0    0.0   7.63  162.4 1239.4  inf 201.00 201.00 
2016-08-31T00:50:39 16400  4.39    0.0    0.0   7.63  163.2 1245.5  inf 201.00 201.00 
2016-08-31T00:50:49 16404  4.39    0.0    0.0   7.65  132.0 1009.5  inf 201.00 201.00 
2016-08-31T00:50:59 16408  4.39    0.0    0.0   7.65  132.0 1009.5  inf 201.00 201.00 
2016-08-31T00:51:09 16412  4.39    0.0    0.0   7.64  132.4 1011.5  inf 201.00 201.00 
2016-08-31T00:51:19 16416  4.39    0.0    0.0   7.65  131.2 1003.4  inf 201.00 201.00 
2016-08-31T00:51:29 16420  4.39    0.0    0.0   7.65  129.6  991.1  inf 201.00 201.00 
2016-08-31T00:51:39 16424  4.39    0.0    0.0   7.64  135.6 1035.9  inf 201.00 201.00 
2016-08-31T00:51:49 16428  4.39    0.0    0.0   7.65  130.8 1000.3  inf 201.00 201.00 
2016-08-31T00:51:59 16432  4.39    0.0    0.0   7.65  132.4 1012.6  inf 201.00 201.00 
2016-08-31T00:52:08 16436  4.39    0.0    0.0   7.64  133.2 1017.6  inf 201.00 201.00 
2016-08-31T00:52:18 16440  4.39    0.0    0.0   7.65  129.2  988.1  inf 201.00 201.00 
2016-08-31T00:52:28 16444  4.39    0.0    0.0   7.65  129.2  988.1  inf 201.00 201.00 
2016-08-31T00:52:38 16448  4.39    0.0    0.0   7.65  130.0  994.2  inf 201.00 201.00 
2016-08-31T00:52:48 16452  4.39    0.0    0.0   7.64  131.6 1005.4  inf 201.00 201.00 
2016-08-31T00:52:58 16456  4.39    0.0    0.0   7.63  150.8 1150.9  inf 201.00 201.00 
2016-08-31T00:53:08 16460  4.39    0.0    0.0   7.64  130.8  999.3  inf 201.00 201.00 
2016-08-31T00:53:18 16464  4.39    0.0    0.0   7.65  128.4  982.0  inf 201.00 201.00 
2016-08-31T00:53:28 16468  4.39    0.0    0.0   7.65  129.2  988.1  inf 201.00 201.00 
2016-08-31T00:53:38 16472  4.39    0.0    0.0   7.65  130.0  994.2  inf 201.00 201.00 
2016-08-31T00:53:48 16476  4.39    0.0    0.0   7.64  131.2 1002.3  inf 201.00 201.00 
2016-08-31T00:53:58 16480  4.39    0.0    0.0   7.64  132.0 1008.4  inf 201.00 201.00 
2016-08-31T00:54:07 16484  4.39    0.0    0.0   7.64  132.8 1014.5  inf 201.00 201.00 
2016-08-31T00:54:17 16488  4.39    0.0    0.0   7.64  132.4 1011.5  inf 201.00 201.00 
2016-08-31T00:54:27 16492  4.39    0.0    0.0   7.64  129.6  990.1  inf 201.00 201.00 
2016-08-31T00:54:37 16496  4.39    0.0    0.0   7.65  128.4  982.0  inf 201.00 201.00 
2016-08-31T00:54:47 16500  4.39    0.0    0.0   7.64  129.2  987.0  inf 201.00 201.00 
2016-08-31T00:54:57 16504  4.39    0.0    0.0   7.64  132.4 1011.5  inf 201.00 201.00 
2016-08-31T00:55:07 16508  4.39    0.0    0.0   7.64  132.8 1014.5  inf 201.00 201.00 
2016-08-31T00:55:17 16512  4.39    0.0    0.0   7.64  130.4  996.2  inf 201.00 201.00 
2016-08-31T00:55:27 16516  4.39    0.0    0.0   7.64  129.6  990.1  inf 201.00 201.00 
2016-08-31T00:55:37 16520  4.39    0.0    0.0   7.64  130.0  993.2  inf 201.00 201.00 
2016-08-31T00:55:47 16524  4.39    0.0    0.0   7.64  130.4  996.2  inf 201.00 201.00 
2016-08-31T00:55:57 16528  4.39    0.0    0.0   7.64  131.6 1005.4  inf 201.00 201.00 
2016-08-31T00:56:06 16532  4.39    0.0    0.0   7.64  130.4  996.2  inf 201.00 201.00 
2016-08-31T00:56:16 16536  4.39    0.0    0.0   7.64  130.4  996.2  inf 201.00 201.00 
2016-08-31T00:56:26 16540  4.39    0.0    0.0   7.64  129.6  990.1  inf 201.00 201.00 
2016-08-31T00:56:36 16544  4.39    0.0    0.0   7.64  129.6  990.1  inf 201.00 201.00 
2016-08-31T00:56:46 16548  4.39    0.0    0.0   7.64  130.0  993.2  inf 201.00 201.00 
2016-08-31T00:56:56 16552  4.39    0.0    0.0   7.64  131.6 1005.4  inf 201.00 201.00 
2016-08-31T00:57:06 16556  4.39    0.0    0.0   7.64  132.4 1011.5  inf 201.00 201.00 
2016-08-31T00:57:16 16560  4.39    0.0    0.0   7.64  132.8 1014.5  inf 201.00 201.00 
2016-08-31T00:57:26 16564  4.39    0.0    0.0   7.64  129.6  990.1  inf 201.00 201.00 
2016-08-31T00:57:36 16568  4.39    0.0    0.0   7.64  128.0  977.9  inf 201.00 201.00 
2016-08-31T00:57:46 16572  4.39    0.0    0.0   7.64  129.6  990.1  inf 201.00 201.00 
2016-08-31T00:57:56 16576  4.39    0.0    0.0   7.64  131.2 1002.3  inf 201.00 201.00 
2016-08-31T00:58:05 16580  4.39    0.0    0.0   7.64  132.4 1011.5  inf 201.00 201.00 
2016-08-31T00:58:15 16584  4.39    0.0    0.0   7.64  132.4 1011.5  inf 201.00 201.00 
2016-08-31T00:58:25 16588  4.39    0.0    0.0   7.64  130.8  999.3  inf 201.00 201.00 
2016-08-31T00:58:35 16592  4.39    0.0    0.0   7.64  129.2  987.0  inf 201.00 201.00 
2016-08-31T00:58:45 16596  4.39    0.0    0.0   7.64  129.6  990.1  inf 201.00 201.00 
2016-08-31T00:58:55 16600  4.39    0.0    0.0   7.64  128.8  984.0  inf 201.00 201.00 
2016-08-31T00:59:05 16604  4.39    0.0    0.0   7.64  130.8  999.3  inf 201.00 201.00 
2016-08-31T00:59:15 16608  4.39    0.0    0.0   7.64  130.8  999.3  inf 201.00 201.00 
2016-08-31T00:59:25 16612  4.39    0.0    0.0   7.64  131.2 1002.3  inf 201.00 201.00 
2016-08-31T00:59:35 16616  4.39    0.0    0.0   7.64  129.2  987.0  inf 201.00 201.00 
2016-08-31T00:59:45 16620  4.39    0.0    0.0   7.64  130.0  993.2  inf 201.00 201.00 
2016-08-31T00:59:55 16624  4.39    0.0    0.0   7.64  131.2 1002.3  inf 201.00 201.00 
2016-08-31T01:00:04 16628  4.39    0.0    0.0   7.64  133.2 1017.6  inf 201.00 201.00 
2016-08-31T01:00:14 16632  4.39    0.0    0.0   7.64  131.2 1002.3  inf 201.00 201.00 
2016-08-31T01:00:24 16636  4.39    0.0    0.0   7.64  130.4  996.2  inf 201.00 201.00 
2016-08-31T01:00:34 16640  4.39    0.0    0.0   7.64  129.2  987.0  inf 201.00 201.00 
2016-08-31T01:00:44 16644  4.39    0.0    0.0   7.64  129.6  990.1  inf 201.00 201.00 
2016-08-31T01:00:54 16648  4.39    0.0    0.0   7.64  130.8  999.3  inf 201.00 201.00 
2016-08-31T01:01:04 16652  4.39    0.0    0.0   7.64  131.6 1005.4  inf 201.00 201.00 
2016-08-31T01:01:14 16656  4.39    0.0    0.0   7.64  131.2 1002.3  inf 201.00 201.00 
2016-08-31T01:01:24 16660  4.39    0.0    0.0   7.64  131.6 1005.4  inf 201.00 201.00 
2016-08-31T01:01:34 16664  4.39    0.0    0.0   7.64  131.2 1002.3  inf 201.00 201.00 
2016-08-31T01:01:44 16668  4.39    0.0    0.0   7.64  130.0  993.2  inf 201.00 201.00 
2016-08-31T01:01:54 16672  4.39    0.0    0.0   7.64  128.4  980.9  inf 201.00 201.00 
2016-08-31T01:02:03 16676  4.39    0.0    0.0   7.64  129.6  990.1  inf 201.00 201.00 
2016-08-31T01:02:13 16680  4.39    0.0    0.0   7.64  130.8  999.3  inf 201.00 201.00 
2016-08-31T01:02:23 16684  4.39    0.0    0.0   7.64  131.6 1005.4  inf 201.00 201.00 
2016-08-31T01:02:33 16688  4.39    0.0    0.0   7.64  131.2 1002.3  inf 201.00 201.00 
2016-08-31T01:02:43 16692  4.39    0.0    0.0   7.64  130.4  996.2  inf 201.00 201.00 
2016-08-31T01:02:53 16696  4.39    0.0    0.0   7.64  131.2 1002.3  inf 201.00 201.00 
2016-08-31T01:03:03 16700  4.39    0.0    0.0   7.64  131.2 1002.3  inf 201.00 201.00 
2016-08-31T01:03:13 16704  4.39    0.0    0.0   7.64  130.8  999.3  inf 201.00 201.00 
2016-08-31T01:03:23 16708  4.39    0.0    0.0   7.64  131.2 1002.3  inf 201.00 201.00 
2016-08-31T01:03:33 16712  4.39    0.0    0.0   7.64  131.2 1002.3  inf 201.00 201.00 
2016-08-31T01:03:43 16716  4.39    0.0    0.0   7.64  130.8  999.3  inf 201.00 201.00 
2016-08-31T01:03:53 16720  4.39    0.0    0.0   7.62  162.4 1238.1  inf 201.00 201.00 
2016-08-31T01:04:02 16724  4.39    0.0    0.0   7.64  131.2 1002.3  inf 201.00 201.00 
2016-08-31T01:04:12 16728  4.39    0.0    0.0   7.62  158.8 1210.6  inf 201.00 201.00 
2016-08-31T01:04:22 16732  4.39    0.0    0.0   7.64  131.6 1005.4  inf 201.00 201.00 
2016-08-31T01:04:32 16736  4.39    0.0    0.0   7.64  131.6 1005.4  inf 201.00 201.00 
2016-08-31T01:04:42 16740  4.39    0.0    0.0   7.64  130.0  993.2  inf 201.00 201.00 
2016-08-31T01:04:52 16744  4.39    0.0    0.0   7.64  128.8  984.0  inf 201.00 201.00 
2016-08-31T01:05:02 16748  4.39    0.0    0.0   7.64  131.2 1002.3  inf 201.00 201.00 
2016-08-31T01:05:12 16752  4.39    0.0    0.0   7.64  130.0  993.2  inf 201.00 201.00 
2016-08-31T01:05:22 16756  4.39    0.0    0.0   7.64  131.2 1002.3  inf 201.00 201.00 
2016-08-31T01:05:32 16760  4.39    0.0    0.0   7.64  131.6 1005.4  inf 201.00 201.00 
2016-08-31T01:05:42 16764  4.39    0.0    0.0   7.64  131.6 1005.4  inf 201.00 201.00 
2016-08-31T01:05:52 16768  4.39    0.0    0.0   7.64  130.4  996.2  inf 201.00 201.00 
2016-08-31T01:06:01 16772  4.39    0.0    0.0   7.64  130.0  993.2  inf 201.00 201.00 
2016-08-31T01:06:11 16776  4.39    0.0    0.0   7.64  128.4  980.9  inf 201.00 201.00 
2016-08-31T01:06:21 16780  4.39    0.0    0.0   7.64  130.8  999.3  inf 201.00 201.00 
2016-08-31T01:06:31 16784  4.39    0.0    0.0   7.64  132.0 1008.4  inf 201.00 201.00 
2016-08-31T01:06:41 16788  4.39    0.0    0.0   7.64  131.6 1005.4  inf 201.00 201.00 
2016-08-31T01:06:51 16792  4.39    0.0    0.0   7.64  130.8  999.3  inf 201.00 201.00 
2016-08-31T01:07:01 16796  4.39    0.0    0.0   7.64  131.6 1005.4  inf 201.00 201.00 
2016-08-31T01:07:11 16800  4.39    0.0    0.0   7.64  129.6  990.1  inf 201.00 201.00 
2016-08-31T01:07:21 16804  4.39    0.0    0.0   7.64  131.2 1002.3  inf 201.00 201.00 
2016-08-31T01:07:31 16808  4.39    0.0    0.0   7.62  168.8 1285.5  inf 201.00 201.00 
2016-08-31T01:07:41 16812  4.39    0.0    0.0   7.64  130.8  999.3  inf 201.00 201.00 
2016-08-31T01:07:51 16816  4.39    0.0    0.0   7.64  130.8  999.3  inf 201.00 201.00 
2016-08-31T01:08:00 16820  4.39    0.0    0.0   7.64  131.2 1002.3  inf 201.00 201.00 
2016-08-31T01:08:10 16824  4.39    0.0    0.0   7.64  129.6  990.1  inf 201.00 201.00 
2016-08-31T01:08:20 16828  4.39    0.0    0.0   7.64  130.0  993.2  inf 201.00 201.00 
2016-08-31T01:08:30 16832  4.39    0.0    0.0   7.64  131.6 1005.4  inf 201.00 201.00 
2016-08-31T01:08:40 16836  4.39    0.0    0.0   7.62  150.8 1149.7  inf 201.00 201.00 
2016-08-31T01:08:50 16840  4.39    0.0    0.0   7.62  163.6 1247.2  inf 201.00 201.00 
2016-08-31T01:09:00 16844  4.39    0.0    0.0   7.62  162.8 1241.1  inf 201.00 201.00 
2016-08-31T01:09:10 16848  4.39    0.0    0.0   7.64  128.8  984.0  inf 201.00 201.00 
2016-08-31T01:09:20 16852  4.39    0.0    0.0   7.64  129.6  990.1  inf 201.00 201.00 
2016-08-31T01:09:30 16856  4.39    0.0    0.0   7.64  132.0 1008.4  inf 201.00 201.00 
2016-08-31T01:09:40 16860  4.39    0.0    0.0   7.64  132.4 1011.5  inf 201.00 201.00 
2016-08-31T01:09:50 16864  4.39    0.0    0.0   7.64  132.0 1008.4  inf 201.00 201.00 
2016-08-31T01:09:59 16868  4.39    0.0    0.0   7.64  131.6 1005.4  inf 201.00 201.00 
2016-08-31T01:10:09 16872  4.39    0.0    0.0   7.64  129.6  990.1  inf 201.00 201.00 
2016-08-31T01:10:19 16876  4.39    0.0    0.0   7.64  129.6  990.1  inf 201.00 201.00 
2016-08-31T01:10:29 16880  4.39    0.0    0.0   7.64  130.4  996.2  inf 201.00 201.00 
2016-08-31T01:10:39 16884  4.39    0.0    0.0   7.64  130.4  996.2  inf 201.00 201.00 
2016-08-31T01:10:49 16888  4.39    0.0    0.0   7.64  132.4 1011.5  inf 201.00 201.00 
2016-08-31T01:10:59 16892  4.39    0.0    0.0   7.64  130.8  999.3  inf 201.00 201.00 
2016-08-31T01:11:09 16896  4.39    0.0    0.0   7.64  129.2  987.0  inf 201.00 201.00 
2016-08-31T01:11:19 16900  4.39    0.0    0.0   7.64  130.0  993.2  inf 201.00 201.00 
2016-08-31T01:11:29 16904  4.39    0.0    0.0   7.64  131.6 1005.4  inf 201.00 201.00 
2016-08-31T01:11:39 16908  4.39    0.0    0.0   7.63  132.4 1010.4  inf 201.00 201.00 
2016-08-31T01:11:49 16912  4.39    0.0    0.0   7.63  132.0 1007.4  inf 201.00 201.00 
2016-08-31T01:11:58 16916  4.39    0.0    0.0   7.63  130.4  995.2  inf 201.00 201.00 
2016-08-31T01:12:08 16920  4.39    0.0    0.0   7.64  128.4  980.9  inf 201.00 201.00 
2016-08-31T01:12:18 16924  4.39    0.0    0.0   7.64  128.8  984.0  inf 201.00 201.00 
2016-08-31T01:12:28 16928  4.39    0.0    0.0   7.64  130.4  996.2  inf 201.00 201.00 
2016-08-31T01:12:38 16932  4.39    0.0    0.0   7.63  132.4 1010.4  inf 201.00 201.00 
2016-08-31T01:12:48 16936  4.39    0.0    0.0   7.63  132.4 1010.4  inf 201.00 201.00 
2016-08-31T01:12:58 16940  4.39    0.0    0.0   7.63  132.4 1010.4  inf 201.00 201.00 
2016-08-31T01:13:08 16944  4.39    0.0    0.0   7.64  129.2  987.0  inf 201.00 201.00 
2016-08-31T01:13:18 16948  4.39    0.0    0.0   7.63  129.6  989.1  inf 201.00 201.00 
2016-08-31T01:13:28 16952  4.39    0.0    0.0   7.63  130.0  992.1  inf 201.00 201.00 
2016-08-31T01:13:38 16956  4.39    0.0    0.0   7.63  130.4  995.2  inf 201.00 201.00 
2016-08-31T01:13:48 16960  4.39    0.0    0.0   7.63  130.4  995.2  inf 201.00 201.00 
2016-08-31T01:13:57 16964  4.39    0.0    0.0   7.63  132.8 1013.5  inf 201.00 201.00 
2016-08-31T01:14:07 16968  4.39    0.0    0.0   7.64  129.6  990.1  inf 201.00 201.00 
2016-08-31T01:14:17 16972  4.39    0.0    0.0   7.63  129.2  986.0  inf 201.00 201.00 
2016-08-31T01:14:27 16976  4.39    0.0    0.0   7.63  130.0  992.1  inf 201.00 201.00 
2016-08-31T01:14:37 16980  4.39    0.0    0.0   7.63  132.4 1010.4  inf 201.00 201.00 
2016-08-31T01:14:47 16984  4.39    0.0    0.0   7.62  150.4 1146.6  inf 201.00 201.00 
2016-08-31T01:14:57 16988  4.39    0.0    0.0   7.63  132.8 1013.5  inf 201.00 201.00 
2016-08-31T01:15:07 16992  4.39    0.0    0.0   7.63  129.6  989.1  inf 201.00 201.00 
2016-08-31T01:15:17 16996  4.39    0.0    0.0   7.63  128.8  983.0  inf 201.00 201.00 
2016-08-31T01:15:27 17000  4.39    0.0    0.0   7.63  129.2  986.0  inf 201.00 201.00 
2016-08-31T01:15:37 17004  4.39    0.0    0.0   7.63  130.8  998.2  inf 201.00 201.00 
2016-08-31T01:15:47 17008  4.39    0.0    0.0   7.63  132.4 1010.4  inf 201.00 201.00 
2016-08-31T01:15:56 17012  4.39    0.0    0.0   7.63  133.2 1016.5  inf 201.00 201.00 
2016-08-31T01:16:06 17016  4.39    0.0    0.0   7.63  131.2 1001.3  inf 201.00 201.00 
2016-08-31T01:16:16 17020  4.39    0.0    0.0   7.63  129.2  986.0  inf 201.00 201.00 
2016-08-31T01:16:26 17024  4.39    0.0    0.0   7.63  130.0  992.1  inf 201.00 201.00 
2016-08-31T01:16:36 17028  4.39    0.0    0.0   7.63  130.0  992.1  inf 201.00 201.00 
2016-08-31T01:16:46 17032  4.39    0.0    0.0   7.63  130.8  998.2  inf 201.00 201.00 
2016-08-31T01:16:56 17036  4.39    0.0    0.0   7.62  149.6 1140.5  inf 201.00 201.00 
2016-08-31T01:17:06 17040  4.39    0.0    0.0   7.63  130.8  998.2  inf 201.00 201.00 
2016-08-31T01:17:16 17044  4.39    0.0    0.0   7.63  130.0  992.1  inf 201.00 201.00 
2016-08-31T01:17:26 17048  4.39    0.0    0.0   7.63  130.0  992.1  inf 201.00 201.00 
2016-08-31T01:17:36 17052  4.39    0.0    0.0   7.63  130.8  998.2  inf 201.00 201.00 
2016-08-31T01:17:46 17056  4.39    0.0    0.0   7.63  132.8 1013.5  inf 201.00 201.00 
2016-08-31T01:17:55 17060  4.39    0.0    0.0   7.63  132.8 1013.5  inf 201.00 201.00 
2016-08-31T01:18:05 17064  4.39    0.0    0.0   7.63  130.8  998.2  inf 201.00 201.00 
2016-08-31T01:18:15 17068  4.39    0.0    0.0   7.63  128.4  979.9  inf 201.00 201.00 
2016-08-31T01:18:25 17072  4.39    0.0    0.0   7.63  129.2  986.0  inf 201.00 201.00 
2016-08-31T01:18:35 17076  4.39    0.0    0.0   7.63  130.0  992.1  inf 201.00 201.00 
2016-08-31T01:18:45 17080  4.39    0.0    0.0   7.63  131.6 1004.3  inf 201.00 201.00 
2016-08-31T01:18:55 17084  4.39    0.0    0.0   7.63  133.2 1016.5  inf 201.00 201.00 
2016-08-31T01:19:05 17088  4.39    0.0    0.0   7.63  131.6 1004.3  inf 201.00 201.00 
2016-08-31T01:19:15 17092  4.39    0.0    0.0   7.63  130.8  998.2  inf 201.00 201.00 
2016-08-31T01:19:25 17096  4.39    0.0    0.0   7.62  149.2 1137.5  inf 201.00 201.00 
2016-08-31T01:19:35 17100  4.39    0.0    0.0   7.63  129.6  989.1  inf 201.00 201.00 
2016-08-31T01:19:45 17104  4.39    0.0    0.0   7.63  129.2  986.0  inf 201.00 201.00 
2016-08-31T01:19:54 17108  4.39    0.0    0.0   7.63  132.0 1007.4  inf 201.00 201.00 
2016-08-31T01:20:04 17112  4.39    0.0    0.0   7.63  131.2 1001.3  inf 201.00 201.00 
2016-08-31T01:20:14 17116  4.39    0.0    0.0   7.63  131.2 1001.3  inf 201.00 201.00 
2016-08-31T01:20:24 17120  4.39    0.0    0.0   7.63  129.6  989.1  inf 201.00 201.00 
2016-08-31T01:20:34 17124  4.39    0.0    0.0   7.63  130.0  992.1  inf 201.00 201.00 
2016-08-31T01:20:44 17128  4.39    0.0    0.0   7.63  130.4  995.2  inf 201.00 201.00 
2016-08-31T01:20:54 17132  4.39    0.0    0.0   7.63  133.2 1016.5  inf 201.00 201.00 
2016-08-31T01:21:04 17136  4.39    0.0    0.0   7.63  130.8  998.2  inf 201.00 201.00 
2016-08-31T01:21:14 17140  4.39    0.0    0.0   7.63  130.4  995.2  inf 201.00 201.00 
2016-08-31T01:21:24 17144  4.39    0.0    0.0   7.63  129.6  989.1  inf 201.00 201.00 
2016-08-31T01:21:34 17148  4.39    0.0    0.0   7.63  130.4  995.2  inf 201.00 201.00 
2016-08-31T01:21:44 17152  4.39    0.0    0.0   7.63  130.4  995.2  inf 201.00 201.00 
2016-08-31T01:21:53 17156  4.39    0.0    0.0   7.63  132.8 1013.5  inf 201.00 201.00 
2016-08-31T01:22:03 17160  4.39    0.0    0.0   7.63  131.6 1004.3  inf 201.00 201.00 
2016-08-31T01:22:13 17164  4.39    0.0    0.0   7.63  131.6 1004.3  inf 201.00 201.00 
2016-08-31T01:22:23 17168  4.39    0.0    0.0   7.63  132.0 1007.4  inf 201.00 201.00 
2016-08-31T01:22:33 17172  4.39    0.0    0.0   7.63  129.6  989.1  inf 201.00 201.00 
2016-08-31T01:22:43 17176  4.39    0.0    0.0   7.63  129.2  986.0  inf 201.00 201.00 
2016-08-31T01:22:53 17180  4.39    0.0    0.0   7.63  131.2 1001.3  inf 201.00 201.00 
2016-08-31T01:23:03 17184  4.39    0.0    0.0   7.63  131.2 1001.3  inf 201.00 201.00 
2016-08-31T01:23:13 17188  4.39    0.0    0.0   7.63  134.0 1022.6  inf 201.00 201.00 
2016-08-31T01:23:23 17192  4.39    0.0    0.0   7.63  131.2 1001.3  inf 201.00 201.00 
2016-08-31T01:23:33 17196  4.39    0.0    0.0   7.63  131.6 1004.3  inf 201.00 201.00 
2016-08-31T01:23:43 17200  4.39    0.0    0.0   7.63  130.8  998.2  inf 201.00 201.00 
2016-08-31T01:23:52 17204  4.39    0.0    0.0   7.63  131.2 1001.3  inf 201.00 201.00 
2016-08-31T01:24:02 17208  4.39    0.0    0.0   7.63  130.8  998.2  inf 201.00 201.00 
2016-08-31T01:24:12 17212  4.39    0.0    0.0   7.63  130.4  995.2  inf 201.00 201.00 
2016-08-31T01:24:22 17216  4.39    0.0    0.0   7.63  131.2 1001.3  inf 201.00 201.00 
2016-08-31T01:24:32 17220  4.39    0.0    0.0   7.63  130.0  992.1  inf 201.00 201.00 
2016-08-31T01:24:42 17224  4.39    0.0    0.0   7.63  130.4  995.2  inf 201.00 201.00 
2016-08-31T01:24:52 17228  4.39    0.0    0.0   7.63  131.6 1004.3  inf 201.00 201.00 
2016-08-31T01:25:02 17232  4.39    0.0    0.0   7.63  131.6 1004.3  inf 201.00 201.00 
2016-08-31T01:25:12 17236  4.39    0.0    0.0   7.63  131.6 1004.3  inf 201.00 201.00 
2016-08-31T01:25:22 17240  4.39    0.0    0.0   7.63  131.6 1004.3  inf 201.00 201.00 
2016-08-31T01:25:32 17244  4.39    0.0    0.0   7.63  130.0  992.1  inf 201.00 201.00 
2016-08-31T01:25:42 17248  4.39    0.0    0.0   7.63  128.8  983.0  inf 201.00 201.00 
2016-08-31T01:25:51 17252  4.39    0.0    0.0   7.63  130.8  998.2  inf 201.00 201.00 
2016-08-31T01:26:01 17256  4.39    0.0    0.0   7.63  130.0  992.1  inf 201.00 201.00 
2016-08-31T01:26:11 17260  4.39    0.0    0.0   7.63  131.6 1004.3  inf 201.00 201.00 
2016-08-31T01:26:21 17264  4.39    0.0    0.0   7.63  131.6 1004.3  inf 201.00 201.00 
2016-08-31T01:26:31 17268  4.39    0.0    0.0   7.63  131.6 1004.3  inf 201.00 201.00 
2016-08-31T01:26:41 17272  4.39    0.0    0.0   7.63  130.4  995.2  inf 201.00 201.00 
2016-08-31T01:26:51 17276  4.39    0.0    0.0   7.63  131.2 1001.3  inf 201.00 201.00 
2016-08-31T01:27:01 17280  4.39    0.0    0.0   7.63  129.2  986.0  inf 201.00 201.00 
2016-08-31T01:27:11 17284  4.39    0.0    0.0   7.63  130.4  995.2  inf 201.00 201.00 
2016-08-31T01:27:21 17288  4.39    0.0    0.0   7.63  132.0 1007.4  inf 201.00 201.00 
2016-08-31T01:27:31 17292  4.39    0.0    0.0   7.63  132.0 1007.4  inf 201.00 201.00 
2016-08-31T01:27:40 17296  4.39    0.0    0.0   7.63  130.8  998.2  inf 201.00 201.00 
2016-08-31T01:27:50 17300  4.39    0.0    0.0   7.63  130.8  998.2  inf 201.00 201.00 
2016-08-31T01:28:00 17304  4.39    0.0    0.0   7.63  129.6  989.1  inf 201.00 201.00 
2016-08-31T01:28:10 17308  4.39    0.0    0.0   7.63  131.6 1004.3  inf 201.00 201.00 
2016-08-31T01:28:20 17312  4.39    0.0    0.0   7.63  131.6 1004.3  inf 201.00 201.00 
2016-08-31T01:28:30 17316  4.39    0.0    0.0   7.63  130.4  995.2  inf 201.00 201.00 
2016-08-31T01:28:40 17320  4.39    0.0    0.0   7.63  128.8  983.0  inf 201.00 201.00 
2016-08-31T01:28:50 17324  4.39    0.0    0.0   7.63  131.2 1001.3  inf 201.00 201.00 
2016-08-31T01:29:00 17328  4.39    0.0    0.0   7.63  129.2  986.0  inf 201.00 201.00 
2016-08-31T01:29:10 17332  4.39    0.0    0.0   7.63  131.2 1001.3  inf 201.00 201.00 
2016-08-31T01:29:20 17336  4.39    0.0    0.0   7.63  132.0 1007.4  inf 201.00 201.00 
2016-08-31T01:29:30 17340  4.39    0.0    0.0   7.63  132.4 1010.4  inf 201.00 201.00 
2016-08-31T01:29:39 17344  4.39    0.0    0.0   7.63  132.0 1007.4  inf 201.00 201.00 
2016-08-31T01:29:49 17348  4.39    0.0    0.0   7.63  130.4  995.2  inf 201.00 201.00 
2016-08-31T01:29:59 17352  4.39    0.0    0.0   7.63  128.8  983.0  inf 201.00 201.00 
2016-08-31T01:30:09 17356  4.39    0.0    0.0   7.63  128.8  983.0  inf 201.00 201.00 
2016-08-31T01:30:19 17360  4.39    0.0    0.0   7.63  131.6 1004.3  inf 201.00 201.00 
2016-08-31T01:30:29 17364  4.39    0.0    0.0   7.63  131.6 1004.3  inf 201.00 201.00 
2016-08-31T01:30:39 17368  4.39    0.0    0.0   7.62  132.0 1006.3  inf 201.00 201.00 
2016-08-31T01:30:49 17372  4.39    0.0    0.0   7.62  131.6 1003.3  inf 201.00 201.00 
2016-08-31T01:30:59 17376  4.39    0.0    0.0   7.63  129.2  986.0  inf 201.00 201.00 
2016-08-31T01:31:09 17380  4.39    0.0    0.0   7.63  130.4  995.2  inf 201.00 201.00 
2016-08-31T01:31:19 17384  4.39    0.0    0.0   7.62  132.0 1006.3  inf 201.00 201.00 
2016-08-31T01:31:29 17388  4.39    0.0    0.0   7.62  130.4  994.1  inf 201.00 201.00 
2016-08-31T01:31:38 17392  4.39    0.0    0.0   7.62  130.4  994.1  inf 201.00 201.00 
2016-08-31T01:31:48 17396  4.39    0.0    0.0   7.63  131.2 1001.3  inf 201.00 201.00 
2016-08-31T01:31:58 17400  4.39    0.0    0.0   7.63  129.6  989.1  inf 201.00 201.00 
2016-08-31T01:32:08 17404  4.39    0.0    0.0   7.63  129.6  989.1  inf 201.00 201.00 
2016-08-31T01:32:18 17408  4.39    0.0    0.0   7.62  132.0 1006.3  inf 201.00 201.00 
2016-08-31T01:32:28 17412  4.39    0.0    0.0   7.62  132.0 1006.3  inf 201.00 201.00 
2016-08-31T01:32:38 17416  4.39    0.0    0.0   7.62  132.4 1009.4  inf 201.00 201.00 
2016-08-31T01:32:48 17420  4.39    0.0    0.0   7.62  132.0 1006.3  inf 201.00 201.00 
2016-08-31T01:32:58 17424  4.39    0.0    0.0   7.63  128.8  983.0  inf 201.00 201.00 
2016-08-31T01:33:08 17428  4.39    0.0    0.0   7.63  129.2  986.0  inf 201.00 201.00 
2016-08-31T01:33:18 17432  4.39    0.0    0.0   7.63  129.6  989.1  inf 201.00 201.00 
2016-08-31T01:33:28 17436  4.39    0.0    0.0   7.62  132.0 1006.3  inf 201.00 201.00 
2016-08-31T01:33:37 17440  4.39    0.0    0.0   7.62  132.4 1009.4  inf 201.00 201.00 
2016-08-31T01:33:47 17444  4.39    0.0    0.0   7.62  132.8 1012.4  inf 201.00 201.00 
2016-08-31T01:33:57 17448  4.39    0.0    0.0   7.63  129.6  989.1  inf 201.00 201.00 
2016-08-31T01:34:07 17452  4.39    0.0    0.0   7.62  130.4  994.1  inf 201.00 201.00 
2016-08-31T01:34:17 17456  4.39    0.0    0.0   7.62  130.0  991.1  inf 201.00 201.00 
2016-08-31T01:34:27 17460  4.39    0.0    0.0   7.62  132.0 1006.3  inf 201.00 201.00 
2016-08-31T01:34:37 17464  4.39    0.0    0.0   7.62  131.6 1003.3  inf 201.00 201.00 
2016-08-31T01:34:47 17468  4.39    0.0    0.0   7.62  130.4  994.1  inf 201.00 201.00 
2016-08-31T01:34:57 17472  4.39    0.0    0.0   7.63  129.2  986.0  inf 201.00 201.00 
2016-08-31T01:35:07 17476  4.39    0.0    0.0   7.62  135.6 1033.8  inf 201.00 201.00 
2016-08-31T01:35:17 17480  4.39    0.0    0.0   7.62  130.8  997.2  inf 201.00 201.00 
2016-08-31T01:35:27 17484  4.39    0.0    0.0   7.62  132.0 1006.3  inf 201.00 201.00 
2016-08-31T01:35:36 17488  4.39    0.0    0.0   7.62  132.8 1012.4  inf 201.00 201.00 
2016-08-31T01:35:46 17492  4.39    0.0    0.0   7.62  133.2 1015.5  inf 201.00 201.00 
2016-08-31T01:35:56 17496  4.39    0.0    0.0   7.62  130.0  991.1  inf 201.00 201.00 
2016-08-31T01:36:06 17500  4.39    0.0    0.0   7.62  130.0  991.1  inf 201.00 201.00 
2016-08-31T01:36:16 17504  4.39    0.0    0.0   7.62  129.6  988.0  inf 201.00 201.00 
2016-08-31T01:36:26 17508  4.39    0.0    0.0   7.62  131.2 1000.2  inf 201.00 201.00 
2016-08-31T01:36:36 17512  4.39    0.0    0.0   7.62  132.4 1009.4  inf 201.00 201.00 
2016-08-31T01:36:46 17516  4.39    0.0    0.0   7.62  132.8 1012.4  inf 201.00 201.00 
2016-08-31T01:36:56 17520  4.39    0.0    0.0   7.62  130.4  994.1  inf 201.00 201.00 
2016-08-31T01:37:06 17524  4.39    0.0    0.0   7.62  129.6  988.0  inf 201.00 201.00 
2016-08-31T01:37:16 17528  4.39    0.0    0.0   7.62  130.0  991.1  inf 201.00 201.00 
2016-08-31T01:37:26 17532  4.39    0.0    0.0   7.62  131.2 1000.2  inf 201.00 201.00 
2016-08-31T01:37:35 17536  4.39    0.0    0.0   7.62  132.8 1012.4  inf 201.00 201.00 
2016-08-31T01:37:45 17540  4.39    0.0    0.0   7.62  138.4 1055.1  inf 201.00 201.00 
2016-08-31T01:37:55 17544  4.39    0.0    0.0   7.62  130.4  994.1  inf 201.00 201.00 
2016-08-31T01:38:05 17548  4.39    0.0    0.0   7.62  129.6  988.0  inf 201.00 201.00 
2016-08-31T01:38:15 17552  4.39    0.0    0.0   7.62  130.8  997.2  inf 201.00 201.00 
2016-08-31T01:38:25 17556  4.39    0.0    0.0   7.62  130.8  997.2  inf 201.00 201.00 
2016-08-31T01:38:35 17560  4.39    0.0    0.0   7.62  132.8 1012.4  inf 201.00 201.00 
2016-08-31T01:38:45 17564  4.39    0.0    0.0   7.62  133.6 1018.5  inf 201.00 201.00 
2016-08-31T01:38:55 17568  4.39    0.0    0.0   7.62  130.8  997.2  inf 201.00 201.00 
2016-08-31T01:39:05 17572  4.39    0.0    0.0   7.62  130.0  991.1  inf 201.00 201.00 
2016-08-31T01:39:15 17576  4.39    0.0    0.0   7.62  129.2  985.0  inf 201.00 201.00 
2016-08-31T01:39:25 17580  4.39    0.0    0.0   7.62  128.8  981.9  inf 201.00 201.00 
2016-08-31T01:39:34 17584  4.39    0.0    0.0   7.62  131.6 1003.3  inf 201.00 201.00 
2016-08-31T01:39:44 17588  4.39    0.0    0.0   7.62  132.8 1012.4  inf 201.00 201.00 
2016-08-31T01:39:54 17592  4.39    0.0    0.0   7.62  131.2 1000.2  inf 201.00 201.00 
2016-08-31T01:40:04 17596  4.39    0.0    0.0   7.62  130.4  994.1  inf 201.00 201.00 
2016-08-31T01:40:14 17600  4.39    0.0    0.0   7.62  130.0  991.1  inf 201.00 201.00 
2016-08-31T01:40:24 17604  4.39    0.0    0.0   7.62  130.4  994.1  inf 201.00 201.00 
2016-08-31T01:40:34 17608  4.39    0.0    0.0   7.62  131.6 1003.3  inf 201.00 201.00 
2016-08-31T01:40:44 17612  4.39    0.0    0.0   7.62  132.4 1009.4  inf 201.00 201.00 
2016-08-31T01:40:54 17616  4.39    0.0    0.0   7.62  130.0  991.1  inf 201.00 201.00 
2016-08-31T01:41:04 17620  4.39    0.0    0.0   7.62  130.8  997.2  inf 201.00 201.00 
2016-08-31T01:41:14 17624  4.39    0.0    0.0   7.62  130.4  994.1  inf 201.00 201.00 
2016-08-31T01:41:24 17628  4.39    0.0    0.0   7.62  132.8 1012.4  inf 201.00 201.00 
2016-08-31T01:41:33 17632  4.39    0.0    0.0   7.62  130.8  997.2  inf 201.00 201.00 
2016-08-31T01:41:43 17636  4.39    0.0    0.0   7.62  133.2 1015.5  inf 201.00 201.00 
2016-08-31T01:41:53 17640  4.39    0.0    0.0   7.62  131.6 1003.3  inf 201.00 201.00 
2016-08-31T01:42:03 17644  4.39    0.0    0.0   7.62  131.2 1000.2  inf 201.00 201.00 
2016-08-31T01:42:13 17648  4.39    0.0    0.0   7.62  129.2  985.0  inf 201.00 201.00 
2016-08-31T01:42:23 17652  4.39    0.0    0.0   7.62  128.8  981.9  inf 201.00 201.00 
2016-08-31T01:42:33 17656  4.39    0.0    0.0   7.62  130.8  997.2  inf 201.00 201.00 
2016-08-31T01:42:43 17660  4.39    0.0    0.0   7.62  133.2 1015.5  inf 201.00 201.00 
2016-08-31T01:42:53 17664  4.39    0.0    0.0   7.62  132.0 1006.3  inf 201.00 201.00 
2016-08-31T01:43:03 17668  4.39    0.0    0.0   7.62  131.2 1000.2  inf 201.00 201.00 
2016-08-31T01:43:13 17672  4.39    0.0    0.0   7.62  130.8  997.2  inf 201.00 201.00 
2016-08-31T01:43:23 17676  4.39    0.0    0.0   7.62  130.4  994.1  inf 201.00 201.00 
2016-08-31T01:43:32 17680  4.39    0.0    0.0   7.62  130.8  997.2  inf 201.00 201.00 
2016-08-31T01:43:42 17684  4.39    0.0    0.0   7.62  130.8  997.2  inf 201.00 201.00 
2016-08-31T01:43:52 17688  4.39    0.0    0.0   7.62  130.4  994.1  inf 201.00 201.00 
2016-08-31T01:44:02 17692  4.39    0.0    0.0   7.61  164.4 1250.7  inf 201.00 201.00 
2016-08-31T01:44:12 17696  4.39    0.0    0.0   7.61  164.0 1247.7  inf 201.00 201.00 
2016-08-31T01:44:22 17700  4.39    0.0    0.0   7.61  162.8 1238.5  inf 201.00 201.00 
2016-08-31T01:44:32 17704  4.39    0.0    0.0   7.62  130.8  997.2  inf 201.00 201.00 
2016-08-31T01:44:42 17708  4.39    0.0    0.0   7.62  132.0 1006.3  inf 201.00 201.00 
2016-08-31T01:44:52 17712  4.39    0.0    0.0   7.62  131.6 1003.3  inf 201.00 201.00 
2016-08-31T01:45:02 17716  4.39    0.0    0.0   7.62  132.0 1006.3  inf 201.00 201.00 
2016-08-31T01:45:12 17720  4.39    0.0    0.0   7.62  131.2 1000.2  inf 201.00 201.00 
2016-08-31T01:45:22 17724  4.39    0.0    0.0   7.62  128.4  978.9  inf 201.00 201.00 
2016-08-31T01:45:31 17728  4.39    0.0    0.0   7.62  130.4  994.1  inf 201.00 201.00 
2016-08-31T01:45:41 17732  4.39    0.0    0.0   7.62  129.6  988.0  inf 201.00 201.00 
2016-08-31T01:45:51 17736  4.39    0.0    0.0   7.62  135.6 1033.8  inf 201.00 201.00 
2016-08-31T01:46:01 17740  4.39    0.0    0.0   7.61  160.0 1217.2  inf 201.00 201.00 
2016-08-31T01:46:11 17744  4.39    0.0    0.0   7.60  180.0 1368.0  inf 201.00 201.00 
2016-08-31T01:46:21 17748  4.39    0.0    0.0   7.61  160.0 1217.2  inf 201.00 201.00 
2016-08-31T01:46:31 17752  4.39    0.0    0.0   7.62  131.2 1000.2  inf 201.00 201.00 
2016-08-31T01:46:41 17756  4.39    0.0    0.0   7.62  130.4  994.1  inf 201.00 201.00 
2016-08-31T01:46:51 17760  4.39    0.0    0.0   7.62  129.6  988.0  inf 201.00 201.00 
2016-08-31T01:47:01 17764  4.39    0.0    0.0   7.62  132.0 1006.3  inf 201.00 201.00 
2016-08-31T01:47:11 17768  4.39    0.0    0.0   7.62  132.4 1009.4  inf 201.00 201.00 
2016-08-31T01:47:21 17772  4.39    0.0    0.0   7.62  131.6 1003.3  inf 201.00 201.00 
2016-08-31T01:47:30 17776  4.39    0.0    0.0   7.62  130.4  994.1  inf 201.00 201.00 
2016-08-31T01:47:40 17780  4.39    0.0    0.0   7.62  131.2 1000.2  inf 201.00 201.00 
2016-08-31T01:47:50 17784  4.39    0.0    0.0   7.62  130.4  994.1  inf 201.00 201.00 
2016-08-31T01:48:00 17788  4.39    0.0    0.0   7.62  131.2 1000.2  inf 201.00 201.00 
2016-08-31T01:48:10 17792  4.39    0.0    0.0   7.62  131.2 1000.2  inf 201.00 201.00 
2016-08-31T01:48:20 17796  4.39    0.0    0.0   7.62  130.4  994.1  inf 201.00 201.00 
2016-08-31T01:48:30 17800  4.39    0.0    0.0   7.62  130.4  994.1  inf 201.00 201.00 
2016-08-31T01:48:40 17804  4.39    0.0    0.0   7.62  130.0  991.1  inf 201.00 201.00 
2016-08-31T01:48:50 17808  4.39    0.0    0.0   7.62  147.2 1121.0  inf 201.00 201.00 
2016-08-31T01:49:00 17812  4.39    0.0    0.0   7.62  132.0 1006.3  inf 201.00 201.00 
2016-08-31T01:49:10 17816  4.39    0.0    0.0   7.62  132.0 1006.3  inf 201.00 201.00 
2016-08-31T01:49:20 17820  4.39    0.0    0.0   7.62  133.2 1015.5  inf 201.00 201.00 
2016-08-31T01:49:29 17824  4.39    0.0    0.0   7.62  131.2 1000.2  inf 201.00 201.00 
2016-08-31T01:49:39 17828  4.39    0.0    0.0   7.62  130.0  991.1  inf 201.00 201.00 
2016-08-31T01:49:49 17832  4.39    0.0    0.0   7.62  128.4  978.9  inf 201.00 201.00 
2016-08-31T01:49:59 17836  4.39    0.0    0.0   7.62  131.2 1000.2  inf 201.00 201.00 
2016-08-31T01:50:09 17840  4.39    0.0    0.0   7.62  132.0 1006.3  inf 201.00 201.00 
2016-08-31T01:50:19 17844  4.39    0.0    0.0   7.62  132.4 1009.4  inf 201.00 201.00 
2016-08-31T01:50:29 17848  4.39    0.0    0.0   7.62  131.6 1003.3  inf 201.00 201.00 
2016-08-31T01:50:39 17852  4.39    0.0    0.0   7.62  131.6 1003.3  inf 201.00 201.00 
2016-08-31T01:50:49 17856  4.39    0.0    0.0   7.62  130.0  991.1  inf 201.00 201.00 
2016-08-31T01:50:59 17860  4.39    0.0    0.0   7.62  130.8  997.2  inf 201.00 201.00 
2016-08-31T01:51:09 17864  4.39    0.0    0.0   7.62  130.8  997.2  inf 201.00 201.00 
2016-08-31T01:51:19 17868  4.39    0.0    0.0   7.62  130.8  996.1  inf 201.00 201.00 
2016-08-31T01:51:28 17872  4.39    0.0    0.0   7.62  131.6 1003.3  inf 201.00 201.00 
2016-08-31T01:51:38 17876  4.39    0.0    0.0   7.62  129.2  985.0  inf 201.00 201.00 
2016-08-31T01:51:48 17880  4.39    0.0    0.0   7.62  129.6  988.0  inf 201.00 201.00 
2016-08-31T01:51:58 17884  4.39    0.0    0.0   7.62  130.4  994.1  inf 201.00 201.00 
2016-08-31T01:52:08 17888  4.39    0.0    0.0   7.62  132.4 1008.3  inf 201.00 201.00 
2016-08-31T01:52:18 17892  4.39    0.0    0.0   7.62  132.0 1005.3  inf 201.00 201.00 
2016-08-31T01:52:28 17896  4.39    0.0    0.0   7.62  132.8 1011.4  inf 201.00 201.00 
2016-08-31T01:52:38 17900  4.39    0.0    0.0   7.62  130.0  991.1  inf 201.00 201.00 
2016-08-31T01:52:48 17904  4.39    0.0    0.0   7.62  128.4  978.9  inf 201.00 201.00 
2016-08-31T01:52:58 17908  4.39    0.0    0.0   7.62  130.0  991.1  inf 201.00 201.00 
2016-08-31T01:53:08 17912  4.39    0.0    0.0   7.62  132.0 1006.3  inf 201.00 201.00 
2016-08-31T01:53:18 17916  4.39    0.0    0.0   7.62  132.8 1011.4  inf 201.00 201.00 
2016-08-31T01:53:27 17920  4.39    0.0    0.0   7.62  133.2 1014.4  inf 201.00 201.00 
2016-08-31T01:53:37 17924  4.39    0.0    0.0   7.62  130.0  991.1  inf 201.00 201.00 
2016-08-31T01:53:47 17928  4.39    0.0    0.0   7.62  129.6  988.0  inf 201.00 201.00 
2016-08-31T01:53:57 17932  4.39    0.0    0.0   7.62  129.6  988.0  inf 201.00 201.00 
2016-08-31T01:54:07 17936  4.39    0.0    0.0   7.62  130.0  990.0  inf 201.00 201.00 
2016-08-31T01:54:17 17940  4.39    0.0    0.0   7.62  131.2  999.2  inf 201.00 201.00 
2016-08-31T01:54:27 17944  4.39    0.0    0.0   7.61  150.0 1141.2  inf 201.00 201.00 
2016-08-31T01:54:37 17948  4.39    0.0    0.0   7.62  130.8  997.2  inf 201.00 201.00 
2016-08-31T01:54:47 17952  4.39    0.0    0.0   7.62  130.0  990.0  inf 201.00 201.00 
2016-08-31T01:54:57 17956  4.39    0.0    0.0   7.62  130.4  993.1  inf 201.00 201.00 
2016-08-31T01:55:07 17960  4.39    0.0    0.0   7.62  130.8  996.1  inf 201.00 201.00 
2016-08-31T01:55:17 17964  4.39    0.0    0.0   7.62  132.4 1008.3  inf 201.00 201.00 
2016-08-31T01:55:26 17968  4.39    0.0    0.0   7.60  164.4 1249.4  inf 201.00 201.00 
2016-08-31T01:55:36 17972  4.39    0.0    0.0   7.60  164.4 1249.4  inf 201.00 201.00 
2016-08-31T01:55:46 17976  4.39    0.0    0.0   7.60  163.2 1240.3  inf 201.00 201.00 
2016-08-31T01:55:56 17980  4.39    0.0    0.0   7.60  162.8 1237.2  inf 201.00 201.00 
2016-08-31T01:56:06 17984  4.39    0.0    0.0   7.62  130.8  996.1  inf 201.00 201.00 
2016-08-31T01:56:16 17988  4.39    0.0    0.0   7.62  132.8 1011.4  inf 201.00 201.00 
2016-08-31T01:56:26 17992  4.39    0.0    0.0   7.62  132.8 1011.4  inf 201.00 201.00 
2016-08-31T01:56:36 17996  4.39    0.0    0.0   7.60  164.4 1249.4  inf 201.00 201.00 
2016-08-31T01:56:46 18000  4.39    0.0    0.0   7.60  162.4 1234.2  inf 201.00 201.00 
2016-08-31T01:56:56 18004  4.39    0.0    0.0   7.60  163.2 1240.3  inf 201.00 201.00 
2016-08-31T01:57:06 18008  4.39    0.0    0.0   7.62  129.2  983.9  inf 201.00 201.00 
2016-08-31T01:57:16 18012  4.39    0.0    0.0   7.62  130.4  993.1  inf 201.00 201.00 
2016-08-31T01:57:25 18016  4.39    0.0    0.0   7.62  132.4 1008.3  inf 201.00 201.00 
2016-08-31T01:57:35 18020  4.39    0.0    0.0   7.62  131.6 1002.2  inf 201.00 201.00 
2016-08-31T01:57:45 18024  4.39    0.0    0.0   7.62  130.8  996.1  inf 201.00 201.00 
2016-08-31T01:57:55 18028  4.39    0.0    0.0   7.62  130.4  993.1  inf 201.00 201.00 
2016-08-31T01:58:05 18032  4.39    0.0    0.0   7.62  130.8  996.1  inf 201.00 201.00 
2016-08-31T01:58:15 18036  4.39    0.0    0.0   7.62  131.6 1002.2  inf 201.00 201.00 
2016-08-31T01:58:25 18040  4.39    0.0    0.0   7.62  132.8 1011.4  inf 201.00 201.00 
2016-08-31T01:58:35 18044  4.39    0.0    0.0   7.62  130.4  993.1  inf 201.00 201.00 
2016-08-31T01:58:45 18048  4.39    0.0    0.0   7.62  130.4  993.1  inf 201.00 201.00 
2016-08-31T01:58:55 18052  4.39    0.0    0.0   7.62  129.6  987.0  inf 201.00 201.00 
2016-08-31T01:59:05 18056  4.39    0.0    0.0   7.62  130.0  990.0  inf 201.00 201.00 
2016-08-31T01:59:15 18060  4.39    0.0    0.0   7.62  130.8  996.1  inf 201.00 201.00 
2016-08-31T01:59:24 18064  4.39    0.0    0.0   7.62  133.2 1014.4  inf 201.00 201.00 
2016-08-31T01:59:34 18068  4.39    0.0    0.0   7.62  131.2  999.2  inf 201.00 201.00 
2016-08-31T01:59:44 18072  4.39    0.0    0.0   7.62  131.2  999.2  inf 201.00 201.00 
2016-08-31T01:59:54 18076  4.39    0.0    0.0   7.62  130.0  990.0  inf 201.00 201.00 
2016-08-31T02:00:04 18080  4.39    0.0    0.0   7.62  128.8  980.9  inf 201.00 201.00 
2016-08-31T02:00:14 18084  4.39    0.0    0.0   7.62  129.6  987.0  inf 201.00 201.00 
2016-08-31T02:00:24 18088  4.39    0.0    0.0   7.62  133.2 1014.4  inf 201.00 201.00 
2016-08-31T02:00:34 18092  4.39    0.0    0.0   7.62  131.6 1002.2  inf 201.00 201.00 
2016-08-31T02:00:44 18096  4.39    0.0    0.0   7.62  132.0 1005.3  inf 201.00 201.00 
2016-08-31T02:00:54 18100  4.39    0.0    0.0   7.62  130.4  993.1  inf 201.00 201.00 
2016-08-31T02:01:04 18104  4.39    0.0    0.0   7.60  158.4 1203.8  inf 201.00 201.00 
2016-08-31T02:01:14 18108  4.39    0.0    0.0   7.62  130.4  993.1  inf 201.00 201.00 
2016-08-31T02:01:23 18112  4.39    0.0    0.0   7.62  130.8  996.1  inf 201.00 201.00 
2016-08-31T02:01:33 18116  4.39    0.0    0.0   7.62  130.8  996.1  inf 201.00 201.00 
2016-08-31T02:01:43 18120  4.39    0.0    0.0   7.62  132.0 1005.3  inf 201.00 201.00 
2016-08-31T02:01:53 18124  4.39    0.0    0.0   7.62  131.2  999.2  inf 201.00 201.00 
2016-08-31T02:02:03 18128  4.39    0.0    0.0   7.62  130.8  996.1  inf 201.00 201.00 
2016-08-31T02:02:13 18132  4.39    0.0    0.0   7.62  130.8  996.1  inf 201.00 201.00 
2016-08-31T02:02:23 18136  4.39    0.0    0.0   7.62  133.6 1017.5  inf 201.00 201.00 
2016-08-31T02:02:33 18140  4.39    0.0    0.0   7.62  131.2  999.2  inf 201.00 201.00 
2016-08-31T02:02:43 18144  4.39    0.0    0.0   7.62  131.6 1002.2  inf 201.00 201.00 
2016-08-31T02:02:53 18148  4.39    0.0    0.0   7.62  130.4  993.1  inf 201.00 201.00 
2016-08-31T02:03:03 18152  4.39    0.0    0.0   7.62  128.8  980.9  inf 201.00 201.00 
2016-08-31T02:03:13 18156  4.39    0.0    0.0   7.62  130.4  993.1  inf 201.00 201.00 
2016-08-31T02:03:22 18160  4.39    0.0    0.0   7.62  131.6 1002.2  inf 201.00 201.00 
2016-08-31T02:03:32 18164  4.39    0.0    0.0   7.62  131.6 1002.2  inf 201.00 201.00 
2016-08-31T02:03:42 18168  4.39    0.0    0.0   7.62  131.6 1002.2  inf 201.00 201.00 
2016-08-31T02:03:52 18172  4.39    0.0    0.0   7.62  131.6 1002.2  inf 201.00 201.00 
2016-08-31T02:04:02 18176  4.39    0.0    0.0   7.62  130.4  993.1  inf 201.00 201.00 
2016-08-31T02:04:12 18180  4.39    0.0    0.0   7.62  130.0  990.0  inf 201.00 201.00 
2016-08-31T02:04:22 18184  4.39    0.0    0.0   7.62  129.2  983.9  inf 201.00 201.00 
2016-08-31T02:04:32 18188  4.39    0.0    0.0   7.62  130.0  990.0  inf 201.00 201.00 
2016-08-31T02:04:42 18192  4.39    0.0    0.0   7.62  131.6 1002.2  inf 201.00 201.00 
2016-08-31T02:04:52 18196  4.39    0.0    0.0   7.62  132.4 1008.3  inf 201.00 201.00 
2016-08-31T02:05:02 18200  4.39    0.0    0.0   7.62  131.2  999.2  inf 201.00 201.00 
2016-08-31T02:05:12 18204  4.39    0.0    0.0   7.62  131.2  999.2  inf 201.00 201.00 
2016-08-31T02:05:21 18208  4.39    0.0    0.0   7.62  131.6 1002.2  inf 201.00 201.00 
2016-08-31T02:05:31 18212  4.39    0.0    0.0   7.62  130.4  993.1  inf 201.00 201.00 
2016-08-31T02:05:41 18216  4.39    0.0    0.0   7.60  160.0 1216.0  inf 201.00 201.00 
2016-08-31T02:05:51 18220  4.39    0.0    0.0   7.62  130.8  996.1  inf 201.00 201.00 
2016-08-31T02:06:01 18224  4.39    0.0    0.0   7.62  131.6 1002.2  inf 201.00 201.00 
2016-08-31T02:06:11 18228  4.39    0.0    0.0   7.62  130.8  996.1  inf 201.00 201.00 
2016-08-31T02:06:21 18232  4.39    0.0    0.0   7.62  131.6 1002.2  inf 201.00 201.00 
2016-08-31T02:06:31 18236  4.39    0.0    0.0   7.62  129.6  987.0  inf 201.00 201.00 
2016-08-31T02:06:41 18240  4.39    0.0    0.0   7.62  131.6 1002.2  inf 201.00 201.00 
2016-08-31T02:06:51 18244  4.39    0.0    0.0   7.62  132.0 1005.3  inf 201.00 201.00 
2016-08-31T02:07:01 18248  4.39    0.0    0.0   7.62  132.0 1005.3  inf 201.00 201.00 
2016-08-31T02:07:11 18252  4.39    0.0    0.0   7.62  130.0  990.0  inf 201.00 201.00 
2016-08-31T02:07:20 18256  4.39    0.0    0.0   7.62  129.6  987.0  inf 201.00 201.00 
2016-08-31T02:07:30 18260  4.39    0.0    0.0   7.62  129.2  983.9  inf 201.00 201.00 
2016-08-31T02:07:40 18264  4.39    0.0    0.0   7.62  132.0 1005.3  inf 201.00 201.00 
2016-08-31T02:07:50 18268  4.39    0.0    0.0   7.62  131.6 1002.2  inf 201.00 201.00 
2016-08-31T02:08:00 18272  4.39    0.0    0.0   7.61  150.8 1147.2  inf 201.00 201.00 
2016-08-31T02:08:10 18276  4.39    0.0    0.0   7.62  131.6 1002.2  inf 201.00 201.00 
2016-08-31T02:08:20 18280  4.39    0.0    0.0   7.62  131.2  999.2  inf 201.00 201.00 
2016-08-31T02:08:30 18284  4.39    0.0    0.0   7.62  129.6  987.0  inf 201.00 201.00 
2016-08-31T02:08:40 18288  4.39    0.0    0.0   7.62  130.4  993.1  inf 201.00 201.00 
2016-08-31T02:08:50 18292  4.39    0.0    0.0   7.62  131.2  999.2  inf 201.00 201.00 
2016-08-31T02:09:00 18296  4.39    0.0    0.0   7.62  132.4 1008.3  inf 201.00 201.00 
2016-08-31T02:09:10 18300  4.39    0.0    0.0   7.62  132.0 1005.3  inf 201.00 201.00 
2016-08-31T02:09:19 18304  4.39    0.0    0.0   7.62  131.6 1002.2  inf 201.00 201.00 
2016-08-31T02:09:29 18308  4.39    0.0    0.0   7.62  129.6  987.0  inf 201.00 201.00 
2016-08-31T02:09:39 18312  4.39    0.0    0.0   7.61  148.0 1125.9  inf 201.00 201.00 
2016-08-31T02:09:49 18316  4.39    0.0    0.0   7.62  132.0 1005.3  inf 201.00 201.00 
2016-08-31T02:09:59 18320  4.39    0.0    0.0   7.62  131.6 1002.2  inf 201.00 201.00 
2016-08-31T02:10:09 18324  4.39    0.0    0.0   7.62  130.8  996.1  inf 201.00 201.00 
2016-08-31T02:10:19 18328  4.39    0.0    0.0   7.62  130.8  996.1  inf 201.00 201.00 
2016-08-31T02:10:29 18332  4.39    0.0    0.0   7.62  130.0  990.0  inf 201.00 201.00 
2016-08-31T02:10:39 18336  4.39    0.0    0.0   7.62  131.2  999.2  inf 201.00 201.00 
2016-08-31T02:10:49 18340  4.39    0.0    0.0   7.62  132.0 1005.3  inf 201.00 201.00 
                                                                                                                                                                              