2016-08-21T15:20:09 invalid line 
2016-08-21T15:20:20 8  4.04   -3.6  -14.5   8.08  191.6 1548.1  -106.44 173.00 210.00 
2016-08-21T15:20:31 11  4.05   -3.6  -14.5   8.10  166.4 1347.1  -92.44 188.00 210.00 
2016-08-21T15:20:42 14  4.06   -3.6  -14.6   8.11  137.6 1116.2  -76.44 203.00 210.00 
2016-08-21T15:20:54 18  4.06   -3.6  -14.6   8.10  140.0 1134.5  -77.70 207.00 210.00 
2016-08-21T15:21:05 21  4.06   -3.6  -14.6   8.10  138.8 1124.8  -76.88 210.00 210.00 
2016-08-21T15:21:16 24  4.06   -3.6  -14.6   8.10  138.0 1118.3  -76.44 210.00 210.00 
2016-08-21T15:21:27 27  4.06   -4.0  -16.2   8.10  139.2 1128.0  -69.39 210.00 210.00 
2016-08-21T15:21:39 31  4.06   -4.0  -16.2   8.10  140.0 1134.5  -69.79 210.00 210.00 
2016-08-21T15:21:50 34  4.06   -4.0  -16.2   8.10  138.8 1124.8  -69.20 210.00 210.00 
2016-08-21T15:22:01 37  4.06   -4.0  -16.2   8.10  137.6 1115.1  -68.60 210.00 210.00 
2016-08-21T15:22:12 40  4.06   -4.0  -16.2   8.10  149.2 1209.1  -74.38 210.00 210.00 
2016-08-21T15:22:25 44  4.06   -4.0  -16.2   8.10  138.0 1118.3  -68.80 210.00 210.00 
2016-08-21T15:22:36 47  4.06   -4.0  -16.2   8.10  140.4 1137.8  -69.99 210.00 210.00 
2016-08-21T15:22:47 50  4.06   -3.6  -14.6   8.10  139.2 1128.0  -77.10 210.00 210.00 
2016-08-21T15:22:58 53  4.06   -4.0  -16.2   8.10  138.4 1121.5  -69.00 210.00 210.00 
2016-08-21T15:25:41 invalid line 
2016-08-21T15:25:52 8  4.05   -4.0  -16.1   8.06  219.6 1770.8  -109.37 173.00 210.00 
2016-08-21T15:26:03 11  4.06   -3.6  -14.6   8.09  167.2 1352.3  -92.61 188.00 210.00 
2016-08-21T15:26:14 14  4.06   -4.0  -16.2   8.10  135.2 1095.6  -67.53 203.00 210.00 
2016-08-21T15:26:26 18  4.06   -4.0  -16.2   8.10  138.4 1121.5  -69.00 207.00 210.00 
2016-08-21T15:26:37 21  4.06   -4.0  -16.2   8.10  136.4 1105.3  -68.00 210.00 210.00 
2016-08-21T15:26:48 24  4.06   -3.6  -14.6   8.10  136.8 1108.6  -75.78 210.00 210.00 
2016-08-21T15:27:00 27  4.06   -4.0  -16.2   8.10  138.0 1118.3  -68.80 210.00 210.00 
2016-08-21T15:27:12 31  4.06   -4.0  -16.2   8.10  138.4 1121.5  -69.00 210.00 210.00 
2016-08-21T15:27:23 34  4.06   -4.0  -16.2   8.10  138.4 1121.5  -69.00 210.00 210.00 
2016-08-21T15:27:34 37  4.06   -4.0  -16.2   8.10  136.4 1105.3  -68.00 210.00 210.00 
2016-08-21T15:27:45 40  4.06   -4.0  -16.2   8.10  138.4 1121.5  -69.00 210.00 210.00 
2016-08-21T15:27:57 44  4.06   -3.6  -14.6   8.10  136.0 1102.1  -75.33 210.00 210.00 
2016-08-21T15:28:08 47  4.06   -4.0  -16.2   8.10  136.0 1102.1  -67.80 210.00 210.00 
2016-08-21T15:28:19 50  4.06   -4.0  -16.2   8.10  139.2 1128.0  -69.39 210.00 210.00 
2016-08-21T15:28:30 53  4.06   -4.0  -16.2   8.10  136.4 1105.3  -68.00 210.00 210.00 
2016-08-21T15:28:42 57  4.06   -4.0  -16.2   8.10  136.8 1108.6  -68.20 210.00 210.00 
2016-08-21T15:28:53 60  4.06   -4.0  -16.2   8.10  135.6 1098.9  -67.60 210.00 210.00 
2016-08-21T15:29:04 63  4.06   -4.0  -16.2   8.10  137.2 1111.8  -68.40 210.00 210.00 
2016-08-21T15:29:15 66  4.06   -4.0  -16.2   8.10  141.6 1146.3  -70.52 210.00 210.00 
2016-08-21T15:29:27 70  4.06   -4.0  -16.2   8.10  138.4 1121.5  -69.00 210.00 210.00 
2016-08-21T15:29:38 73  4.06   -4.0  -16.2   8.10  140.0 1134.5  -69.79 210.00 210.00 
2016-08-21T15:29:49 76  4.06   -4.0  -16.2   8.10  137.2 1111.8  -68.40 210.00 210.00 
2016-08-21T15:30:00 79  4.06   -3.6  -14.6   8.10  139.2 1126.9  -77.03 210.00 210.00 
2016-08-21T15:30:13 83  4.06   -4.0  -16.2   8.10  136.0 1102.1  -67.80 210.00 210.00 
2016-08-21T15:30:24 86  4.06   -4.0  -16.2   8.10  136.4 1105.3  -68.00 210.00 210.00 
2016-08-21T15:30:35 89  4.06   -3.6  -14.6   8.09  168.8 1365.2  -93.32 210.00 210.00 
2016-08-21T15:30:46 92  4.06   -4.0  -16.2   8.10  137.2 1111.8  -68.40 210.00 210.00 
2016-08-21T15:30:58 96  4.06   -4.0  -16.2   8.10  136.8 1108.6  -68.20 210.00 210.00 
2016-08-21T15:31:09 99  4.06   -4.0  -16.2   8.08  168.4 1360.6  -83.70 210.00 210.00 
2016-08-21T15:31:20 102  4.06   -4.0  -16.2   8.08  169.2 1367.1  -84.10 210.00 210.00 
2016-08-21T15:31:31 105  4.06   -4.0  -16.2   8.08  169.2 1367.1  -84.10 210.00 210.00 
2016-08-21T15:31:43 109  4.06   -4.0  -16.2   8.10  138.4 1120.4  -68.93 210.00 210.00 
