2016-09-02T22:08:21 invalid line 
2016-09-02T22:08:31 19 10.74  137.6 1477.2   8.42    0.0    0.0  0.00 198.00 0.00 
2016-09-02T22:08:41 23 10.74  137.6 1477.2   8.20    0.0    0.0  0.00 208.00 210.00 
2016-09-02T22:08:51 27 10.75  116.0 1247.2   8.66    0.0    0.0  0.00 203.00 0.00 
2016-09-02T22:09:00 31 10.75  118.4 1273.0   8.43    0.0    0.0  0.00 198.00 0.00 
2016-09-02T22:09:10 35 10.75  118.8 1277.3   8.21    0.0    0.0  0.00 208.00 210.00 
2016-09-02T22:09:20 39 10.75  115.6 1242.9   8.66    0.0    0.0  0.00 203.00 0.00 
2016-09-02T22:09:30 43 10.75  116.0 1247.2   8.43    0.0    0.0  0.00 198.00 0.00 
2016-09-02T22:09:40 47 10.75  119.2 1281.6   8.21    0.0    0.0  0.00 208.00 210.00 
2016-09-02T22:09:49 51 10.75  117.6 1264.4   8.66    0.0    0.0  0.00 203.00 0.00 
2016-09-02T22:09:59 55 10.75  117.6 1264.4   8.43    0.0    0.0  0.00 198.00 0.00 
2016-09-02T22:10:09 59 10.75  117.2 1260.1   8.21    0.0    0.0  0.00 208.00 210.00 
2016-09-02T22:10:19 63 10.74  118.4 1272.0   8.66    0.0    0.0  0.00 203.00 0.00 
2016-09-02T22:10:28 67 10.74  118.0 1267.7   8.43    0.0    0.0  0.00 198.00 0.00 
2016-09-02T22:10:38 71 10.74  118.0 1267.7   8.21    0.0    0.0  0.00 208.00 210.00 
2016-09-02T22:10:48 75 10.75  115.6 1242.9   8.66    0.0    0.0  0.00 203.00 0.00 
2016-09-02T22:10:58 79 10.75  116.8 1255.8   8.43    0.0    0.0  0.00 198.00 0.00 
2016-09-02T22:11:08 83 10.74  118.8 1276.3   8.21    0.0    0.0  0.00 208.00 210.00 
2016-09-02T22:11:17 87 10.74  116.8 1254.9   8.66    0.0    0.0  0.00 203.00 0.00 
2016-09-02T22:11:27 91 10.74  117.6 1263.4   8.43    0.0    0.0  0.00 198.00 0.00 
2016-09-02T22:11:37 95 10.74  118.8 1276.3   8.21    0.0    0.0  0.00 208.00 210.00 
2016-09-02T22:11:47 99 10.74  116.4 1250.6   8.66    0.0    0.0  0.00 203.00 0.00 
2016-09-02T22:11:56 103 10.74  117.2 1259.2   8.43    0.0    0.0  0.00 198.00 0.00 
2016-09-02T22:12:06 107 10.74  118.0 1267.7   8.21    0.0    0.0  0.00 208.00 210.00 
2016-09-02T22:12:16 111 10.75  115.6 1242.9   8.66    0.0    0.0  0.00 203.00 0.00 
2016-09-02T22:12:26 115 10.74  116.8 1254.9   8.43    0.0    0.0  0.00 198.00 0.00 
2016-09-02T22:12:36 119 10.74  142.0 1524.5   8.20    0.0    0.0  0.00 208.00 210.00 
2016-09-02T22:12:45 123 10.74  118.0 1267.7   8.66    0.0    0.0  0.00 203.00 0.00 
2016-09-02T22:12:55 127 10.74  117.2 1259.2   8.43    0.0    0.0  0.00 198.00 0.00 
2016-09-02T22:13:05 131 10.74  117.6 1263.4   8.21    0.0    0.0  0.00 208.00 210.00 
2016-09-02T22:13:15 135 10.74  116.4 1250.6   8.66    0.0    0.0  0.00 203.00 0.00 
2016-09-02T22:13:24 139 10.74  117.2 1259.2   8.43    0.0    0.0  0.00 198.00 0.00 
2016-09-02T22:13:34 143 10.74  118.8 1276.3   8.21    0.0    0.0  0.00 208.00 210.00 
2016-09-02T22:13:44 147 10.74  138.4 1485.8   8.65    0.0    0.0  0.00 203.00 0.00 
2016-09-02T22:13:54 151 10.74  117.2 1259.2   8.43    0.0    0.0  0.00 198.00 0.00 
2016-09-02T22:14:04 155 10.74  142.8 1533.1   8.20    0.0    0.0  0.00 208.00 210.00 
2016-09-02T22:14:13 159 10.73  154.0 1652.1   8.64    0.0    0.0  0.00 203.00 0.00 
2016-09-02T22:14:23 163 10.74  116.0 1246.3   8.43    0.0    0.0  0.00 198.00 0.00 
2016-09-02T22:14:33 167 10.74  140.8 1511.6   8.20    0.0    0.0  0.00 208.00 210.00 
2016-09-02T22:14:43 171 10.74  121.2 1302.1   8.66    0.0    0.0  0.00 203.00 0.00 
2016-09-02T22:14:52 175 10.74  126.0 1353.7   8.42    0.0    0.0  0.00 198.00 0.00 
2016-09-02T22:15:02 179 10.74  117.6 1263.4   8.21    0.0    0.0  0.00 208.00 210.00 
2016-09-02T22:15:12 183 10.74  116.4 1250.6   8.66    0.0    0.0  0.00 203.00 0.00 
2016-09-02T22:15:22 187 10.74  116.8 1254.9   8.43    0.0    0.0  0.00 198.00 0.00 
2016-09-02T22:15:32 191 10.74  142.4 1528.8   8.20    0.0    0.0  0.00 208.00 210.00 
2016-09-02T22:15:41 195 10.74  116.8 1254.9   8.66    0.0    0.0  0.00 203.00 0.00 
2016-09-02T22:15:51 199 10.74  116.0 1246.3   8.43    0.0    0.0  0.00 198.00 0.00 
2016-09-02T22:16:01 203 10.74  121.6 1306.4   8.21    0.0    0.0  0.00 208.00 210.00 
2016-09-02T22:16:11 207 10.74  116.8 1254.9   8.66    0.0    0.0  0.00 203.00 0.00 
2016-09-02T22:16:20 211 10.74  118.0 1267.7   8.43    0.0    0.0  0.00 198.00 0.00 
2016-09-02T22:16:30 215 10.74  118.4 1272.0   8.21    0.0    0.0  0.00 208.00 210.00 
2016-09-02T22:16:40 219 10.74  116.8 1254.9   8.66    0.0    0.0  0.00 203.00 0.00 
2016-09-02T22:16:50 223 10.74  118.0 1267.7   8.43    0.0    0.0  0.00 198.00 0.00 
2016-09-02T22:17:00 227 10.74  119.6 1284.9   8.21    0.0    0.0  0.00 208.00 210.00 
2016-09-02T22:17:09 231 10.74  116.0 1246.3   8.66    0.0    0.0  0.00 203.00 0.00 
2016-09-02T22:17:19 235 10.74  128.4 1378.5   8.42    0.0    0.0  0.00 198.00 0.00 
2016-09-02T22:17:29 239 10.74  132.0 1417.1   8.20    0.0    0.0  0.00 208.00 210.00 
2016-09-02T22:17:39 243 10.74  140.0 1503.0   8.65    0.0    0.0  0.00 203.00 0.00 
2016-09-02T22:17:48 247 10.74  141.2 1515.9   8.42    0.0    0.0  0.00 198.00 0.00 
2016-09-02T22:17:58 251 10.74  142.0 1524.5   8.20    0.0    0.0  0.00 208.00 210.00 
2016-09-02T22:18:08 255 10.74  138.8 1490.1   8.65    0.0    0.0  0.00 203.00 0.00 
2016-09-02T22:18:18 259 10.74  141.2 1515.9   8.42    0.0    0.0  0.00 198.00 0.00 
2016-09-02T22:18:28 263 10.74  119.2 1280.6   8.21    0.0    0.0  0.00 208.00 210.00 
2016-09-02T22:18:37 267 10.73  152.8 1639.2   8.64    0.0    0.0  0.00 203.00 0.00 
2016-09-02T22:18:47 271 10.74  115.6 1242.0   8.43    0.0    0.0  0.00 198.00 0.00 
2016-09-02T22:18:57 275 10.74  116.8 1254.9   8.21    0.0    0.0  0.00 208.00 210.00 
2016-09-02T22:19:07 279 10.74  116.8 1254.9   8.66    0.0    0.0  0.00 203.00 0.00 
2016-09-02T22:19:16 283 10.74  117.2 1259.2   8.43    0.0    0.0  0.00 198.00 0.00 
2016-09-02T22:19:26 287 10.74  117.6 1263.4   8.21    0.0    0.0  0.00 208.00 210.00 
2016-09-02T22:19:36 291 10.74  116.0 1246.3   8.66    0.0    0.0  0.00 203.00 0.00 
2016-09-02T22:19:46 295 10.74  117.6 1263.4   8.43    0.0    0.0  0.00 198.00 0.00 
2016-09-02T22:19:56 299 10.74  118.4 1272.0   8.21    0.0    0.0  0.00 208.00 210.00 
2016-09-02T22:20:05 303 10.74  115.2 1237.7   8.66    0.0    0.0  0.00 203.00 0.00 
2016-09-02T22:20:15 307 10.73  152.4 1634.9   8.42    0.0    0.0  0.00 198.00 0.00 
2016-09-02T22:20:25 311 10.74  142.0 1524.5   8.20    0.0    0.0  0.00 208.00 210.00 
2016-09-02T22:20:35 315 10.74  139.6 1498.7   8.65    0.0    0.0  0.00 203.00 0.00 
2016-09-02T22:20:44 319 10.74  143.6 1541.6   8.42    0.0    0.0  0.00 198.00 0.00 
2016-09-02T22:20:54 323 10.74  133.6 1434.3   8.20    0.0    0.0  0.00 208.00 210.00 
2016-09-02T22:21:04 327 10.74  117.6 1263.4   8.66    0.0    0.0  0.00 203.00 0.00 
2016-09-02T22:21:14 331 10.74  140.8 1511.6   8.42    0.0    0.0  0.00 198.00 0.00 
2016-09-02T22:21:24 335 10.74  119.6 1284.9   8.21    0.0    0.0  0.00 208.00 210.00 
2016-09-02T22:21:33 339 10.74  138.0 1481.5   8.65    0.0    0.0  0.00 203.00 0.00 
2016-09-02T22:21:43 343 10.74  117.2 1259.2   8.43    0.0    0.0  0.00 198.00 0.00 
2016-09-02T22:21:53 347 10.74  118.4 1272.0   8.21    0.0    0.0  0.00 208.00 210.00 
2016-09-02T22:22:03 351 10.74  139.2 1494.4   8.65    0.0    0.0  0.00 203.00 0.00 
2016-09-02T22:22:12 355 10.74  116.8 1254.9   8.43    0.0    0.0  0.00 198.00 0.00 
2016-09-02T22:22:22 359 10.74  117.2 1259.2   8.21    0.0    0.0  0.00 208.00 210.00 
2016-09-02T22:22:32 363 10.74  114.4 1229.1   8.66    0.0    0.0  0.00 203.00 0.00 
2016-09-02T22:22:42 367 10.74  140.4 1507.3   8.42    0.0    0.0  0.00 198.00 0.00 
2016-09-02T22:22:52 371 10.74  118.4 1272.0   8.21    0.0    0.0  0.00 208.00 210.00 
2016-09-02T22:23:01 375 10.74  115.2 1237.7   8.66    0.0    0.0  0.00 203.00 0.00 
2016-09-02T22:23:11 379 10.74  129.6 1391.3   8.42    0.0    0.0  0.00 198.00 0.00 
2016-09-02T22:23:21 383 10.74  119.2 1280.6   8.21    0.0    0.0  0.00 208.00 210.00 
2016-09-02T22:23:31 387 10.73  152.8 1639.2   8.64    0.0    0.0  0.00 203.00 0.00 
2016-09-02T22:23:41 391 10.74  128.8 1382.8   8.42    0.0    0.0  0.00 198.00 0.00 
2016-09-02T22:23:50 395 10.74  141.2 1515.9   8.20    0.0    0.0  0.00 208.00 210.00 
2016-09-02T22:24:00 399 10.74  116.4 1250.6   8.66    0.0    0.0  0.00 203.00 0.00 
2016-09-02T22:24:10 403 10.73  154.8 1660.6   8.42    0.0    0.0  0.00 198.00 0.00 
2016-09-02T22:27:55 invalid line 
2016-09-02T22:28:05 499 10.73  154.4 1656.4   8.42    0.0    0.0  0.00 198.00 0.00 
2016-09-02T22:28:14 503 10.73  144.0 1544.8   8.20    0.0    0.0  0.00 208.00 210.00 
2016-09-02T22:28:24 507 10.74  116.8 1254.9   8.66    0.0    0.0  0.00 203.00 0.00 
2016-09-02T22:28:34 511 10.73  142.0 1523.3   8.42    0.0    0.0  0.00 198.00 0.00 
2016-09-02T22:28:44 515 10.74  118.4 1272.0   8.21    0.0    0.0  0.00 208.00 210.00 
2016-09-02T22:28:53 519 10.74  116.8 1254.9   8.66    0.0    0.0  0.00 203.00 0.00 
2016-09-02T22:29:03 523 10.74  116.8 1254.9   8.43    0.0    0.0  0.00 198.00 0.00 
2016-09-02T22:29:13 527 10.74  120.0 1289.2   8.21    0.0    0.0  0.00 208.00 210.00 
2016-09-02T22:29:23 531 10.74  116.8 1254.9   8.66    0.0    0.0  0.00 203.00 0.00 
2016-09-02T22:29:33 535 10.74  118.0 1267.7   8.43    0.0    0.0  0.00 198.00 0.00 
2016-09-02T22:29:42 539 10.74  118.4 1272.0   8.21    0.0    0.0  0.00 208.00 210.00 
2016-09-02T22:29:52 543 10.71  174.0 1863.8   8.63    0.0    0.0  0.00 203.00 0.00 
2016-09-02T22:30:02 547 10.73  151.6 1626.3   8.42    0.0    0.0  0.00 198.00 0.00 
2016-09-02T22:30:12 551 10.73  153.6 1647.8   8.19    0.0    0.0  0.00 208.00 210.00 
2016-09-02T22:30:21 555 10.73  150.4 1613.4   8.64    0.0    0.0  0.00 203.00 0.00 
2016-09-02T22:30:31 559 10.71  176.0 1885.3   8.41    0.0    0.0  0.00 198.00 0.00 
2016-09-02T22:30:41 563 10.72  161.6 1732.3   8.19    0.0    0.0  0.00 208.00 210.00 
2016-09-02T22:30:51 567 10.73  150.4 1613.4   8.64    0.0    0.0  0.00 203.00 0.00 
2016-09-02T22:31:01 571 10.71  176.0 1885.3   8.41    0.0    0.0  0.00 198.00 0.00 
2016-09-02T22:31:10 575 10.73  153.2 1643.5   8.19    0.0    0.0  0.00 208.00 210.00 
2016-09-02T22:31:20 579 10.73  150.8 1617.7   8.64    0.0    0.0  0.00 203.00 0.00 
2016-09-02T22:31:30 583 10.73  153.2 1643.5   8.42    0.0    0.0  0.00 198.00 0.00 
2016-09-02T22:31:40 587 10.71  176.8 1893.8   8.18    0.0    0.0  0.00 208.00 210.00 
2016-09-02T22:31:50 591 10.71  174.4 1868.1   8.63    0.0    0.0  0.00 203.00 0.00 
2016-09-02T22:39:00 invalid line 
2016-09-02T22:39:10 771 10.73  139.2 1493.3   8.64    0.0    0.0  0.00 203.00 0.00 
2016-09-02T22:39:19 775 10.73  141.2 1514.7   8.42    0.0    0.0  0.00 198.00 0.00 
2016-09-02T22:39:29 779 10.73  142.8 1531.9   8.20    0.0    0.0  0.00 208.00 210.00 
2016-09-02T22:39:39 783 10.72  154.8 1659.4   8.64    0.0    0.0  0.00 203.00 0.00 
2016-09-02T22:39:49 787 10.74  117.6 1263.4   8.42    0.0    0.0  0.00 198.00 0.00 
2016-09-02T22:39:59 791 10.72  155.6 1668.0   8.19    0.0    0.0  0.00 208.00 210.00 
2016-09-02T22:40:08 795 10.73  139.6 1497.6   8.64    0.0    0.0  0.00 203.00 0.00 
2016-09-02T22:40:18 799 10.74  117.2 1259.2   8.42    0.0    0.0  0.00 198.00 0.00 
2016-09-02T22:40:28 803 10.74  118.4 1271.1   8.21    0.0    0.0  0.00 208.00 210.00 
2016-09-02T22:40:38 807 10.74  115.6 1242.0   8.65    0.0    0.0  0.00 203.00 0.00 
2016-09-02T22:40:47 811 10.74  116.8 1254.9   8.42    0.0    0.0  0.00 198.00 0.00 
2016-09-02T22:40:57 815 10.74  119.2 1279.7   8.21    0.0    0.0  0.00 208.00 210.00 
2016-09-02T22:41:07 819 10.74  117.2 1259.2   8.65    0.0    0.0  0.00 203.00 0.00 
2016-09-02T22:41:17 823 10.74  118.0 1267.7   8.42    0.0    0.0  0.00 198.00 0.00 
2016-09-02T22:41:27 827 10.74  118.4 1271.1   8.21    0.0    0.0  0.00 208.00 210.00 
2016-09-02T22:41:36 831 10.74  116.4 1250.6   8.65    0.0    0.0  0.00 203.00 0.00 
2016-09-02T22:41:46 835 10.74  118.8 1275.4   8.42    0.0    0.0  0.00 198.00 0.00 
2016-09-02T22:41:56 839 10.74  118.8 1275.4   8.21    0.0    0.0  0.00 208.00 210.00 
2016-09-02T22:42:06 843 10.74  115.6 1242.0   8.65    0.0    0.0  0.00 203.00 0.00 
2016-09-02T22:42:15 847 10.74  116.4 1250.6   8.42    0.0    0.0  0.00 198.00 0.00 
2016-09-02T22:42:25 851 10.74  120.0 1288.3   8.21    0.0    0.0  0.00 208.00 210.00 
2016-09-02T22:42:35 855 10.74  131.2 1408.5   8.65    0.0    0.0  0.00 203.00 0.00 
2016-09-02T22:42:45 859 10.74  117.2 1258.2   8.42    0.0    0.0  0.00 198.00 0.00 
2016-09-02T22:42:55 863 10.72  153.2 1642.3   8.19    0.0    0.0  0.00 208.00 210.00 
2016-09-02T22:43:04 867 10.73  151.6 1626.3   8.64    0.0    0.0  0.00 203.00 0.00 
2016-09-02T22:43:14 871 10.72  157.6 1689.4   8.41    0.0    0.0  0.00 198.00 0.00 
2016-09-02T22:43:24 875 10.74  119.2 1279.7   8.20    0.0    0.0  0.00 208.00 210.00 
2016-09-02T22:43:34 879 10.73  139.2 1493.3   8.64    0.0    0.0  0.00 203.00 0.00 
2016-09-02T22:43:43 883 10.74  117.2 1259.2   8.42    0.0    0.0  0.00 198.00 0.00 
2016-09-02T22:43:53 887 10.73  143.2 1536.2   8.19    0.0    0.0  0.00 208.00 210.00 
2016-09-02T22:44:03 891 10.74  117.2 1258.2   8.65    0.0    0.0  0.00 203.00 0.00 
2016-09-02T22:44:13 895 10.73  140.8 1510.5   8.42    0.0    0.0  0.00 198.00 0.00 
2016-09-02T22:44:23 899 10.73  141.6 1519.0   8.19    0.0    0.0  0.00 208.00 210.00 
2016-09-02T22:44:32 903 10.73  139.6 1497.6   8.64    0.0    0.0  0.00 203.00 0.00 
2016-09-02T22:44:42 907 10.74  127.2 1365.6   8.42    0.0    0.0  0.00 198.00 0.00 
2016-09-02T22:44:52 911 10.74  119.2 1279.7   8.20    0.0    0.0  0.00 208.00 210.00 
2016-09-02T22:45:02 915 10.74  116.4 1249.6   8.65    0.0    0.0  0.00 203.00 0.00 
2016-09-02T22:45:11 919 10.74  116.4 1250.6   8.42    0.0    0.0  0.00 198.00 0.00 
2016-09-02T22:45:21 923 10.74  120.0 1288.3   8.20    0.0    0.0  0.00 208.00 210.00 
2016-09-02T22:45:31 927 10.74  118.0 1266.8   8.65    0.0    0.0  0.00 203.00 0.00 
2016-09-02T22:45:41 931 10.74  117.6 1262.5   8.42    0.0    0.0  0.00 198.00 0.00 
2016-09-02T22:45:51 935 10.74  117.6 1262.5   8.21    0.0    0.0  0.00 208.00 210.00 
2016-09-02T22:46:00 939 10.74  116.0 1245.3   8.65    0.0    0.0  0.00 203.00 0.00 
2016-09-02T22:46:10 943 10.70  184.4 1973.8   8.40    0.0    0.0  0.00 198.00 0.00 
2016-09-02T22:46:30 invalid line 
2016-09-02T22:46:39 955 10.71  174.8 1872.4   8.41    0.0    0.0  0.00 198.00 0.00 
2016-09-02T22:46:49 959 10.73  141.6 1519.0   8.19    0.0    0.0  0.00 208.00 210.00 
2016-09-02T22:46:59 963 10.73  139.2 1493.3   8.64    0.0    0.0  0.00 203.00 0.00 
2016-09-02T22:47:09 967 10.72  154.4 1655.1   8.42    0.0    0.0  0.00 198.00 0.00 
2016-09-02T22:47:19 971 10.73  144.0 1544.8   8.19    0.0    0.0  0.00 208.00 210.00 
2016-09-02T22:47:28 975 10.72  154.8 1659.4   8.63    0.0    0.0  0.00 203.00 0.00 
2016-09-02T22:47:38 979 10.74  117.2 1258.2   8.42    0.0    0.0  0.00 198.00 0.00 
2016-09-02T22:47:48 983 10.73  141.6 1519.0   8.19    0.0    0.0  0.00 208.00 210.00 
2016-09-02T22:47:58 987 10.74  117.2  8.65   0.0  0.0 0.00 
2016-09-02T22:48:07 991 10.74  117.6  8.42   0.0  0.00 198.00 0.00 
2016-09-02T22:48:17 995 10.74  118.8 1275.4   8.20    0.0    0.0  0.00 208.00 210.00 
2016-09-02T22:48:27 999 10.74  116.8 1253.9   8.65    0.0    0.0  0.00 203.00 0.00 
2016-09-02T22:48:37 1003 10.72  152.4 1633.7   8.42    0.0    0.0  0.00 198.00 0.00 
2016-09-02T22:48:47 1007 10.72  157.6 1689.4   8.19    0.0    0.0  0.00 208.00 210.00 
