2019-02-06T06_01_21 6039 11.14  208.0 2316.2   8.30    0.0    0.0  0.00 200 200
2019-02-06T06_02_21 6064 11.14  208.4 2320.7   8.30    0.0    0.0  0.00 200 200
2019-02-06T06_03_21 6089 11.14  208.0 2316.2   8.30    0.0    0.0  0.00 200 200
2019-02-06T06_04_21 6114 11.14  208.0 2316.2   8.30    0.0    0.0  0.00 200 200
2019-02-06T06_05_21 6139 11.14  208.0 2316.2   8.30    0.0    0.0  0.00 200 200
2019-02-06T06_06_21 6164 11.14  208.0 2316.2   8.30    0.0    0.0  0.00 200 200
2019-02-06T06_07_21 6189 11.14  208.0 2316.2   8.30    0.0    0.0  0.00 200 200
2019-02-06T06_08_21 6214 11.14  208.0 2316.2   8.30    0.0    0.0  0.00 200 200
2019-02-06T06_09_21 6239 11.14  208.0 2316.2   8.30    0.0    0.0  0.00 200 200
2019-02-06T06_10_21 6264 11.14  208.0 2316.2   8.30    0.0    0.0  0.00 200 200
2019-02-06T06_11_22 6289 11.14  208.0 2316.2   8.30    0.0    0.0  0.00 200 200
2019-02-06T06_12_22 6314 11.14  208.0 2316.2   8.30    0.0    0.0  0.00 200 200
2019-02-06T06_13_22 6339 11.14  207.6 2311.8   8.30    0.0    0.0  0.00 200 200
2019-02-06T06_14_22 6364 11.14  208.0 2316.2   8.30    0.0    0.0  0.00 200 200
2019-02-06T06_15_22 6389 11.14  208.0 2316.2   8.30    0.0    0.0  0.00 200 200
2019-02-06T06_16_22 6414 11.14  207.6 2311.8   8.30    0.0    0.0  0.00 200 200
2019-02-06T06_17_22 6439 11.14  208.0 2316.2   8.30    0.0    0.0  0.00 200 200
2019-02-06T06_18_22 6464 11.14  208.0 2316.2   8.30    0.0    0.0  0.00 200 200
2019-02-06T06_19_22 6489 11.14  208.0 2316.2   8.30    0.0    0.0  0.00 200 200
2019-02-06T06_20_22 6514 11.14  208.0 2316.2   8.30    0.0    0.0  0.00 200 200
2019-02-06T06_21_22 6539 11.14  208.0 2316.2   8.30    0.0    0.0  0.00 200 200
2019-02-06T06_22_22 6564 11.14  207.6 2311.8   8.30    0.0    0.0  0.00 200 200
2019-02-06T06_23_23 6589 11.14  208.0 2316.2   8.30    0.0    0.0  0.00 200 200
2019-02-06T06_24_23 6614 11.14  208.0 2316.2   8.30    0.0    0.0  0.00 200 200
2019-02-06T06_25_23 6639 11.14  208.0 2316.2   8.30    0.0    0.0  0.00 200 200
2019-02-06T06_26_23 6664 11.14  208.0 2316.2   8.30    0.0    0.0  0.00 200 200
2019-02-06T06_27_23 6689 11.14  208.0 2316.2   8.30    0.0    0.0  0.00 200 200
2019-02-06T06_28_23 6714 11.14  208.0 2316.2   8.30    0.0    0.0  0.00 200 200
2019-02-06T06_29_23 6739 11.14  207.6 2311.8   8.30    0.0    0.0  0.00 200 200
2019-02-06T06_30_23 6764 11.14  207.6 2311.8   8.30    0.0    0.0  0.00 200 200
2019-02-06T06_31_23 6789 11.14  207.6 2311.8   8.30    0.0    0.0  0.00 200 200
2019-02-06T06_32_23 6814 11.14  208.0 2316.2   8.30    0.0    0.0  0.00 200 200
2019-02-06T06_33_23 6839 11.14  208.0 2316.2   8.30    0.0    0.0  0.00 200 200
2019-02-06T06_34_23 6864 11.14  207.6 2311.8   8.30    0.0    0.0  0.00 200 200
2019-02-06T06_35_23 6889 11.14  207.6 2311.8   8.30    0.0    0.0  0.00 200 200
2019-02-06T06_36_24 6914 11.14  209.2 2329.6   8.30    0.0    0.0  0.00 200 200
2019-02-06T06_37_24 6939 11.14  208.4 2320.7   8.30    0.0    0.0  0.00 200 200
2019-02-06T06_38_24 6964 11.14  208.4 2320.7   8.30    0.0    0.0  0.00 200 200
2019-02-06T06_39_24 6989 11.14  208.0 2316.2   8.30    0.0    0.0  0.00 200 200
2019-02-06T06_40_24 7014 11.14  208.0 2316.2   8.30    0.0    0.0  0.00 200 200
2019-02-06T06_41_24 7039 11.14  208.0 2316.2   8.30    0.0    0.0  0.00 200 200
2019-02-06T06_42_24 7064 11.14  208.0 2316.2   8.30    0.0    0.0  0.00 200 200
2019-02-06T06_43_24 7089 11.14  208.4 2320.7   8.30    0.0    0.0  0.00 200 200
2019-02-06T06_44_24 7114 11.14  208.0 2316.2   8.30    0.0    0.0  0.00 200 200
2019-02-06T06_45_24 7139 11.14  208.0 2316.2   8.30    0.0    0.0  0.00 200 200
2019-02-06T06_46_24 7164 11.14  208.0 2316.2   8.30    0.0    0.0  0.00 200 200
2019-02-06T06_47_24 7189 11.14  208.0 2316.2   8.30    0.0    0.0  0.00 200 200
2019-02-06T06_48_25 7214 11.14  207.6 2311.8   8.30    0.0    0.0  0.00 200 200
2019-02-06T06_49_25 7239 11.14  208.0 2316.2   8.30    0.0    0.0  0.00 200 200
2019-02-06T06_50_25 7264 11.14  207.6 2311.8   8.30    0.0    0.0  0.00 200 200
2019-02-06T06_51_25 7289 11.14  207.6 2311.8   8.30    0.0    0.0  0.00 200 200
2019-02-06T06_52_25 7314 11.14  207.6 2311.8   8.30    0.0    0.0  0.00 200 200
2019-02-06T06_53_25 7339 11.14  207.6 2311.8   8.30    0.0    0.0  0.00 200 200
2019-02-06T06_54_25 7364 11.14  207.6 2311.8   8.30    0.0    0.0  0.00 200 200
2019-02-06T06_55_25 7389 11.14  207.6 2313.4   8.30    0.0    0.0  0.00 200 200
2019-02-06T06_56_25 7414 11.14  207.6 2311.8   8.30    0.0    0.0  0.00 200 200
2019-02-06T06_57_25 7439 11.14  207.6 2311.8   8.30    0.0    0.0  0.00 200 200
2019-02-06T06_58_25 7464 11.14  207.6 2311.8   8.30    0.0    0.0  0.00 200 200
2019-02-06T06_59_25 7489 11.14  207.6 2311.8   8.30    0.0    0.0  0.00 200 200
2019-02-06T07_00_26 7514 11.14  207.6 2311.8   8.30    0.0    0.0  0.00 200 200