2019-02-06T04_01_11 3039 11.13  217.2 2417.0   8.29    0.0    0.0  0.00 200 200
2019-02-06T04_02_11 3064 11.14  209.6 2334.1   8.30    0.0    0.0  0.00 200 200
2019-02-06T04_03_11 3089 11.14  208.8 2325.2   8.30    0.0    0.0  0.00 200 200
2019-02-06T04_04_11 3114 11.14  208.4 2320.7   8.30    0.0    0.0  0.00 200 200
2019-02-06T04_05_11 3139 11.14  208.4 2320.7   8.30    0.0    0.0  0.00 200 200
2019-02-06T04_06_11 3164 11.13  220.4 2452.6   8.29    0.0    0.0  0.00 200 200
2019-02-06T04_07_11 3189 11.14  208.0 2316.2   8.30    0.0    0.0  0.00 200 200
2019-02-06T04_08_11 3214 11.14  208.0 2316.2   8.30    0.0    0.0  0.00 200 200
2019-02-06T04_09_11 3239 11.14  208.0 2316.2   8.30    0.0    0.0  0.00 200 200
2019-02-06T04_10_12 3264 11.14  208.0 2316.2   8.30    0.0    0.0  0.00 200 200
2019-02-06T04_11_12 3289 11.14  208.0 2316.2   8.30    0.0    0.0  0.00 200 200
2019-02-06T04_12_12 3314 11.14  208.0 2316.2   8.30    0.0    0.0  0.00 200 200
2019-02-06T04_13_12 3339 11.14  208.4 2320.7   8.30    0.0    0.0  0.00 200 200
2019-02-06T04_14_12 3364 11.14  208.0 2316.2   8.30    0.0    0.0  0.00 200 200
2019-02-06T04_15_12 3389 11.14  208.0 2316.2   8.30    0.0    0.0  0.00 200 200
2019-02-06T04_16_12 3414 11.14  208.4 2320.7   8.30    0.0    0.0  0.00 200 200
2019-02-06T04_17_12 3439 11.13  220.4 2452.6   8.29    0.0    0.0  0.00 200 200
2019-02-06T04_18_12 3464 11.14  208.0 2316.2   8.30    0.0    0.0  0.00 200 200
2019-02-06T04_19_12 3489 11.14  208.0 2316.2   8.30    0.0    0.0  0.00 200 200
2019-02-06T04_20_12 3514 11.14  208.0 2316.2   8.30    0.0    0.0  0.00 200 200
2019-02-06T04_21_12 3539 11.14  208.0 2316.2   8.30    0.0    0.0  0.00 200 200
2019-02-06T04_22_13 3564 11.14  208.0 2316.2   8.30    0.0    0.0  0.00 200 200
2019-02-06T04_23_13 3589 11.14  208.0 2316.2   8.30    0.0    0.0  0.00 200 200
2019-02-06T04_24_13 3614 11.14  208.0 2316.2   8.30    0.0    0.0  0.00 200 200
2019-02-06T04_25_13 3639 11.14  208.0 2316.2   8.30    0.0    0.0  0.00 200 200
2019-02-06T04_26_13 3664 11.14  208.0 2316.2   8.30    0.0    0.0  0.00 200 200
2019-02-06T04_27_13 3689 11.14  208.0 2316.2   8.30    0.0    0.0  0.00 200 200
2019-02-06T04_28_13 3714 11.14  208.0 2316.2   8.30    0.0    0.0  0.00 200 200
2019-02-06T04_29_13 3739 11.14  208.0 2316.2   8.30    0.0    0.0  0.00 200 200
2019-02-06T04_30_13 3764 11.14  208.0 2316.2   8.30    0.0    0.0  0.00 200 200
2019-02-06T04_31_13 3789 11.14  208.0 2316.2   8.30    0.0    0.0  0.00 200 200
2019-02-06T04_32_13 3814 11.14  208.0 2316.2   8.30    0.0    0.0  0.00 200 200
2019-02-06T04_33_13 3839 11.14  208.0 2316.2   8.30    0.0    0.0  0.00 200 200
2019-02-06T04_34_14 3864 11.14  208.0 2316.2   8.30    0.0    0.0  0.00 200 200
2019-02-06T04_35_14 3889 11.14  208.0 2316.2   8.30    0.0    0.0  0.00 200 200
2019-02-06T04_36_14 3914 11.14  208.0 2316.2   8.30    0.0    0.0  0.00 200 200
2019-02-06T04_37_14 3939 11.14  208.0 2316.2   8.30    0.0    0.0  0.00 200 200
2019-02-06T04_38_14 3964 11.14  208.8 2325.2   8.30    0.0    0.0  0.00 200 200
2019-02-06T04_39_14 3989 11.14  208.8 2325.2   8.30    0.0    0.0  0.00 200 200
2019-02-06T04_40_14 4014 11.14  209.2 2329.6   8.30    0.0    0.0  0.00 200 200
2019-02-06T04_41_14 4039 11.14  208.4 2320.7   8.30    0.0    0.0  0.00 200 200
2019-02-06T04_42_14 4064 11.14  208.4 2320.7   8.30    0.0    0.0  0.00 200 200
2019-02-06T04_43_14 4089 11.14  208.4 2320.7   8.30    0.0    0.0  0.00 200 200
2019-02-06T04_44_14 4114 11.14  208.0 2316.2   8.30    0.0    0.0  0.00 200 200
2019-02-06T04_45_14 4139 11.14  208.0 2316.2   8.30    0.0    0.0  0.00 200 200
2019-02-06T04_46_15 4164 11.14  208.0 2316.2   8.30    0.0    0.0  0.00 200 200
2019-02-06T04_47_15 4189 11.14  208.0 2316.2   8.30    0.0    0.0  0.00 200 200
2019-02-06T04_48_15 4214 11.14  208.0 2316.2   8.30    0.0    0.0  0.00 200 200
2019-02-06T04_49_15 4239 11.14  208.0 2316.2   8.30    0.0    0.0  0.00 200 200
2019-02-06T04_50_15 4264 11.14  208.0 2316.2   8.30    0.0    0.0  0.00 200 200
2019-02-06T04_51_15 4289 11.14  208.0 2316.2   8.30    0.0    0.0  0.00 200 200
2019-02-06T04_52_15 4314 11.14  208.0 2316.2   8.30    0.0    0.0  0.00 200 200
2019-02-06T04_53_15 4339 11.14  208.0 2316.2   8.30    0.0    0.0  0.00 200 200
2019-02-06T04_54_15 4364 11.14  208.0 2316.2   8.30    0.0    0.0  0.00 200 200
2019-02-06T04_55_15 4389 11.14  208.0 2316.2   8.30    0.0    0.0  0.00 200 200
2019-02-06T04_56_15 4414 11.14  208.0 2316.2   8.30    0.0    0.0  0.00 200 200
2019-02-06T04_57_15 4439 11.14  208.0 2316.2   8.30    0.0    0.0  0.00 200 200
2019-02-06T04_58_16 4464 11.14  208.0 2316.2   8.30    0.0    0.0  0.00 200 200
2019-02-06T04_59_16 4489 11.14  208.0 2316.2   8.30    0.0    0.0  0.00 200 200
2019-02-06T05_00_16 4514 11.14  208.0 2316.2   8.30    0.0    0.0  0.00 200 200