2019-02-09T22_48_19 7894 11.15  205.6 2292.8   8.30    0.0    0.0  0.00 200 200
2019-02-09T22_49_19 7919 11.15  205.6 2292.8   8.30    0.0    0.0  0.00 200 200
2019-02-09T22_50_19 7944 11.15  205.6 2292.8   8.30    0.0    0.0  0.00 200 200
2019-02-09T22_51_19 7969 11.15  205.6 2292.8   8.30    0.0    0.0  0.00 200 200
2019-02-09T22_52_19 7994 11.15  205.6 2292.8   8.30    0.0    0.0  0.00 200 200
2019-02-09T22_53_19 8019 11.15  205.6 2292.8   8.30    0.0    0.0  0.00 200 200
2019-02-09T22_54_19 8044 11.15  205.6 2292.8   8.30    0.0    0.0  0.00 200 200
2019-02-09T22_55_20 8069 11.14  205.6 2291.2   8.30    0.0    0.0  0.00 200 200
2019-02-09T22_56_20 8094 11.15  205.6 2292.8   8.30    0.0    0.0  0.00 200 200
2019-02-09T22_57_20 8119 11.15  205.6 2292.8   8.30    0.0    0.0  0.00 200 200
2019-02-09T22_58_20 8144 11.15  205.6 2292.8   8.30    0.0    0.0  0.00 200 200
2019-02-09T22_59_20 8169 11.15  205.6 2292.8   8.30    0.0    0.0  0.00 200 200
2019-02-09T23_00_20 8194 11.15  205.6 2292.8   8.30    0.0    0.0  0.00 200 200
2019-02-09T23_01_20 8219 11.15  205.6 2292.8   8.30    0.0    0.0  0.00 200 200
2019-02-09T23_02_20 8244 11.15  205.6 2292.8   8.30    0.0    0.0  0.00 200 200
2019-02-09T23_03_20 8269 11.15  205.6 2292.8   8.30    0.0    0.0  0.00 200 200
2019-02-09T23_04_20 8294 11.15  205.6 2292.8   8.30    0.0    0.0  0.00 200 200
2019-02-09T23_05_20 8319 11.14  205.6 2291.2   8.30    0.0    0.0  0.00 200 200
2019-02-09T23_06_20 8344 11.14  205.6 2291.2   8.30    0.0    0.0  0.00 200 200
2019-02-09T23_07_21 8369 11.14  205.6 2291.2   8.30    0.0    0.0  0.00 200 200
2019-02-09T23_08_21 8394 11.14  205.6 2291.2   8.30    0.0    0.0  0.00 200 200
2019-02-09T23_09_21 8419 11.14  205.6 2291.2   8.30    0.0    0.0  0.00 200 200
2019-02-09T23_10_21 8444 11.14  205.6 2291.2   8.30    0.0    0.0  0.00 200 200
2019-02-09T23_11_21 8469 11.14  205.6 2291.2   8.30    0.0    0.0  0.00 200 200
2019-02-09T23_12_21 8494 11.14  205.6 2291.2   8.30    0.0    0.0  0.00 200 200
2019-02-09T23_13_21 8519 11.14  205.6 2291.2   8.30    0.0    0.0  0.00 200 200
2019-02-09T23_14_21 8544 11.14  205.6 2291.2   8.30    0.0    0.0  0.00 200 200
2019-02-09T23_15_21 8569 11.14  205.6 2291.2   8.30    0.0    0.0  0.00 200 200
2019-02-09T23_16_21 8594 11.14  205.6 2291.2   8.30    0.0    0.0  0.00 200 200
2019-02-09T23_17_21 8619 11.14  205.6 2291.2   8.30    0.0    0.0  0.00 200 200
2019-02-09T23_18_21 8644 11.14  206.8 2304.5   8.30    0.0    0.0  0.00 200 200
2019-02-09T23_19_22 8669 11.14  206.4 2300.1   8.30    0.0    0.0  0.00 200 200
2019-02-09T23_20_22 8694 11.14  206.0 2295.6   8.30    0.0    0.0  0.00 200 200
2019-02-09T23_21_22 8719 11.14  205.6 2291.2   8.30    0.0    0.0  0.00 200 200
2019-02-09T23_22_22 8744 11.14  206.0 2295.6   8.30    0.0    0.0  0.00 200 200
2019-02-09T23_23_22 8769 11.14  205.6 2291.2   8.30    0.0    0.0  0.00 200 200
2019-02-09T23_24_22 8794 11.14  205.6 2291.2   8.30    0.0    0.0  0.00 200 200
2019-02-09T23_25_22 8819 11.14  205.6 2291.2   8.30    0.0    0.0  0.00 200 200
2019-02-09T23_26_22 8844 11.14  205.6 2291.2   8.30    0.0    0.0  0.00 200 200
2019-02-09T23_27_22 8869 11.14  205.6 2291.2   8.30    0.0    0.0  0.00 200 200
2019-02-09T23_28_22 8894 11.14  205.6 2291.2   8.30    0.0    0.0  0.00 200 200
2019-02-09T23_29_22 8919 11.14  205.6 2291.2   8.30    0.0    0.0  0.00 200 200
2019-02-09T23_30_22 8944 11.14  205.6 2291.2   8.30    0.0    0.0  0.00 200 200
2019-02-09T23_31_23 8969 11.14  205.6 2291.2   8.30    0.0    0.0  0.00 200 200
2019-02-09T23_32_23 8994 11.14  205.6 2291.2   8.30    0.0    0.0  0.00 200 200
2019-02-09T23_33_23 9019 11.14  205.6 2291.2   8.30    0.0    0.0  0.00 200 200
2019-02-09T23_34_23 9044 11.14  205.6 2291.2   8.30    0.0    0.0  0.00 200 200
2019-02-09T23_35_23 9069 11.14  205.6 2291.2   8.30    0.0    0.0  0.00 200 200
2019-02-09T23_36_23 9094 11.14  205.6 2291.2   8.30    0.0    0.0  0.00 200 200
2019-02-09T23_37_23 9119 11.14  205.6 2291.2   8.30    0.0    0.0  0.00 200 200
2019-02-09T23_38_23 9144 11.14  206.0 2295.6   8.30    0.0    0.0  0.00 200 200
2019-02-09T23_39_23 9169 11.14  205.6 2291.2   8.30    0.0    0.0  0.00 200 200
2019-02-09T23_40_23 9194 11.14  205.6 2291.2   8.30    0.0    0.0  0.00 200 200
2019-02-09T23_41_23 9219 11.14  205.6 2291.2   8.30    0.0    0.0  0.00 200 200
2019-02-09T23_42_23 9244 11.14  205.6 2291.2   8.30    0.0    0.0  0.00 200 200
2019-02-09T23_43_23 9269 11.14  205.6 2291.2   8.30    0.0    0.0  0.00 200 200
2019-02-09T23_44_24 9294 11.14  205.6 2291.2   8.30    0.0    0.0  0.00 200 200
2019-02-09T23_45_24 9319 11.14  205.6 2291.2   8.30    0.0    0.0  0.00 200 200
2019-02-09T23_46_24 9344 11.14  205.6 2291.2   8.30    0.0    0.0  0.00 200 200
2019-02-09T23_47_24 9369 11.14  205.6 2291.2   8.30    0.0    0.0  0.00 200 200