2019-02-06T07_01_26 7539 11.14  207.6 2311.8   8.30    0.0    0.0  0.00 200 200
2019-02-06T07_02_26 7564 11.14  207.6 2311.8   8.30    0.0    0.0  0.00 200 200
2019-02-06T07_03_26 7589 11.14  207.6 2311.8   8.30    0.0    0.0  0.00 200 200
2019-02-06T07_04_26 7614 11.14  207.6 2313.4   8.30    0.0    0.0  0.00 200 200
2019-02-06T07_05_26 7639 11.14  207.6 2311.8   8.30    0.0    0.0  0.00 200 200
2019-02-06T07_06_26 7664 11.14  207.6 2313.4   8.30    0.0    0.0  0.00 200 200
2019-02-06T07_07_26 7689 11.14  207.6 2313.4   8.30    0.0    0.0  0.00 200 200
2019-02-06T07_08_26 7714 11.14  207.6 2313.4   8.30    0.0    0.0  0.00 200 200
2019-02-06T07_09_26 7739 11.14  207.6 2311.8   8.30    0.0    0.0  0.00 200 200
2019-02-06T07_10_26 7764 11.14  207.6 2311.8   8.30    0.0    0.0  0.00 200 200
2019-02-06T07_11_26 7789 11.14  207.6 2313.4   8.30    0.0    0.0  0.00 200 200
2019-02-06T07_12_27 7814 11.14  207.6 2313.4   8.30    0.0    0.0  0.00 200 200
2019-02-06T07_13_27 7839 11.14  207.6 2311.8   8.30    0.0    0.0  0.00 200 200
2019-02-06T07_14_27 7864 11.14  207.6 2311.8   8.30    0.0    0.0  0.00 200 200
2019-02-06T07_15_27 7889 11.14  209.6 2334.1   8.30    0.0    0.0  0.00 200 200
2019-02-06T07_16_27 7914 11.14  208.8 2325.2   8.30    0.0    0.0  0.00 200 200
2019-02-06T07_17_27 7939 11.14  208.0 2316.2   8.30    0.0    0.0  0.00 200 200
2019-02-06T07_18_27 7964 11.14  208.4 2320.7   8.30    0.0    0.0  0.00 200 200
2019-02-06T07_19_27 7989 11.14  208.0 2317.9   8.30    0.0    0.0  0.00 200 200
2019-02-06T07_20_27 8014 11.14  208.0 2316.2   8.30    0.0    0.0  0.00 200 200
2019-02-06T07_21_27 8039 11.14  208.0 2317.9   8.30    0.0    0.0  0.00 200 200
2019-02-06T07_22_27 8064 11.14  207.6 2313.4   8.30    0.0    0.0  0.00 200 200
2019-02-06T07_23_27 8089 11.14  208.0 2317.9   8.30    0.0    0.0  0.00 200 200
2019-02-06T07_24_27 8114 11.14  208.0 2317.9   8.30    0.0    0.0  0.00 200 200
2019-02-06T07_25_28 8139 11.14  207.6 2313.4   8.30    0.0    0.0  0.00 200 200
2019-02-06T07_26_28 8164 11.14  207.6 2313.4   8.30    0.0    0.0  0.00 200 200
2019-02-06T07_27_28 8189 11.14  207.2 2309.0   8.30    0.0    0.0  0.00 200 200
2019-02-06T07_28_28 8214 11.14  207.6 2313.4   8.30    0.0    0.0  0.00 200 200
2019-02-06T07_29_28 8239 11.14  207.2 2309.0   8.30    0.0    0.0  0.00 200 200
2019-02-06T07_30_28 8264 11.14  207.6 2313.4   8.30    0.0    0.0  0.00 200 200
2019-02-06T07_31_28 8289 11.14  207.6 2313.4   8.30    0.0    0.0  0.00 200 200
2019-02-06T07_32_28 8314 11.14  207.6 2313.4   8.30    0.0    0.0  0.00 200 200
2019-02-06T07_33_28 8339 11.14  207.2 2309.0   8.30    0.0    0.0  0.00 200 200
2019-02-06T07_34_28 8364 11.14  207.2 2309.0   8.30    0.0    0.0  0.00 200 200
2019-02-06T07_35_28 8389 11.14  207.2 2309.0   8.30    0.0    0.0  0.00 200 200
2019-02-06T07_36_28 8414 11.14  207.2 2309.0   8.30    0.0    0.0  0.00 200 200
2019-02-06T07_37_29 8439 11.14  207.2 2309.0   8.30    0.0    0.0  0.00 200 200
2019-02-06T07_38_29 8464 11.14  207.2 2309.0   8.30    0.0    0.0  0.00 200 200
2019-02-06T07_39_29 8489 11.14  207.2 2309.0   8.30    0.0    0.0  0.00 200 200
2019-02-06T07_40_29 8514 11.14  207.2 2309.0   8.30    0.0    0.0  0.00 200 200
2019-02-06T07_41_29 8539 11.14  207.2 2309.0   8.30    0.0    0.0  0.00 200 200
2019-02-06T07_42_29 8564 11.14  207.2 2309.0   8.30    0.0    0.0  0.00 200 200
2019-02-06T07_43_29 8589 11.14  207.2 2309.0   8.30    0.0    0.0  0.00 200 200
2019-02-06T07_44_29 8614 11.14  207.2 2309.0   8.30    0.0    0.0  0.00 200 200
2019-02-06T07_45_29 8639 11.14  207.2 2309.0   8.30    0.0    0.0  0.00 200 200
2019-02-06T07_46_29 8664 11.14  207.2 2309.0   8.30    0.0    0.0  0.00 200 200
2019-02-06T07_47_29 8689 11.14  207.2 2309.0   8.30    0.0    0.0  0.00 200 200
2019-02-06T07_48_29 8714 11.14  207.2 2309.0   8.30    0.0    0.0  0.00 200 200
2019-02-06T07_49_30 8739 11.14  207.2 2309.0   8.30    0.0    0.0  0.00 200 200
2019-02-06T07_50_30 8764 11.14  207.2 2309.0   8.30    0.0    0.0  0.00 200 200
2019-02-06T07_51_30 8789 11.14  207.2 2309.0   8.30    0.0    0.0  0.00 200 200
2019-02-06T07_52_30 8814 11.14  207.2 2309.0   8.30    0.0    0.0  0.00 200 200
2019-02-06T07_53_30 8839 11.14  207.2 2309.0   8.30    0.0    0.0  0.00 200 200
2019-02-06T07_54_30 8864 11.14  207.2 2309.0   8.30    0.0    0.0  0.00 200 200
2019-02-06T07_55_30 8889 11.14  208.4 2320.7   8.30    0.0    0.0  0.00 200 200
2019-02-06T07_56_30 8914 11.14  208.0 2317.9   8.30    0.0    0.0  0.00 200 200
2019-02-06T07_57_30 8939 11.14  208.0 2317.9   8.30    0.0    0.0  0.00 200 200
2019-02-06T07_58_30 8964 11.14  207.6 2313.4   8.30    0.0    0.0  0.00 200 200
2019-02-06T07_59_30 8989 11.14  207.6 2313.4   8.30    0.0    0.0  0.00 200 200
2019-02-06T08_00_30 9014 11.14  207.6 2313.4   8.30    0.0    0.0  0.00 200 200