2019-02-12T23_56_40 -13678 11.13  206.8 2301.2   8.28    0.0    0.0  0.00 200 200
2019-02-12T23_57_41 -13653 11.13  206.8 2301.2   8.28    0.0    0.0  0.00 200 200
2019-02-12T23_58_41 -13628 11.13  206.8 2301.2   8.28    0.0    0.0  0.00 200 200
2019-02-12T23_59_41 -13603 11.13  206.8 2301.2   8.28    0.0    0.0  0.00 200 200
2019-02-13T00_00_41 -13578 11.13  206.8 2301.2   8.28    0.0    0.0  0.00 200 200
2019-02-13T00_01_41 -13553 11.13  206.8 2301.2   8.28    0.0    0.0  0.00 200 200
2019-02-13T00_02_41 -13528 11.13  206.8 2301.2   8.28    0.0    0.0  0.00 200 200
2019-02-13T00_03_41 -13503 11.13  206.8 2301.2   8.28    0.0    0.0  0.00 200 200
2019-02-13T00_04_42 -13478 11.13  206.8 2301.2   8.28    0.0    0.0  0.00 200 200
2019-02-13T00_05_42 -13453 11.13  206.8 2301.2   8.28    0.0    0.0  0.00 200 200
2019-02-13T00_06_42 -13428 11.13  207.2 2305.7   8.28    0.0    0.0  0.00 200 200
2019-02-13T00_07_42 -13403 11.13  207.2 2305.7   8.28    0.0    0.0  0.00 200 200
2019-02-13T00_08_42 -13378 11.13  206.8 2301.2   8.28    0.0    0.0  0.00 200 200
2019-02-13T00_09_42 -13353 11.13  206.8 2301.2   8.28    0.0    0.0  0.00 200 200
2019-02-13T00_10_42 -13328 11.13  206.8 2301.2   8.28    0.0    0.0  0.00 200 200
2019-02-13T00_11_42 -13303 11.13  206.8 2301.2   8.28    0.0    0.0  0.00 200 200
2019-02-13T00_12_43 -13278 11.13  206.8 2301.2   8.28    0.0    0.0  0.00 200 200
2019-02-13T00_13_43 -13253 11.13  206.8 2301.2   8.28    0.0    0.0  0.00 200 200
2019-02-13T00_14_43 -13228 11.13  206.8 2301.2   8.28    0.0    0.0  0.00 200 200
2019-02-13T00_15_43 -13203 11.13  206.8 2301.2   8.28    0.0    0.0  0.00 200 200
2019-02-13T00_16_43 -13178 11.13  206.4 2296.8   8.28    0.0    0.0  0.00 200 200
2019-02-13T00_17_43 -13153 11.13  207.2 2305.7   8.28    0.0    0.0  0.00 200 200
2019-02-13T00_18_43 -13128 11.13  206.8 2301.2   8.28    0.0    0.0  0.00 200 200
2019-02-13T00_19_44 -13103 11.13  206.8 2301.2   8.28    0.0    0.0  0.00 200 200
2019-02-13T00_20_44 -13078 11.13  206.8 2301.2   8.28    0.0    0.0  0.00 200 200
2019-02-13T00_21_44 -13053 11.13  206.8 2301.2   8.28    0.0    0.0  0.00 200 200
2019-02-13T00_22_44 -13028 11.13  206.8 2301.2   8.28    0.0    0.0  0.00 200 200
2019-02-13T00_23_44 -13003 11.13  208.0 2314.6   8.28    0.0    0.0  0.00 200 200
2019-02-13T00_24_44 -12978 11.13  206.8 2301.2   8.28    0.0    0.0  0.00 200 200
2019-02-13T00_25_44 -12953 11.13  206.8 2301.2   8.28    0.0    0.0  0.00 200 200
2019-02-13T00_26_44 -12928 11.13  206.4 2296.8   8.28    0.0    0.0  0.00 200 200
2019-02-13T00_27_45 -12903 11.13  206.4 2296.8   8.28    0.0    0.0  0.00 200 200
2019-02-13T00_28_45 -12878 11.13  206.4 2296.8   8.28    0.0    0.0  0.00 200 200
2019-02-13T00_29_45 -12853 11.13  206.8 2301.2   8.28    0.0    0.0  0.00 200 200
2019-02-13T00_30_45 -12828 11.13  206.4 2296.8   8.28    0.0    0.0  0.00 200 200
2019-02-13T00_31_45 -12803 11.13  206.8 2301.2   8.28    0.0    0.0  0.00 200 200
2019-02-13T00_32_45 -12778 11.13  206.8 2301.2   8.28    0.0    0.0  0.00 200 200
2019-02-13T00_33_45 -12753 11.13  206.8 2301.2   8.28    0.0    0.0  0.00 200 200
2019-02-13T00_34_46 -12728 11.13  206.8 2301.2   8.28    0.0    0.0  0.00 200 200
2019-02-13T00_35_46 -12703 11.13  206.8 2301.2   8.28    0.0    0.0  0.00 200 200
2019-02-13T00_36_46 -12678 11.13  206.4 2296.8   8.28    0.0    0.0  0.00 200 200
2019-02-13T00_37_46 -12653 11.13  206.8 2301.2   8.28    0.0    0.0  0.00 200 200
2019-02-13T00_38_46 -12628 11.13  206.4 2296.8   8.28    0.0    0.0  0.00 200 200
2019-02-13T00_39_46 -12603 11.13  207.6 2310.1   8.28    0.0    0.0  0.00 200 200
2019-02-13T00_40_46 -12578 11.13  206.8 2301.2   8.28    0.0    0.0  0.00 200 200
2019-02-13T00_41_46 -12553 11.13  206.8 2301.2   8.28    0.0    0.0  0.00 200 200
2019-02-13T00_42_47 -12528 11.13  206.8 2301.2   8.28    0.0    0.0  0.00 200 200
2019-02-13T00_43_47 -12503 11.13  206.4 2296.8   8.29    0.0    0.0  0.00 200 200
2019-02-13T00_44_47 -12478 11.13  206.4 2296.8   8.29    0.0    0.0  0.00 200 200
2019-02-13T00_45_47 -12453 11.13  206.8 2301.2   8.29    0.0    0.0  0.00 200 200
2019-02-13T00_46_47 -12428 11.13  206.4 2296.8   8.29    0.0    0.0  0.00 200 200
2019-02-13T00_47_47 -12403 11.13  206.4 2296.8   8.29    0.0    0.0  0.00 200 200
2019-02-13T00_48_47 -12378 11.13  206.4 2296.8   8.29    0.0    0.0  0.00 200 200
2019-02-13T00_49_48 -12353 11.13  206.4 2296.8   8.28    0.0    0.0  0.00 200 200
2019-02-13T00_50_48 -12328 11.13  206.4 2296.8   8.29    0.0    0.0  0.00 200 200
2019-02-13T00_51_48 -12303 11.14  206.8 2302.9   8.29    0.0    0.0  0.00 200 200
2019-02-13T00_52_48 -12278 11.14  206.8 2302.9   8.29    0.0    0.0  0.00 200 200
2019-02-13T00_53_48 -12253 11.14  206.8 2302.9   8.29    0.0    0.0  0.00 200 200
2019-02-13T00_54_48 -12228 11.14  206.8 2302.9   8.29    0.0    0.0  0.00 200 200
2019-02-13T00_55_48 -12203 11.14  207.6 2311.8   8.29    0.0    0.0  0.00 200 200