2019-02-07T23_43_09 2930 11.15  206.0 2297.3   8.30    0.0    0.0  0.00 200 200
2019-02-07T23_44_10 2955 11.15  206.4 2301.7   8.30    0.0    0.0  0.00 200 200
2019-02-07T23_45_10 2980 11.15  206.8 2306.2   8.30    0.0    0.0  0.00 200 200
2019-02-07T23_46_10 3005 11.15  206.4 2301.7   8.30    0.0    0.0  0.00 200 200
2019-02-07T23_47_10 3030 11.15  206.4 2301.7   8.30    0.0    0.0  0.00 200 200
2019-02-07T23_48_10 3055 11.15  206.4 2301.7   8.30    0.0    0.0  0.00 200 200
2019-02-07T23_49_10 3080 11.15  206.4 2301.7   8.30    0.0    0.0  0.00 200 200
2019-02-07T23_50_10 3105 11.15  206.4 2301.7   8.30    0.0    0.0  0.00 200 200
2019-02-07T23_51_10 3130 11.15  206.4 2301.7   8.30    0.0    0.0  0.00 200 200
2019-02-07T23_52_10 3155 11.15  206.4 2301.7   8.30    0.0    0.0  0.00 200 200
2019-02-07T23_53_10 3180 11.15  206.4 2301.7   8.30    0.0    0.0  0.00 200 200
2019-02-07T23_54_10 3205 11.15  206.4 2301.7   8.30    0.0    0.0  0.00 200 200
2019-02-07T23_55_10 3230 11.15  206.4 2301.7   8.30    0.0    0.0  0.00 200 200
2019-02-07T23_56_11 3255 11.15  206.4 2301.7   8.30    0.0    0.0  0.00 200 200
2019-02-07T23_57_11 3280 11.15  206.4 2301.7   8.30    0.0    0.0  0.00 200 200
2019-02-07T23_58_11 3305 11.15  206.4 2301.7   8.30    0.0    0.0  0.00 200 200
2019-02-07T23_59_11 3330 11.15  206.4 2301.7   8.30    0.0    0.0  0.00 200 200
2019-02-08T00_00_11 3355 11.15  207.2 2310.6   8.30    0.0    0.0  0.00 200 200
2019-02-08T00_01_11 3380 11.15  207.2 2310.6   8.30    0.0    0.0  0.00 200 200
2019-02-08T00_02_11 3405 11.15  206.8 2306.2   8.30    0.0    0.0  0.00 200 200
2019-02-08T00_03_11 3430 11.15  206.8 2306.2   8.30    0.0    0.0  0.00 200 200
2019-02-08T00_04_11 3455 11.15  207.2 2310.6   8.30    0.0    0.0  0.00 200 200
2019-02-08T00_05_11 3480 11.15  206.4 2301.7   8.30    0.0    0.0  0.00 200 200
2019-02-08T00_06_11 3505 11.15  206.4 2301.7   8.30    0.0    0.0  0.00 200 200
2019-02-08T00_07_11 3530 11.15  206.4 2301.7   8.30    0.0    0.0  0.00 200 200
2019-02-08T00_08_11 3555 11.15  206.4 2301.7   8.30    0.0    0.0  0.00 200 200
2019-02-08T00_09_12 3580 11.15  206.4 2301.7   8.30    0.0    0.0  0.00 200 200
2019-02-08T00_10_12 3605 11.15  206.4 2301.7   8.30    0.0    0.0  0.00 200 200
2019-02-08T00_11_12 3630 11.15  206.0 2297.3   8.30    0.0    0.0  0.00 200 200
2019-02-08T00_12_12 3655 11.15  206.4 2301.7   8.30    0.0    0.0  0.00 200 200
2019-02-08T00_13_12 3680 11.15  206.4 2301.7   8.30    0.0    0.0  0.00 200 200
2019-02-08T00_14_12 3705 11.15  206.0 2297.3   8.30    0.0    0.0  0.00 200 200
2019-02-08T00_15_12 3730 11.15  206.4 2301.7   8.30    0.0    0.0  0.00 200 200
2019-02-08T00_16_12 3755 11.15  206.4 2301.7   8.30    0.0    0.0  0.00 200 200
2019-02-08T00_17_12 3780 11.15  206.4 2301.7   8.30    0.0    0.0  0.00 200 200
2019-02-08T00_18_12 3805 11.15  206.4 2301.7   8.30    0.0    0.0  0.00 200 200
2019-02-08T00_19_12 3830 11.15  206.4 2301.7   8.30    0.0    0.0  0.00 200 200
2019-02-08T00_20_12 3855 11.15  206.4 2301.7   8.30    0.0    0.0  0.00 200 200
2019-02-08T00_21_13 3880 11.15  206.4 2301.7   8.30    0.0    0.0  0.00 200 200
2019-02-08T00_22_13 3905 11.15  206.4 2301.7   8.30    0.0    0.0  0.00 200 200
2019-02-08T00_23_13 3930 11.15  206.8 2306.2   8.30    0.0    0.0  0.00 200 200
2019-02-08T00_24_13 3955 11.15  206.4 2301.7   8.30    0.0    0.0  0.00 200 200
2019-02-08T00_25_13 3980 11.15  206.4 2301.7   8.30    0.0    0.0  0.00 200 200
2019-02-08T00_26_13 4005 11.15  206.4 2301.7   8.30    0.0    0.0  0.00 200 200
2019-02-08T00_27_13 4030 11.15  206.4 2301.7   8.30    0.0    0.0  0.00 200 200
2019-02-08T00_28_13 4055 11.15  206.4 2301.7   8.30    0.0    0.0  0.00 200 200
2019-02-08T00_29_13 4080 11.15  206.4 2301.7   8.30    0.0    0.0  0.00 200 200
2019-02-08T00_30_13 4105 11.15  206.4 2301.7   8.30    0.0    0.0  0.00 200 200
2019-02-08T00_31_13 4130 11.15  206.0 2297.3   8.30    0.0    0.0  0.00 200 200
2019-02-08T00_32_13 4155 11.15  206.4 2301.7   8.30    0.0    0.0  0.00 200 200
2019-02-08T00_33_14 4180 11.15  206.4 2301.7   8.30    0.0    0.0  0.00 200 200
2019-02-08T00_34_14 4205 11.15  206.4 2301.7   8.30    0.0    0.0  0.00 200 200
2019-02-08T00_35_14 4230 11.15  206.4 2301.7   8.30    0.0    0.0  0.00 200 200
2019-02-08T00_36_14 4255 11.15  206.4 2301.7   8.30    0.0    0.0  0.00 200 200
2019-02-08T00_37_14 4280 11.15  206.4 2301.7   8.30    0.0    0.0  0.00 200 200
2019-02-08T00_38_14 4305 11.15  206.4 2301.7   8.30    0.0    0.0  0.00 200 200
2019-02-08T00_39_14 4330 11.15  206.4 2301.7   8.30    0.0    0.0  0.00 200 200
2019-02-08T00_40_14 4355 11.15  207.6 2315.1   8.30    0.0    0.0  0.00 200 200
2019-02-08T00_41_14 4380 11.15  207.2 2310.6   8.30    0.0    0.0  0.00 200 200
2019-02-08T00_42_14 4405 11.15  206.8 2306.2   8.30    0.0    0.0  0.00 200 200