2019-02-06T01_00_35 642 11.14  208.4 2320.7   8.29    0.0    0.0  0.00 200 200
2019-02-06T01_01_35 667 11.14  208.4 2320.7   8.29    0.0    0.0  0.00 200 200
2019-02-06T01_02_35 692 11.14  208.8 2325.2   8.29    0.0    0.0  0.00 200 200
2019-02-06T01_03_35 717 11.14  208.8 2325.2   8.29    0.0    0.0  0.00 200 200
2019-02-06T01_04_35 742 11.14  208.4 2320.7   8.29    0.0    0.0  0.00 200 200
2019-02-06T01_05_35 767 11.14  208.0 2316.2   8.29    0.0    0.0  0.00 200 200
2019-02-06T01_06_35 792 11.14  208.4 2320.7   8.29    0.0    0.0  0.00 200 200
2019-02-06T01_07_35 817 11.14  208.4 2320.7   8.29    0.0    0.0  0.00 200 200
2019-02-06T01_08_35 842 11.14  209.2 2329.6   8.29    0.0    0.0  0.00 200 200
2019-02-06T01_08_40 844 11.14  208.8 2325.2   8.29    0.0    0.0  0.00 200 200
2019-02-06T01_08_45 846 11.13  209.6 2332.4   8.29    0.0    0.0  0.00 200 200