2019-02-06T02_01_02 39 11.14  209.6 2334.1   8.29    0.0    0.0  0.00 200 200
2019-02-06T02_02_02 64 11.14  209.6 2334.1   8.29    0.0    0.0  0.00 200 200
2019-02-06T02_03_02 89 11.14  209.2 2329.6   8.29    0.0    0.0  0.00 200 200
2019-02-06T02_04_02 114 11.14  209.2 2329.6   8.29    0.0    0.0  0.00 200 200
2019-02-06T02_05_02 139 11.14  209.2 2329.6   8.29    0.0    0.0  0.00 200 200
2019-02-06T02_06_02 164 11.14  209.2 2329.6   8.29    0.0    0.0  0.00 200 200
2019-02-06T02_07_02 189 11.14  209.2 2329.6   8.29    0.0    0.0  0.00 200 200
2019-02-06T02_08_02 214 11.14  209.2 2329.6   8.29    0.0    0.0  0.00 200 200
2019-02-06T02_09_02 239 11.14  209.2 2329.6   8.29    0.0    0.0  0.00 200 200
2019-02-06T02_10_02 264 11.14  209.2 2329.6   8.30    0.0    0.0  0.00 200 200
2019-02-06T02_11_03 289 11.14  208.0 2316.2   8.30    0.0    0.0  0.00 200 200
2019-02-06T02_12_03 314 11.14  208.0 2316.2   8.30    0.0    0.0  0.00 200 200
2019-02-06T02_13_03 339 11.14  208.0 2316.2   8.30    0.0    0.0  0.00 200 200
2019-02-06T02_14_03 364 11.14  208.0 2316.2   8.30    0.0    0.0  0.00 200 200
2019-02-06T02_15_03 389 11.14  208.4 2320.7   8.30    0.0    0.0  0.00 200 200
2019-02-06T02_16_03 414 11.14  208.4 2320.7   8.30    0.0    0.0  0.00 200 200
2019-02-06T02_17_03 439 11.14  208.0 2316.2   8.30    0.0    0.0  0.00 200 200
2019-02-06T02_18_03 464 11.14  208.0 2316.2   8.30    0.0    0.0  0.00 200 200
2019-02-06T02_19_03 489 11.14  208.0 2316.2   8.30    0.0    0.0  0.00 200 200
2019-02-06T02_20_03 514 11.14  208.0 2316.2   8.30    0.0    0.0  0.00 200 200
2019-02-06T02_21_03 539 11.14  208.0 2316.2   8.30    0.0    0.0  0.00 200 200
2019-02-06T02_22_03 564 11.14  208.0 2316.2   8.30    0.0    0.0  0.00 200 200
2019-02-06T02_23_03 589 11.14  208.0 2316.2   8.30    0.0    0.0  0.00 200 200
2019-02-06T02_24_03 614 11.14  208.0 2316.2   8.30    0.0    0.0  0.00 200 200
2019-02-06T02_25_03 639 11.14  208.0 2316.2   8.30    0.0    0.0  0.00 200 200
2019-02-06T02_26_03 664 11.14  208.0 2316.2   8.30    0.0    0.0  0.00 200 200
2019-02-06T02_27_03 689 11.14  208.0 2316.2   8.30    0.0    0.0  0.00 200 200
2019-02-06T02_28_03 714 11.14  208.0 2316.2   8.30    0.0    0.0  0.00 200 200
2019-02-06T02_29_04 739 11.14  208.0 2316.2   8.30    0.0    0.0  0.00 200 200
2019-02-06T02_30_04 764 11.14  208.0 2316.2   8.30    0.0    0.0  0.00 200 200
2019-02-06T02_31_04 789 11.14  208.0 2316.2   8.30    0.0    0.0  0.00 200 200
2019-02-06T02_32_04 814 11.14  208.0 2316.2   8.30    0.0    0.0  0.00 200 200
2019-02-06T02_33_04 839 11.14  208.0 2316.2   8.30    0.0    0.0  0.00 200 200
2019-02-06T02_34_04 864 11.14  208.0 2316.2   8.30    0.0    0.0  0.00 200 200
2019-02-06T02_35_04 889 11.14  208.0 2316.2   8.30    0.0    0.0  0.00 200 200
2019-02-06T02_36_04 914 11.14  208.0 2316.2   8.30    0.0    0.0  0.00 200 200
2019-02-06T02_37_04 939 11.14  208.4 2320.7   8.30    0.0    0.0  0.00 200 200
2019-02-06T02_38_04 964 11.14  208.0 2316.2   8.30    0.0    0.0  0.00 200 200
2019-02-06T02_39_04 989 11.14  208.0 2316.2   8.30    0.0    0.0  0.00 200 200
2019-02-06T02_40_04 1014 11.14  208.0 2316.2   8.30    0.0    0.0  0.00 200 200
2019-02-06T02_41_04 1039 11.14  208.0 2316.2   8.30    0.0    0.0  0.00 200 200
2019-02-06T02_42_04 1064 11.14  208.8 2325.2   8.30    0.0    0.0  0.00 200 200
2019-02-06T02_43_04 1089 11.14  208.4 2320.7   8.30    0.0    0.0  0.00 200 200
2019-02-06T02_44_04 1114 11.14  208.4 2320.7   8.30    0.0    0.0  0.00 200 200
2019-02-06T02_45_05 1139 11.14  208.0 2316.2   8.30    0.0    0.0  0.00 200 200
2019-02-06T02_46_05 1164 11.14  208.0 2316.2   8.30    0.0    0.0  0.00 200 200
2019-02-06T02_47_05 1189 11.14  208.0 2316.2   8.30    0.0    0.0  0.00 200 200
2019-02-06T02_48_05 1214 11.14  208.0 2316.2   8.30    0.0    0.0  0.00 200 200
2019-02-06T02_49_05 1239 11.14  208.0 2316.2   8.30    0.0    0.0  0.00 200 200
2019-02-06T02_50_05 1264 11.14  208.0 2316.2   8.30    0.0    0.0  0.00 200 200
2019-02-06T02_51_05 1289 11.14  208.0 2316.2   8.30    0.0    0.0  0.00 200 200
2019-02-06T02_52_05 1314 11.14  208.0 2316.2   8.30    0.0    0.0  0.00 200 200
2019-02-06T02_53_05 1339 11.14  208.0 2316.2   8.30    0.0    0.0  0.00 200 200
2019-02-06T02_54_05 1364 11.14  208.0 2316.2   8.30    0.0    0.0  0.00 200 200
2019-02-06T02_55_05 1389 11.14  208.0 2316.2   8.30    0.0    0.0  0.00 200 200
2019-02-06T02_56_05 1414 11.14  208.0 2316.2   8.30    0.0    0.0  0.00 200 200
2019-02-06T02_57_06 1439 11.14  208.0 2316.2   8.30    0.0    0.0  0.00 200 200
2019-02-06T02_58_06 1464 11.14  208.0 2316.2   8.30    0.0    0.0  0.00 200 200
2019-02-06T02_59_06 1489 11.14  208.0 2316.2   8.30    0.0    0.0  0.00 200 200
2019-02-06T03_00_06 1514 11.14  208.0 2316.2   8.30    0.0    0.0  0.00 200 200