2019-02-06T16_02_21 21039 11.14  207.6 2313.4   8.30    0.0    0.0  0.00 200 200
2019-02-06T16_03_22 21064 11.14  207.6 2313.4   8.30    0.0    0.0  0.00 200 200
2019-02-06T16_04_22 21089 11.14  207.2 2309.0   8.30    0.0    0.0  0.00 200 200
2019-02-06T16_05_22 21114 11.14  207.6 2313.4   8.30    0.0    0.0  0.00 200 200
2019-02-06T16_06_22 21139 11.14  207.2 2309.0   8.30    0.0    0.0  0.00 200 200
2019-02-06T16_07_22 21164 11.14  207.6 2313.4   8.30    0.0    0.0  0.00 200 200
2019-02-06T16_08_22 21189 11.14  207.6 2313.4   8.30    0.0    0.0  0.00 200 200
2019-02-06T16_09_22 21214 11.14  207.2 2309.0   8.30    0.0    0.0  0.00 200 200
2019-02-06T16_10_22 21239 11.14  207.2 2309.0   8.30    0.0    0.0  0.00 200 200
2019-02-06T16_11_22 21264 11.14  207.2 2309.0   8.30    0.0    0.0  0.00 200 200
2019-02-06T16_12_23 21289 11.14  207.2 2309.0   8.30    0.0    0.0  0.00 200 200
2019-02-06T16_13_23 21314 11.14  207.2 2309.0   8.30    0.0    0.0  0.00 200 200
2019-02-06T16_14_23 21339 11.14  207.2 2309.0   8.30    0.0    0.0  0.00 200 200
2019-02-06T16_15_23 21364 11.14  207.2 2309.0   8.30    0.0    0.0  0.00 200 200
2019-02-06T16_16_23 21389 11.14  207.2 2309.0   8.30    0.0    0.0  0.00 200 200
2019-02-06T16_17_23 21414 11.14  207.2 2309.0   8.30    0.0    0.0  0.00 200 200
2019-02-06T16_18_23 21439 11.14  207.2 2309.0   8.30    0.0    0.0  0.00 200 200
2019-02-06T16_19_23 21464 11.14  207.2 2309.0   8.30    0.0    0.0  0.00 200 200
2019-02-06T16_20_23 21489 11.14  207.2 2309.0   8.30    0.0    0.0  0.00 200 200
2019-02-06T16_21_23 21514 11.14  207.2 2309.0   8.30    0.0    0.0  0.00 200 200
2019-02-06T16_22_24 21539 11.14  208.4 2322.4   8.30    0.0    0.0  0.00 200 200
2019-02-06T16_23_24 21564 11.14  207.6 2313.4   8.30    0.0    0.0  0.00 200 200
2019-02-06T16_24_24 21589 11.14  207.6 2313.4   8.30    0.0    0.0  0.00 200 200
2019-02-06T16_25_24 21614 11.14  207.2 2309.0   8.30    0.0    0.0  0.00 200 200
2019-02-06T16_26_24 21639 11.14  207.2 2309.0   8.30    0.0    0.0  0.00 200 200
2019-02-06T16_27_24 21664 11.14  207.2 2309.0   8.30    0.0    0.0  0.00 200 200
2019-02-06T16_28_24 21689 11.14  207.2 2309.0   8.30    0.0    0.0  0.00 200 200
2019-02-06T16_29_24 21714 11.14  207.2 2309.0   8.30    0.0    0.0  0.00 200 200
2019-02-06T16_30_24 21739 11.14  207.2 2309.0   8.30    0.0    0.0  0.00 200 200
2019-02-06T16_31_25 21764 11.14  207.2 2309.0   8.30    0.0    0.0  0.00 200 200
2019-02-06T16_32_25 21789 11.14  207.2 2309.0   8.30    0.0    0.0  0.00 200 200
2019-02-06T16_33_25 21814 11.14  207.2 2309.0   8.30    0.0    0.0  0.00 200 200
2019-02-06T16_34_25 21839 11.14  207.2 2309.0   8.30    0.0    0.0  0.00 200 200
2019-02-06T16_35_25 21864 11.14  207.2 2309.0   8.30    0.0    0.0  0.00 200 200
2019-02-06T16_36_25 21889 11.14  207.2 2309.0   8.30    0.0    0.0  0.00 200 200
2019-02-06T16_37_25 21914 11.14  207.2 2309.0   8.30    0.0    0.0  0.00 200 200
2019-02-06T16_38_25 21939 11.14  207.2 2309.0   8.30    0.0    0.0  0.00 200 200
2019-02-06T16_39_25 21964 11.14  207.2 2309.0   8.30    0.0    0.0  0.00 200 200
2019-02-06T16_40_26 21989 11.14  207.2 2309.0   8.30    0.0    0.0  0.00 200 200
2019-02-06T16_41_26 22014 11.14  207.2 2309.0   8.30    0.0    0.0  0.00 200 200
2019-02-06T16_42_26 22039 11.14  207.2 2309.0   8.30    0.0    0.0  0.00 200 200
2019-02-06T16_43_26 22064 11.14  207.2 2309.0   8.30    0.0    0.0  0.00 200 200
2019-02-06T16_44_26 22089 11.14  207.2 2309.0   8.30    0.0    0.0  0.00 200 200
2019-02-06T16_45_26 22114 11.14  208.0 2317.9   8.30    0.0    0.0  0.00 200 200
2019-02-06T16_46_26 22139 11.14  207.6 2313.4   8.30    0.0    0.0  0.00 200 200
2019-02-06T16_47_26 22164 11.14  207.6 2313.4   8.30    0.0    0.0  0.00 200 200
2019-02-06T16_48_26 22189 11.14  207.6 2313.4   8.30    0.0    0.0  0.00 200 200
2019-02-06T16_49_27 22214 11.14  207.2 2309.0   8.30    0.0    0.0  0.00 200 200
2019-02-06T16_50_27 22239 11.14  207.2 2309.0   8.30    0.0    0.0  0.00 200 200
2019-02-06T16_51_27 22264 11.14  207.2 2309.0   8.30    0.0    0.0  0.00 200 200
2019-02-06T16_52_27 22289 11.14  207.2 2309.0   8.30    0.0    0.0  0.00 200 200
2019-02-06T16_53_27 22314 11.14  207.2 2309.0   8.30    0.0    0.0  0.00 200 200
2019-02-06T16_54_27 22339 11.14  207.2 2309.0   8.30    0.0    0.0  0.00 200 200
2019-02-06T16_55_27 22364 11.14  207.2 2309.0   8.30    0.0    0.0  0.00 200 200
2019-02-06T16_56_27 22389 11.14  207.2 2309.0   8.30    0.0    0.0  0.00 200 200
2019-02-06T16_57_27 22414 11.14  207.2 2309.0   8.30    0.0    0.0  0.00 200 200
2019-02-06T16_58_28 22439 11.14  207.2 2309.0   8.30    0.0    0.0  0.00 200 200
2019-02-06T16_59_28 22464 11.14  207.2 2309.0   8.30    0.0    0.0  0.00 200 200
2019-02-06T17_00_28 22489 11.14  207.2 2309.0   8.30    0.0    0.0  0.00 200 200
2019-02-06T17_01_28 22514 11.14  207.2 2309.0   8.30    0.0    0.0  0.00 200 200