2019-02-05T22_27_16 31893 11.14  208.0 2317.9   8.08    0.0    0.0  0.00 195 195
2019-02-05T22_28_16 31918 11.14  208.0 2317.9   8.08    0.0    0.0  0.00 195 195
2019-02-05T22_29_16 31943 11.14  208.0 2317.9   8.08    0.0    0.0  0.00 195 195
2019-02-05T22_30_16 31968 11.14  208.0 2317.9   8.08    0.0    0.0  0.00 195 195
2019-02-05T22_31_16 31993 11.14  208.0 2317.9   8.08    0.0    0.0  0.00 195 195
2019-02-05T22_32_16 32018 11.14  208.0 2317.9   8.08    0.0    0.0  0.00 195 195
2019-02-05T22_33_16 32043 11.14  208.0 2317.9   8.08    0.0    0.0  0.00 195 195
2019-02-05T22_34_17 32068 11.14  208.0 2317.9   8.08    0.0    0.0  0.00 195 195
2019-02-05T22_35_17 32093 11.14  208.0 2317.9   8.08    0.0    0.0  0.00 195 195
2019-02-05T22_36_17 32118 11.14  209.6 2335.7   8.07    0.0    0.0  0.00 195 195
2019-02-05T22_37_17 32143 11.14  208.8 2326.8   8.07    0.0    0.0  0.00 195 195
2019-02-05T22_38_17 32168 11.14  208.4 2322.4   8.07    0.0    0.0  0.00 195 195
2019-02-05T22_39_17 32193 11.14  208.4 2322.4   8.07    0.0    0.0  0.00 195 195
2019-02-05T22_40_17 32218 11.14  208.4 2322.4   8.08    0.0    0.0  0.00 195 195
2019-02-05T22_41_17 32243 11.14  208.4 2322.4   8.08    0.0    0.0  0.00 195 195
2019-02-05T22_42_17 32268 11.14  208.4 2322.4   8.08    0.0    0.0  0.00 195 195
2019-02-05T22_43_18 32293 11.14  208.4 2322.4   8.08    0.0    0.0  0.00 195 195
2019-02-05T22_44_18 32318 11.14  208.0 2317.9   8.07    0.0    0.0  0.00 195 195
2019-02-05T22_45_18 32343 11.14  208.0 2317.9   8.08    0.0    0.0  0.00 195 195
2019-02-05T22_46_18 32368 11.14  208.0 2317.9   8.07    0.0    0.0  0.00 195 195
2019-02-05T22_47_18 32393 11.14  208.4 2322.4   8.07    0.0    0.0  0.00 195 195
2019-02-05T22_48_18 32418 11.14  208.0 2317.9   8.08    0.0    0.0  0.00 195 195
2019-02-05T22_49_18 32443 11.14  208.0 2317.9   8.08    0.0    0.0  0.00 195 195
2019-02-05T22_50_18 32468 11.14  208.0 2317.9   8.08    0.0    0.0  0.00 195 195
2019-02-05T22_51_18 32493 11.14  208.0 2317.9   8.08    0.0    0.0  0.00 195 195
2019-02-05T22_52_19 32518 11.14  208.0 2317.9   8.08    0.0    0.0  0.00 195 195
2019-02-05T22_53_19 32543 11.14  208.4 2322.4   8.08    0.0    0.0  0.00 195 195
2019-02-05T22_54_19 32568 11.14  208.0 2317.9   8.08    0.0    0.0  0.00 195 195
2019-02-05T22_55_19 32593 11.14  208.0 2317.9   8.08    0.0    0.0  0.00 195 195
2019-02-05T22_56_19 32618 11.14  208.0 2317.9   8.07    0.0    0.0  0.00 195 195
2019-02-05T22_57_19 32643 11.14  208.0 2317.9   8.08    0.0    0.0  0.00 195 195
2019-02-05T22_58_19 32668 11.14  208.0 2317.9   8.08    0.0    0.0  0.00 195 195
2019-02-05T22_59_19 32693 11.14  209.2 2331.3   8.07    0.0    0.0  0.00 195 195
2019-02-05T23_00_19 32718 11.14  208.4 2322.4   8.07    0.0    0.0  0.00 195 195
2019-02-05T23_01_19 32743 11.14  208.4 2322.4   8.07    0.0    0.0  0.00 195 195
2019-02-05T23_02_20 -32768 11.14  208.4 2322.4   8.07    0.0    0.0  0.00 195 195
2019-02-05T23_03_20 -32743 11.14  208.4 2322.4   8.07    0.0    0.0  0.00 195 195
2019-02-05T23_04_20 -32718 11.14  208.0 2317.9   8.07    0.0    0.0  0.00 195 195
2019-02-05T23_05_20 -32693 11.14  208.0 2317.9   8.07    0.0    0.0  0.00 195 195
2019-02-05T23_06_20 -32668 11.14  208.0 2317.9   8.08    0.0    0.0  0.00 195 195
2019-02-05T23_07_20 -32643 11.14  208.0 2317.9   8.08    0.0    0.0  0.00 195 195
2019-02-05T23_08_20 -32618 11.14  208.0 2317.9   8.07    0.0    0.0  0.00 195 195
2019-02-05T23_09_21 -32593 11.14  208.0 2317.9   8.07    0.0    0.0  0.00 195 195
2019-02-05T23_10_21 -32568 11.14  208.0 2317.9   8.08    0.0    0.0  0.00 195 195
2019-02-05T23_11_21 -32543 11.14  208.0 2317.9   8.08    0.0    0.0  0.00 195 195
2019-02-05T23_12_21 -32518 11.14  208.4 2322.4   8.07    0.0    0.0  0.00 195 195
2019-02-05T23_13_21 -32493 11.14  208.0 2317.9   8.08    0.0    0.0  0.00 195 195
2019-02-05T23_14_21 -32468 11.14  208.4 2322.4   8.07    0.0    0.0  0.00 195 195
2019-02-05T23_15_21 -32443 11.14  208.0 2317.9   8.07    0.0    0.0  0.00 195 195
2019-02-05T23_16_21 -32418 11.14  209.2 2331.3   8.07    0.0    0.0  0.00 195 195
2019-02-05T23_17_22 -32393 11.14  208.8 2326.8   8.07    0.0    0.0  0.00 195 195
2019-02-05T23_18_22 -32368 11.14  208.4 2322.4   8.07    0.0    0.0  0.00 195 195
2019-02-05T23_19_22 -32343 11.14  208.4 2322.4   8.07    0.0    0.0  0.00 195 195
2019-02-05T23_20_22 -32318 11.14  208.4 2322.4   8.07    0.0    0.0  0.00 195 195
2019-02-05T23_21_22 -32293 11.14  208.4 2322.4   8.07    0.0    0.0  0.00 195 195
2019-02-05T23_22_22 -32268 11.14  208.4 2322.4   8.07    0.0    0.0  0.00 195 195
2019-02-05T23_23_22 -32243 11.14  208.4 2322.4   8.07    0.0    0.0  0.00 195 195
2019-02-05T23_24_23 -32218 11.14  208.4 2322.4   8.07    0.0    0.0  0.00 195 195
2019-02-05T23_25_23 -32193 11.14  208.4 2322.4   8.07    0.0    0.0  0.00 195 195
2019-02-05T23_26_23 -32168 11.14  208.4 2322.4   8.07    0.0    0.0  0.00 195 195