2019-02-06T17_02_28 22539 11.14  207.2 2309.0   8.30    0.0    0.0  0.00 200 200
2019-02-06T17_03_28 22564 11.14  207.2 2309.0   8.30    0.0    0.0  0.00 200 200
2019-02-06T17_04_28 22589 11.14  207.2 2309.0   8.30    0.0    0.0  0.00 200 200
2019-02-06T17_05_28 22614 11.14  207.2 2309.0   8.30    0.0    0.0  0.00 200 200
2019-02-06T17_06_28 22639 11.14  207.2 2309.0   8.30    0.0    0.0  0.00 200 200
2019-02-06T17_07_28 22664 11.14  207.2 2309.0   8.30    0.0    0.0  0.00 200 200
2019-02-06T17_08_29 22689 11.14  208.0 2317.9   8.30    0.0    0.0  0.00 200 200
2019-02-06T17_09_29 22714 11.14  207.6 2313.4   8.30    0.0    0.0  0.00 200 200
2019-02-06T17_10_29 22739 11.14  207.2 2309.0   8.30    0.0    0.0  0.00 200 200
2019-02-06T17_11_29 22764 11.14  207.2 2309.0   8.30    0.0    0.0  0.00 200 200
2019-02-06T17_12_29 22789 11.14  207.6 2313.4   8.30    0.0    0.0  0.00 200 200
2019-02-06T17_13_29 22814 11.14  207.2 2309.0   8.30    0.0    0.0  0.00 200 200
2019-02-06T17_14_29 22839 11.14  207.2 2309.0   8.30    0.0    0.0  0.00 200 200
2019-02-06T17_15_29 22864 11.14  207.2 2309.0   8.30    0.0    0.0  0.00 200 200
2019-02-06T17_16_29 22889 11.14  207.2 2309.0   8.30    0.0    0.0  0.00 200 200
2019-02-06T17_17_30 22914 11.14  207.2 2309.0   8.30    0.0    0.0  0.00 200 200
2019-02-06T17_18_30 22939 11.14  207.2 2309.0   8.30    0.0    0.0  0.00 200 200
2019-02-06T17_19_30 22964 11.14  207.2 2309.0   8.30    0.0    0.0  0.00 200 200
2019-02-06T17_20_30 22989 11.14  207.2 2309.0   8.30    0.0    0.0  0.00 200 200
2019-02-06T17_21_30 23014 11.14  207.2 2309.0   8.30    0.0    0.0  0.00 200 200
2019-02-06T17_22_30 23039 11.14  207.2 2309.0   8.30    0.0    0.0  0.00 200 200
2019-02-06T17_23_30 23064 11.14  207.2 2309.0   8.30    0.0    0.0  0.00 200 200
2019-02-06T17_24_30 23089 11.14  207.2 2309.0   8.30    0.0    0.0  0.00 200 200
2019-02-06T17_25_30 23114 11.14  207.2 2309.0   8.30    0.0    0.0  0.00 200 200
2019-02-06T17_26_31 23139 11.14  207.2 2309.0   8.30    0.0    0.0  0.00 200 200
2019-02-06T17_27_31 23164 11.14  207.2 2309.0   8.30    0.0    0.0  0.00 200 200
2019-02-06T17_28_31 23189 11.14  207.2 2309.0   8.30    0.0    0.0  0.00 200 200
2019-02-06T17_29_31 23214 11.14  207.2 2309.0   8.30    0.0    0.0  0.00 200 200
2019-02-06T17_30_31 23239 11.14  207.2 2309.0   8.30    0.0    0.0  0.00 200 200
2019-02-06T17_31_31 23264 11.14  208.4 2322.4   8.30    0.0    0.0  0.00 200 200
2019-02-06T17_32_31 23289 11.14  207.6 2313.4   8.30    0.0    0.0  0.00 200 200
2019-02-06T17_33_31 23314 11.14  207.6 2313.4   8.30    0.0    0.0  0.00 200 200
2019-02-06T17_34_31 23339 11.14  207.2 2309.0   8.30    0.0    0.0  0.00 200 200
2019-02-06T17_35_32 23364 11.14  207.2 2309.0   8.30    0.0    0.0  0.00 200 200
2019-02-06T17_36_32 23389 11.14  207.2 2309.0   8.30    0.0    0.0  0.00 200 200
2019-02-06T17_37_32 23414 11.14  207.2 2309.0   8.30    0.0    0.0  0.00 200 200
2019-02-06T17_38_32 23439 11.14  207.2 2309.0   8.30    0.0    0.0  0.00 200 200
2019-02-06T17_39_32 23464 11.14  207.2 2309.0   8.30    0.0    0.0  0.00 200 200
2019-02-06T17_40_32 23489 11.14  207.6 2313.4   8.30    0.0    0.0  0.00 200 200
2019-02-06T17_41_32 23514 11.14  207.2 2309.0   8.30    0.0    0.0  0.00 200 200
2019-02-06T17_42_32 23539 11.14  207.2 2309.0   8.30    0.0    0.0  0.00 200 200
2019-02-06T17_43_32 23564 11.14  207.2 2309.0   8.30    0.0    0.0  0.00 200 200
2019-02-06T17_44_32 23589 11.14  207.2 2309.0   8.30    0.0    0.0  0.00 200 200
2019-02-06T17_45_33 23614 11.14  207.2 2309.0   8.30    0.0    0.0  0.00 200 200
2019-02-06T17_46_33 23639 11.14  207.2 2309.0   8.30    0.0    0.0  0.00 200 200
2019-02-06T17_47_33 23664 11.14  207.2 2309.0   8.30    0.0    0.0  0.00 200 200
2019-02-06T17_48_33 23689 11.14  207.2 2309.0   8.30    0.0    0.0  0.00 200 200
2019-02-06T17_49_33 23714 11.14  207.2 2309.0   8.30    0.0    0.0  0.00 200 200
2019-02-06T17_50_33 23739 11.14  207.2 2309.0   8.30    0.0    0.0  0.00 200 200
2019-02-06T17_51_33 23764 11.14  207.2 2309.0   8.30    0.0    0.0  0.00 200 200
2019-02-06T17_52_33 23789 11.14  207.2 2309.0   8.30    0.0    0.0  0.00 200 200
2019-02-06T17_53_33 23814 11.14  207.2 2309.0   8.30    0.0    0.0  0.00 200 200
2019-02-06T17_54_34 23839 11.14  208.4 2320.7   8.30    0.0    0.0  0.00 200 200
2019-02-06T17_55_34 23864 11.14  207.6 2313.4   8.30    0.0    0.0  0.00 200 200
2019-02-06T17_56_34 23889 11.14  207.6 2313.4   8.30    0.0    0.0  0.00 200 200
2019-02-06T17_57_34 23914 11.14  207.2 2309.0   8.30    0.0    0.0  0.00 200 200
2019-02-06T17_58_34 23939 11.14  207.6 2313.4   8.30    0.0    0.0  0.00 200 200
2019-02-06T17_59_34 23964 11.14  207.2 2309.0   8.30    0.0    0.0  0.00 200 200
2019-02-06T18_00_34 23989 11.14  207.2 2309.0   8.30    0.0    0.0  0.00 200 200
2019-02-06T18_01_34 24014 11.14  207.2 2309.0   8.30    0.0    0.0  0.00 200 200