2019-02-06T10_01_42 12039 11.14  207.2 2309.0   8.30    0.0    0.0  0.00 200 200
2019-02-06T10_02_43 12064 11.14  207.2 2309.0   8.30    0.0    0.0  0.00 200 200
2019-02-06T10_03_43 12089 11.14  207.6 2313.4   8.30    0.0    0.0  0.00 200 200
2019-02-06T10_04_43 12114 11.14  208.0 2317.9   8.30    0.0    0.0  0.00 200 200
2019-02-06T10_05_43 12139 11.14  208.0 2317.9   8.30    0.0    0.0  0.00 200 200
2019-02-06T10_06_43 12164 11.14  207.6 2313.4   8.30    0.0    0.0  0.00 200 200
2019-02-06T10_07_43 12189 11.14  207.6 2313.4   8.30    0.0    0.0  0.00 200 200
2019-02-06T10_08_43 12214 11.14  207.6 2313.4   8.30    0.0    0.0  0.00 200 200
2019-02-06T10_09_43 12239 11.14  207.2 2309.0   8.30    0.0    0.0  0.00 200 200
2019-02-06T10_10_43 12264 11.14  208.0 2317.9   8.30    0.0    0.0  0.00 200 200
2019-02-06T10_11_44 12289 11.14  207.6 2313.4   8.30    0.0    0.0  0.00 200 200
2019-02-06T10_12_44 12314 11.14  207.6 2313.4   8.30    0.0    0.0  0.00 200 200
2019-02-06T10_13_44 12339 11.14  207.2 2309.0   8.30    0.0    0.0  0.00 200 200
2019-02-06T10_14_44 12364 11.14  207.2 2309.0   8.30    0.0    0.0  0.00 200 200
2019-02-06T10_15_44 12389 11.14  207.2 2309.0   8.30    0.0    0.0  0.00 200 200
2019-02-06T10_16_44 12414 11.14  207.2 2309.0   8.30    0.0    0.0  0.00 200 200
2019-02-06T10_17_44 12439 11.14  207.2 2309.0   8.30    0.0    0.0  0.00 200 200
2019-02-06T10_18_44 12464 11.14  207.2 2309.0   8.30    0.0    0.0  0.00 200 200
2019-02-06T10_19_44 12489 11.14  207.2 2309.0   8.30    0.0    0.0  0.00 200 200
2019-02-06T10_20_45 12514 11.14  207.2 2309.0   8.30    0.0    0.0  0.00 200 200
2019-02-06T10_21_45 12539 11.14  207.2 2309.0   8.30    0.0    0.0  0.00 200 200
2019-02-06T10_22_45 12564 11.14  207.2 2309.0   8.30    0.0    0.0  0.00 200 200
2019-02-06T10_23_45 12589 11.14  207.2 2309.0   8.30    0.0    0.0  0.00 200 200
2019-02-06T10_24_45 12614 11.14  207.2 2309.0   8.30    0.0    0.0  0.00 200 200
2019-02-06T10_25_45 12639 11.14  207.2 2309.0   8.30    0.0    0.0  0.00 200 200
2019-02-06T10_26_45 12664 11.14  207.2 2309.0   8.30    0.0    0.0  0.00 200 200
2019-02-06T10_27_45 12689 11.14  207.2 2309.0   8.30    0.0    0.0  0.00 200 200
2019-02-06T10_28_45 12714 11.14  207.2 2309.0   8.30    0.0    0.0  0.00 200 200
2019-02-06T10_29_46 12739 11.14  207.2 2309.0   8.30    0.0    0.0  0.00 200 200
2019-02-06T10_30_46 12764 11.14  207.2 2309.0   8.30    0.0    0.0  0.00 200 200
2019-02-06T10_31_46 12789 11.14  207.2 2309.0   8.30    0.0    0.0  0.00 200 200
2019-02-06T10_32_46 12814 11.14  207.2 2309.0   8.30    0.0    0.0  0.00 200 200
2019-02-06T10_33_46 12839 11.14  208.0 2317.9   8.30    0.0    0.0  0.00 200 200
2019-02-06T10_34_46 12864 11.14  207.6 2313.4   8.30    0.0    0.0  0.00 200 200
2019-02-06T10_35_46 12889 11.14  207.6 2313.4   8.30    0.0    0.0  0.00 200 200
2019-02-06T10_36_46 12914 11.14  207.6 2313.4   8.30    0.0    0.0  0.00 200 200
2019-02-06T10_37_46 12939 11.14  207.2 2309.0   8.30    0.0    0.0  0.00 200 200
2019-02-06T10_38_46 12964 11.14  207.2 2309.0   8.30    0.0    0.0  0.00 200 200
2019-02-06T10_39_47 12989 11.14  207.2 2309.0   8.30    0.0    0.0  0.00 200 200
2019-02-06T10_40_47 13014 11.14  207.2 2309.0   8.30    0.0    0.0  0.00 200 200
2019-02-06T10_41_47 13039 11.14  207.2 2309.0   8.30    0.0    0.0  0.00 200 200
2019-02-06T10_42_47 13064 11.14  207.2 2309.0   8.30    0.0    0.0  0.00 200 200
2019-02-06T10_43_47 13089 11.14  207.2 2309.0   8.30    0.0    0.0  0.00 200 200
2019-02-06T10_44_47 13114 11.14  207.2 2309.0   8.30    0.0    0.0  0.00 200 200
2019-02-06T10_45_47 13139 11.14  207.2 2309.0   8.30    0.0    0.0  0.00 200 200
2019-02-06T10_46_47 13164 11.14  207.2 2309.0   8.30    0.0    0.0  0.00 200 200
2019-02-06T10_47_47 13189 11.14  207.2 2309.0   8.30    0.0    0.0  0.00 200 200
2019-02-06T10_48_48 13214 11.14  207.2 2309.0   8.30    0.0    0.0  0.00 200 200
2019-02-06T10_49_48 13239 11.14  207.6 2313.4   8.30    0.0    0.0  0.00 200 200
2019-02-06T10_50_48 13264 11.14  207.2 2309.0   8.30    0.0    0.0  0.00 200 200
2019-02-06T10_51_48 13289 11.14  207.2 2309.0   8.30    0.0    0.0  0.00 200 200
2019-02-06T10_52_48 13314 11.14  207.2 2309.0   8.30    0.0    0.0  0.00 200 200
2019-02-06T10_53_48 13339 11.14  207.2 2309.0   8.30    0.0    0.0  0.00 200 200
2019-02-06T10_54_48 13364 11.14  207.6 2313.4   8.30    0.0    0.0  0.00 200 200
2019-02-06T10_55_48 13389 11.14  207.2 2309.0   8.30    0.0    0.0  0.00 200 200
2019-02-06T10_56_48 13414 11.14  208.0 2317.9   8.30    0.0    0.0  0.00 200 200
2019-02-06T10_57_49 13439 11.14  208.0 2317.9   8.30    0.0    0.0  0.00 200 200
2019-02-06T10_58_49 13464 11.14  207.6 2313.4   8.30    0.0    0.0  0.00 200 200
2019-02-06T10_59_49 13489 11.14  207.2 2309.0   8.30    0.0    0.0  0.00 200 200
2019-02-06T11_00_49 13514 11.14  207.2 2309.0   8.30    0.0    0.0  0.00 200 200