2019-02-02T10_46_56 15986 11.03  214.4 2365.2   7.79    0.0    0.0  0.00 190 190
2019-02-02T10_47_56 16011 11.03  214.4 2365.2   7.79    0.0    0.0  0.00 190 190
2019-02-02T10_48_56 16036 11.03  214.4 2365.2   7.79    0.0    0.0  0.00 190 190
2019-02-02T10_49_56 16061 11.03  214.4 2365.2   7.79    0.0    0.0  0.00 190 190
2019-02-02T10_50_56 16086 11.03  214.4 2365.2   7.79    0.0    0.0  0.00 190 190
2019-02-02T10_51_56 16111 11.03  214.4 2365.2   7.79    0.0    0.0  0.00 190 190
2019-02-02T10_52_57 16136 11.03  214.4 2365.2   7.79    0.0    0.0  0.00 190 190
2019-02-02T10_53_57 16161 11.03  214.0 2360.8   7.79    0.0    0.0  0.00 190 190
2019-02-02T10_54_57 16186 11.03  214.0 2360.8   7.79    0.0    0.0  0.00 190 190
2019-02-02T10_55_57 16211 11.03  213.6 2356.4   7.79    0.0    0.0  0.00 190 190
2019-02-02T10_56_57 16236 11.03  213.6 2356.4   7.79    0.0    0.0  0.00 190 190
2019-02-02T10_57_57 16261 11.03  213.6 2356.4   7.79    0.0    0.0  0.00 190 190
2019-02-02T10_58_57 16286 11.03  214.4 2365.2   7.79    0.0    0.0  0.00 190 190
2019-02-02T10_59_57 16311 11.03  214.0 2360.8   7.79    0.0    0.0  0.00 190 190
2019-02-02T11_00_57 16336 11.03  213.6 2356.4   7.79    0.0    0.0  0.00 190 190
2019-02-02T11_01_57 16361 11.03  213.2 2352.0   7.79    0.0    0.0  0.00 190 190
2019-02-02T11_02_58 16386 11.03  213.2 2352.0   7.79    0.0    0.0  0.00 190 190
2019-02-02T11_03_58 16411 11.03  213.2 2352.0   7.79    0.0    0.0  0.00 190 190
2019-02-02T11_04_58 16436 11.03  213.2 2352.0   7.79    0.0    0.0  0.00 190 190
2019-02-02T11_05_58 16461 11.03  213.2 2352.0   7.79    0.0    0.0  0.00 190 190
2019-02-02T11_06_58 16486 11.03  213.2 2352.0   7.79    0.0    0.0  0.00 190 190
2019-02-02T11_07_58 16511 11.03  213.2 2352.0   7.79    0.0    0.0  0.00 190 190
2019-02-02T11_08_58 16536 11.03  213.2 2352.0   7.79    0.0    0.0  0.00 190 190
2019-02-02T11_09_58 16561 11.03  213.2 2352.0   7.79    0.0    0.0  0.00 190 190
2019-02-02T11_10_58 16586 11.03  213.2 2352.0   7.79    0.0    0.0  0.00 190 190
2019-02-02T11_11_59 16611 11.03  213.2 2352.0   7.79    0.0    0.0  0.00 190 190
2019-02-02T11_12_59 16636 11.03  213.2 2352.0   7.79    0.0    0.0  0.00 190 190
2019-02-02T11_13_59 16661 11.03  213.2 2352.0   7.79    0.0    0.0  0.00 190 190
2019-02-02T11_14_59 16686 11.03  213.2 2352.0   7.79    0.0    0.0  0.00 190 190
2019-02-02T11_15_59 16711 11.03  213.2 2352.0   7.79    0.0    0.0  0.00 190 190
2019-02-02T11_16_59 16736 11.03  213.2 2352.0   7.79    0.0    0.0  0.00 190 190
2019-02-02T11_17_59 16761 11.03  213.2 2352.0   7.79    0.0    0.0  0.00 190 190
2019-02-02T11_18_59 16786 11.03  213.2 2352.0   7.79    0.0    0.0  0.00 190 190
2019-02-02T11_19_59 16811 11.03  213.2 2352.0   7.79    0.0    0.0  0.00 190 190
2019-02-02T11_21_00 16836 11.03  213.2 2352.0   7.79    0.0    0.0  0.00 190 190
2019-02-02T11_22_00 16861 11.03  213.2 2352.0   7.79    0.0    0.0  0.00 190 190
2019-02-02T11_23_00 16886 11.03  214.0 2360.8   7.79    0.0    0.0  0.00 190 190
2019-02-02T11_24_00 16911 11.03  213.6 2356.4   7.79    0.0    0.0  0.00 190 190
2019-02-02T11_25_00 16936 11.03  213.2 2352.0   7.79    0.0    0.0  0.00 190 190
2019-02-02T11_26_00 16961 11.03  213.2 2352.0   7.79    0.0    0.0  0.00 190 190
2019-02-02T11_27_00 16986 11.03  213.2 2352.0   7.79    0.0    0.0  0.00 190 190
2019-02-02T11_28_00 17011 11.03  213.2 2352.0   7.79    0.0    0.0  0.00 190 190
2019-02-02T11_29_00 17036 11.03  213.2 2352.0   7.79    0.0    0.0  0.00 190 190
2019-02-02T11_30_01 17061 11.03  213.2 2352.0   7.79    0.0    0.0  0.00 190 190
2019-02-02T11_31_01 17086 11.03  213.2 2352.0   7.79    0.0    0.0  0.00 190 190
2019-02-02T11_32_01 17111 11.03  214.0 2360.8   7.79    0.0    0.0  0.00 190 190
2019-02-02T11_33_01 17136 11.03  213.2 2352.0   7.79    0.0    0.0  0.00 190 190
2019-02-02T11_34_01 17161 11.03  213.2 2352.0   7.79    0.0    0.0  0.00 190 190
2019-02-02T11_35_01 17186 11.03  213.2 2352.0   7.79    0.0    0.0  0.00 190 190
2019-02-02T11_36_01 17211 11.03  213.2 2352.0   7.79    0.0    0.0  0.00 190 190
2019-02-02T11_37_01 17236 11.03  213.2 2352.0   7.79    0.0    0.0  0.00 190 190
2019-02-02T11_38_01 17261 11.03  213.2 2352.0   7.79    0.0    0.0  0.00 190 190
2019-02-02T11_39_01 17286 11.03  213.2 2352.0   7.79    0.0    0.0  0.00 190 190
2019-02-02T11_40_02 17311 11.03  213.2 2352.0   7.79    0.0    0.0  0.00 190 190
2019-02-02T11_41_02 17336 11.03  213.2 2352.0   7.79    0.0    0.0  0.00 190 190
2019-02-02T11_42_02 17361 11.03  213.2 2352.0   7.79    0.0    0.0  0.00 190 190
2019-02-02T11_43_02 17386 11.03  213.2 2352.0   7.79    0.0    0.0  0.00 190 190
2019-02-02T11_44_02 17411 11.03  213.6 2356.4   7.79    0.0    0.0  0.00 190 190
2019-02-02T11_45_02 17436 11.03  213.6 2356.4   7.79    0.0    0.0  0.00 190 190
2019-02-02T11_46_02 17461 11.02  227.2 2502.8   7.78    0.0    0.0  0.00 190 190