2019-02-08T23_45_43 -26606 11.15  205.6 2292.8   8.30    0.0    0.0  0.00 200 200
2019-02-08T23_46_43 -26581 11.15  205.6 2292.8   8.30    0.0    0.0  0.00 200 200
2019-02-08T23_47_43 -26556 11.15  205.6 2292.8   8.30    0.0    0.0  0.00 200 200
2019-02-08T23_48_43 -26531 11.15  205.6 2292.8   8.30    0.0    0.0  0.00 200 200
2019-02-08T23_49_43 -26506 11.15  205.6 2292.8   8.30    0.0    0.0  0.00 200 200
2019-02-08T23_50_43 -26481 11.15  205.6 2292.8   8.30    0.0    0.0  0.00 200 200
2019-02-08T23_51_43 -26456 11.15  205.6 2292.8   8.30    0.0    0.0  0.00 200 200
2019-02-08T23_52_43 -26431 11.15  205.6 2292.8   8.30    0.0    0.0  0.00 200 200
2019-02-08T23_53_44 -26406 11.15  205.6 2292.8   8.30    0.0    0.0  0.00 200 200
2019-02-08T23_54_44 -26381 11.15  207.2 2310.6   8.30    0.0    0.0  0.00 200 200
2019-02-08T23_55_44 -26356 11.15  206.4 2301.7   8.30    0.0    0.0  0.00 200 200
2019-02-08T23_56_44 -26331 11.15  205.6 2292.8   8.30    0.0    0.0  0.00 200 200
2019-02-08T23_57_44 -26306 11.15  205.6 2292.8   8.30    0.0    0.0  0.00 200 200
2019-02-08T23_58_44 -26281 11.15  206.0 2297.3   8.30    0.0    0.0  0.00 200 200
2019-02-08T23_59_44 -26256 11.15  206.0 2297.3   8.30    0.0    0.0  0.00 200 200
2019-02-09T00_00_45 -26231 11.15  206.0 2297.3   8.30    0.0    0.0  0.00 200 200
2019-02-09T00_01_45 -26206 11.15  205.6 2292.8   8.30    0.0    0.0  0.00 200 200
2019-02-09T00_02_45 -26181 11.15  205.6 2292.8   8.30    0.0    0.0  0.00 200 200
2019-02-09T00_03_45 -26156 11.15  205.6 2292.8   8.30    0.0    0.0  0.00 200 200
2019-02-09T00_04_45 -26131 11.15  205.6 2292.8   8.30    0.0    0.0  0.00 200 200
2019-02-09T00_05_45 -26106 11.15  205.6 2292.8   8.30    0.0    0.0  0.00 200 200
2019-02-09T00_06_45 -26081 11.15  205.6 2292.8   8.30    0.0    0.0  0.00 200 200
2019-02-09T00_07_45 -26056 11.15  205.6 2292.8   8.30    0.0    0.0  0.00 200 200
2019-02-09T00_08_46 -26031 11.15  205.6 2292.8   8.30    0.0    0.0  0.00 200 200
2019-02-09T00_09_46 -26006 11.15  205.6 2292.8   8.30    0.0    0.0  0.00 200 200
2019-02-09T00_10_46 -25981 11.15  205.6 2292.8   8.30    0.0    0.0  0.00 200 200
2019-02-09T00_11_46 -25956 11.15  206.0 2297.3   8.30    0.0    0.0  0.00 200 200
2019-02-09T00_12_46 -25931 11.15  206.0 2297.3   8.30    0.0    0.0  0.00 200 200
2019-02-09T00_13_46 -25906 11.15  205.6 2292.8   8.30    0.0    0.0  0.00 200 200
2019-02-09T00_14_46 -25881 11.15  205.6 2292.8   8.30    0.0    0.0  0.00 200 200
2019-02-09T00_15_47 -25856 11.15  205.6 2292.8   8.30    0.0    0.0  0.00 200 200
2019-02-09T00_16_47 -25831 11.15  205.6 2292.8   8.30    0.0    0.0  0.00 200 200
2019-02-09T00_17_47 -25806 11.15  205.6 2292.8   8.30    0.0    0.0  0.00 200 200
2019-02-09T00_18_47 -25781 11.15  205.6 2292.8   8.30    0.0    0.0  0.00 200 200
2019-02-09T00_19_47 -25756 11.14  205.6 2291.2   8.30    0.0    0.0  0.00 200 200
2019-02-09T00_20_47 -25731 11.15  205.6 2292.8   8.30    0.0    0.0  0.00 200 200
2019-02-09T00_21_47 -25706 11.15  205.6 2292.8   8.30    0.0    0.0  0.00 200 200
2019-02-09T00_22_47 -25681 11.15  205.6 2292.8   8.30    0.0    0.0  0.00 200 200
2019-02-09T00_23_48 -25656 11.15  205.6 2292.8   8.30    0.0    0.0  0.00 200 200
2019-02-09T00_24_48 -25631 11.15  205.6 2292.8   8.30    0.0    0.0  0.00 200 200
2019-02-09T00_25_48 -25606 11.15  205.6 2292.8   8.30    0.0    0.0  0.00 200 200
2019-02-09T00_26_48 -25581 11.14  205.6 2291.2   8.30    0.0    0.0  0.00 200 200
2019-02-09T00_27_48 -25556 11.14  206.4 2300.1   8.30    0.0    0.0  0.00 200 200
2019-02-09T00_28_48 -25531 11.14  206.0 2295.6   8.30    0.0    0.0  0.00 200 200
2019-02-09T00_29_48 -25506 11.14  205.6 2291.2   8.30    0.0    0.0  0.00 200 200
2019-02-09T00_30_49 -25481 11.14  205.6 2291.2   8.30    0.0    0.0  0.00 200 200
2019-02-09T00_31_49 -25456 11.14  205.6 2291.2   8.30    0.0    0.0  0.00 200 200
2019-02-09T00_32_49 -25431 11.14  205.6 2291.2   8.30    0.0    0.0  0.00 200 200
2019-02-09T00_33_49 -25406 11.14  205.6 2291.2   8.30    0.0    0.0  0.00 200 200
2019-02-09T00_34_49 -25381 11.14  205.6 2291.2   8.30    0.0    0.0  0.00 200 200
2019-02-09T00_35_49 -25356 11.14  205.6 2291.2   8.30    0.0    0.0  0.00 200 200
2019-02-09T00_36_49 -25331 11.14  205.6 2291.2   8.30    0.0    0.0  0.00 200 200
2019-02-09T00_37_49 -25306 11.14  205.6 2291.2   8.30    0.0    0.0  0.00 200 200
2019-02-09T00_38_50 -25281 11.14  205.6 2291.2   8.30    0.0    0.0  0.00 200 200
2019-02-09T00_39_50 -25256 11.14  205.6 2291.2   8.30    0.0    0.0  0.00 200 200
2019-02-09T00_40_50 -25231 11.14  205.6 2291.2   8.30    0.0    0.0  0.00 200 200
2019-02-09T00_41_50 -25206 11.14  205.6 2291.2   8.30    0.0    0.0  0.00 200 200
2019-02-09T00_42_50 -25181 11.14  206.0 2295.6   8.30    0.0    0.0  0.00 200 200
2019-02-09T00_43_50 -25156 11.14  205.6 2291.2   8.30    0.0    0.0  0.00 200 200
2019-02-09T00_44_50 -25131 11.14  206.8 2304.5   8.30    0.0    0.0  0.00 200 200