2019-02-06T13_02_02 16539 11.14  207.2 2309.0   8.30    0.0    0.0  0.00 200 200
2019-02-06T13_03_02 16564 11.14  207.2 2309.0   8.30    0.0    0.0  0.00 200 200
2019-02-06T13_04_02 16589 11.14  207.2 2309.0   8.30    0.0    0.0  0.00 200 200
2019-02-06T13_05_02 16614 11.14  207.2 2309.0   8.30    0.0    0.0  0.00 200 200
2019-02-06T13_06_02 16639 11.14  207.2 2309.0   8.30    0.0    0.0  0.00 200 200
2019-02-06T13_07_02 16664 11.14  207.2 2309.0   8.30    0.0    0.0  0.00 200 200
2019-02-06T13_08_03 16689 11.14  207.2 2309.0   8.30    0.0    0.0  0.00 200 200
2019-02-06T13_09_03 16714 11.14  207.2 2309.0   8.30    0.0    0.0  0.00 200 200
2019-02-06T13_10_03 16739 11.14  207.2 2309.0   8.30    0.0    0.0  0.00 200 200
2019-02-06T13_11_03 16764 11.14  207.6 2313.4   8.30    0.0    0.0  0.00 200 200
2019-02-06T13_12_03 16789 11.14  207.2 2309.0   8.30    0.0    0.0  0.00 200 200
2019-02-06T13_13_03 16814 11.14  207.2 2309.0   8.30    0.0    0.0  0.00 200 200
2019-02-06T13_14_03 16839 11.14  207.2 2309.0   8.30    0.0    0.0  0.00 200 200
2019-02-06T13_15_03 16864 11.14  207.2 2309.0   8.30    0.0    0.0  0.00 200 200
2019-02-06T13_16_03 16889 11.14  207.2 2309.0   8.30    0.0    0.0  0.00 200 200
2019-02-06T13_17_04 16914 11.14  208.0 2317.9   8.30    0.0    0.0  0.00 200 200
2019-02-06T13_18_04 16939 11.14  207.6 2313.4   8.30    0.0    0.0  0.00 200 200
2019-02-06T13_19_04 16964 11.14  207.6 2313.4   8.30    0.0    0.0  0.00 200 200
2019-02-06T13_20_04 16989 11.14  207.2 2309.0   8.30    0.0    0.0  0.00 200 200
2019-02-06T13_21_04 17014 11.14  207.2 2309.0   8.30    0.0    0.0  0.00 200 200
2019-02-06T13_22_04 17039 11.14  207.2 2309.0   8.30    0.0    0.0  0.00 200 200
2019-02-06T13_23_04 17064 11.14  207.2 2309.0   8.30    0.0    0.0  0.00 200 200
2019-02-06T13_24_04 17089 11.14  207.6 2313.4   8.30    0.0    0.0  0.00 200 200
2019-02-06T13_25_04 17114 11.14  207.2 2309.0   8.30    0.0    0.0  0.00 200 200
2019-02-06T13_26_05 17139 11.14  207.2 2309.0   8.30    0.0    0.0  0.00 200 200
2019-02-06T13_27_05 17164 11.14  207.2 2309.0   8.30    0.0    0.0  0.00 200 200
2019-02-06T13_28_05 17189 11.14  207.2 2309.0   8.30    0.0    0.0  0.00 200 200
2019-02-06T13_29_05 17214 11.14  207.6 2313.4   8.30    0.0    0.0  0.00 200 200
2019-02-06T13_30_05 17239 11.14  207.2 2309.0   8.30    0.0    0.0  0.00 200 200
2019-02-06T13_31_05 17264 11.14  207.2 2309.0   8.30    0.0    0.0  0.00 200 200
2019-02-06T13_32_05 17289 11.14  207.2 2309.0   8.30    0.0    0.0  0.00 200 200
2019-02-06T13_33_05 17314 11.14  207.2 2309.0   8.30    0.0    0.0  0.00 200 200
2019-02-06T13_34_05 17339 11.14  207.6 2313.4   8.30    0.0    0.0  0.00 200 200
2019-02-06T13_35_06 17364 11.14  207.2 2309.0   8.30    0.0    0.0  0.00 200 200
2019-02-06T13_36_06 17389 11.14  207.2 2309.0   8.30    0.0    0.0  0.00 200 200
2019-02-06T13_37_06 17414 11.14  207.2 2309.0   8.30    0.0    0.0  0.00 200 200
2019-02-06T13_38_06 17439 11.14  207.2 2309.0   8.30    0.0    0.0  0.00 200 200
2019-02-06T13_39_06 17464 11.14  208.8 2326.8   8.30    0.0    0.0  0.00 200 200
2019-02-06T13_40_06 17489 11.14  207.6 2313.4   8.30    0.0    0.0  0.00 200 200
2019-02-06T13_41_06 17514 11.14  207.6 2313.4   8.30    0.0    0.0  0.00 200 200
2019-02-06T13_42_06 17539 11.14  207.6 2313.4   8.30    0.0    0.0  0.00 200 200
2019-02-06T13_43_06 17564 11.14  207.2 2309.0   8.30    0.0    0.0  0.00 200 200
2019-02-06T13_44_06 17589 11.14  207.2 2309.0   8.30    0.0    0.0  0.00 200 200
2019-02-06T13_45_07 17614 11.14  207.2 2309.0   8.30    0.0    0.0  0.00 200 200
2019-02-06T13_46_07 17639 11.14  207.2 2309.0   8.30    0.0    0.0  0.00 200 200
2019-02-06T13_47_07 17664 11.14  207.2 2309.0   8.30    0.0    0.0  0.00 200 200
2019-02-06T13_48_07 17689 11.14  207.2 2309.0   8.30    0.0    0.0  0.00 200 200
2019-02-06T13_49_07 17714 11.14  207.2 2309.0   8.30    0.0    0.0  0.00 200 200
2019-02-06T13_50_07 17739 11.14  207.2 2309.0   8.30    0.0    0.0  0.00 200 200
2019-02-06T13_51_07 17764 11.14  207.2 2309.0   8.30    0.0    0.0  0.00 200 200
2019-02-06T13_52_07 17789 11.14  207.2 2309.0   8.30    0.0    0.0  0.00 200 200
2019-02-06T13_53_07 17814 11.14  207.2 2309.0   8.30    0.0    0.0  0.00 200 200
2019-02-06T13_54_08 17839 11.14  207.2 2309.0   8.30    0.0    0.0  0.00 200 200
2019-02-06T13_55_08 17864 11.14  207.2 2309.0   8.30    0.0    0.0  0.00 200 200
2019-02-06T13_56_08 17889 11.14  207.2 2309.0   8.30    0.0    0.0  0.00 200 200
2019-02-06T13_57_08 17914 11.14  207.2 2309.0   8.30    0.0    0.0  0.00 200 200
2019-02-06T13_58_08 17939 11.14  207.2 2309.0   8.30    0.0    0.0  0.00 200 200
2019-02-06T13_59_08 17964 11.14  207.2 2309.0   8.30    0.0    0.0  0.00 200 200
2019-02-06T14_00_08 17989 11.14  207.2 2309.0   8.30    0.0    0.0  0.00 200 200
2019-02-06T14_01_08 18014 11.14  207.2 2309.0   8.30    0.0    0.0  0.00 200 200