2019-02-11T22_53_38 14358 11.14  206.0 2295.6   8.30    0.0    0.0  0.00 200 200
2019-02-11T22_54_38 14383 11.14  206.0 2295.6   8.30    0.0    0.0  0.00 200 200
2019-02-11T22_55_39 14408 11.14  206.0 2295.6   8.30    0.0    0.0  0.00 200 200
2019-02-11T22_56_39 14433 11.14  207.2 2309.0   8.30    0.0    0.0  0.00 200 200
2019-02-11T22_57_39 14458 11.14  206.4 2300.1   8.30    0.0    0.0  0.00 200 200
2019-02-11T22_58_39 14483 11.14  206.0 2295.6   8.30    0.0    0.0  0.00 200 200
2019-02-11T22_59_39 14508 11.14  206.0 2295.6   8.30    0.0    0.0  0.00 200 200
2019-02-11T23_00_39 14533 11.14  206.0 2295.6   8.30    0.0    0.0  0.00 200 200
2019-02-11T23_01_39 14558 11.14  206.0 2295.6   8.30    0.0    0.0  0.00 200 200
2019-02-11T23_02_39 14583 11.14  206.0 2295.6   8.30    0.0    0.0  0.00 200 200
2019-02-11T23_03_39 14608 11.14  206.0 2295.6   8.30    0.0    0.0  0.00 200 200
2019-02-11T23_04_40 14633 11.14  206.0 2295.6   8.30    0.0    0.0  0.00 200 200
2019-02-11T23_05_40 14658 11.14  206.0 2295.6   8.30    0.0    0.0  0.00 200 200
2019-02-11T23_06_40 14683 11.14  206.0 2295.6   8.30    0.0    0.0  0.00 200 200
2019-02-11T23_07_40 14708 11.14  206.0 2295.6   8.30    0.0    0.0  0.00 200 200
2019-02-11T23_08_40 14733 11.14  206.4 2300.1   8.30    0.0    0.0  0.00 200 200
2019-02-11T23_09_40 14758 11.14  206.0 2295.6   8.30    0.0    0.0  0.00 200 200
2019-02-11T23_10_40 14783 11.14  206.0 2295.6   8.30    0.0    0.0  0.00 200 200
2019-02-11T23_11_40 14808 11.14  206.0 2295.6   8.30    0.0    0.0  0.00 200 200
2019-02-11T23_12_40 14833 11.14  206.0 2295.6   8.30    0.0    0.0  0.00 200 200
2019-02-11T23_13_41 14858 11.14  206.0 2295.6   8.30    0.0    0.0  0.00 200 200
2019-02-11T23_14_41 14883 11.14  206.0 2295.6   8.30    0.0    0.0  0.00 200 200
2019-02-11T23_15_41 14908 11.14  206.0 2295.6   8.30    0.0    0.0  0.00 200 200
2019-02-11T23_16_41 14933 11.14  206.0 2295.6   8.30    0.0    0.0  0.00 200 200
2019-02-11T23_17_41 14958 11.14  206.0 2295.6   8.30    0.0    0.0  0.00 200 200
2019-02-11T23_18_41 14983 11.14  206.0 2295.6   8.30    0.0    0.0  0.00 200 200
2019-02-11T23_19_41 15008 11.14  206.8 2304.5   8.30    0.0    0.0  0.00 200 200
2019-02-11T23_20_41 15033 11.14  206.8 2304.5   8.30    0.0    0.0  0.00 200 200
2019-02-11T23_21_41 15058 11.14  206.4 2300.1   8.30    0.0    0.0  0.00 200 200
2019-02-11T23_22_42 15083 11.14  206.0 2295.6   8.30    0.0    0.0  0.00 200 200
2019-02-11T23_23_42 15108 11.14  206.0 2295.6   8.30    0.0    0.0  0.00 200 200
2019-02-11T23_24_42 15133 11.14  206.4 2300.1   8.30    0.0    0.0  0.00 200 200
2019-02-11T23_25_42 15158 11.14  206.0 2295.6   8.30    0.0    0.0  0.00 200 200
2019-02-11T23_26_42 15183 11.14  206.0 2295.6   8.30    0.0    0.0  0.00 200 200
2019-02-11T23_27_42 15208 11.14  206.0 2295.6   8.30    0.0    0.0  0.00 200 200
2019-02-11T23_28_42 15233 11.14  206.0 2295.6   8.30    0.0    0.0  0.00 200 200
2019-02-11T23_29_42 15258 11.14  206.4 2300.1   8.30    0.0    0.0  0.00 200 200
2019-02-11T23_30_42 15283 11.14  206.0 2295.6   8.30    0.0    0.0  0.00 200 200
2019-02-11T23_31_42 15308 11.14  206.0 2295.6   8.30    0.0    0.0  0.00 200 200
2019-02-11T23_32_43 15333 11.14  206.0 2295.6   8.30    0.0    0.0  0.00 200 200
2019-02-11T23_33_43 15358 11.14  206.0 2295.6   8.30    0.0    0.0  0.00 200 200
2019-02-11T23_34_43 15383 11.14  206.0 2295.6   8.30    0.0    0.0  0.00 200 200
2019-02-11T23_35_43 15408 11.14  206.0 2295.6   8.30    0.0    0.0  0.00 200 200
2019-02-11T23_36_43 15433 11.14  206.0 2295.6   8.30    0.0    0.0  0.00 200 200
2019-02-11T23_37_43 15458 11.14  206.0 2295.6   8.30    0.0    0.0  0.00 200 200
2019-02-11T23_38_43 15483 11.14  206.0 2295.6   8.30    0.0    0.0  0.00 200 200
2019-02-11T23_39_43 15508 11.14  206.0 2295.6   8.30    0.0    0.0  0.00 200 200
2019-02-11T23_40_43 15533 11.14  206.0 2295.6   8.30    0.0    0.0  0.00 200 200
2019-02-11T23_41_44 15558 11.14  206.0 2295.6   8.30    0.0    0.0  0.00 200 200
2019-02-11T23_42_44 15583 11.14  207.2 2309.0   8.30    0.0    0.0  0.00 200 200
2019-02-11T23_43_44 15608 11.14  206.4 2300.1   8.30    0.0    0.0  0.00 200 200
2019-02-11T23_44_44 15633 11.14  206.0 2295.6   8.30    0.0    0.0  0.00 200 200
2019-02-11T23_45_44 15658 11.14  206.4 2300.1   8.30    0.0    0.0  0.00 200 200
2019-02-11T23_46_44 15683 11.14  206.0 2295.6   8.30    0.0    0.0  0.00 200 200
2019-02-11T23_47_44 15708 11.14  206.0 2295.6   8.30    0.0    0.0  0.00 200 200
2019-02-11T23_48_44 15733 11.14  206.0 2295.6   8.30    0.0    0.0  0.00 200 200
2019-02-11T23_49_44 15758 11.14  206.0 2295.6   8.30    0.0    0.0  0.00 200 200
2019-02-11T23_50_45 15783 11.14  206.0 2295.6   8.30    0.0    0.0  0.00 200 200
2019-02-11T23_51_45 15808 11.14  206.0 2295.6   8.30    0.0    0.0  0.00 200 200
2019-02-11T23_52_45 15833 11.14  206.0 2295.6   8.30    0.0    0.0  0.00 200 200