2019-02-06T11_01_49 13539 11.14  207.2 2309.0   8.30    0.0    0.0  0.00 200 200
2019-02-06T11_02_49 13564 11.14  207.2 2309.0   8.30    0.0    0.0  0.00 200 200
2019-02-06T11_03_49 13589 11.14  207.2 2309.0   8.30    0.0    0.0  0.00 200 200
2019-02-06T11_04_49 13614 11.14  207.2 2309.0   8.30    0.0    0.0  0.00 200 200
2019-02-06T11_05_49 13639 11.14  207.2 2309.0   8.30    0.0    0.0  0.00 200 200
2019-02-06T11_06_50 13664 11.14  207.2 2309.0   8.30    0.0    0.0  0.00 200 200
2019-02-06T11_07_50 13689 11.14  207.2 2309.0   8.30    0.0    0.0  0.00 200 200
2019-02-06T11_08_50 13714 11.14  207.2 2309.0   8.30    0.0    0.0  0.00 200 200
2019-02-06T11_09_50 13739 11.14  207.2 2309.0   8.30    0.0    0.0  0.00 200 200
2019-02-06T11_10_50 13764 11.14  207.2 2309.0   8.30    0.0    0.0  0.00 200 200
2019-02-06T11_11_50 13789 11.14  207.2 2309.0   8.30    0.0    0.0  0.00 200 200
2019-02-06T11_12_50 13814 11.14  207.2 2309.0   8.30    0.0    0.0  0.00 200 200
2019-02-06T11_13_50 13839 11.14  207.2 2309.0   8.30    0.0    0.0  0.00 200 200
2019-02-06T11_14_50 13864 11.14  207.2 2309.0   8.30    0.0    0.0  0.00 200 200
2019-02-06T11_15_50 13889 11.14  207.2 2309.0   8.30    0.0    0.0  0.00 200 200
2019-02-06T11_16_51 13914 11.14  207.2 2309.0   8.30    0.0    0.0  0.00 200 200
2019-02-06T11_17_51 13939 11.14  207.2 2309.0   8.30    0.0    0.0  0.00 200 200
2019-02-06T11_18_51 13964 11.14  207.2 2309.0   8.30    0.0    0.0  0.00 200 200
2019-02-06T11_19_51 13989 11.14  208.0 2317.9   8.30    0.0    0.0  0.00 200 200
2019-02-06T11_20_51 14014 11.14  208.0 2317.9   8.30    0.0    0.0  0.00 200 200
2019-02-06T11_21_51 14039 11.14  207.6 2313.4   8.30    0.0    0.0  0.00 200 200
2019-02-06T11_22_51 14064 11.14  207.6 2313.4   8.30    0.0    0.0  0.00 200 200
2019-02-06T11_23_51 14089 11.14  207.2 2309.0   8.30    0.0    0.0  0.00 200 200
2019-02-06T11_24_51 14114 11.14  207.2 2309.0   8.30    0.0    0.0  0.00 200 200
2019-02-06T11_25_52 14139 11.14  207.2 2309.0   8.30    0.0    0.0  0.00 200 200
2019-02-06T11_26_52 14164 11.14  207.2 2309.0   8.30    0.0    0.0  0.00 200 200
2019-02-06T11_27_52 14189 11.14  207.2 2309.0   8.30    0.0    0.0  0.00 200 200
2019-02-06T11_28_52 14214 11.14  207.2 2309.0   8.30    0.0    0.0  0.00 200 200
2019-02-06T11_29_52 14239 11.14  207.2 2309.0   8.30    0.0    0.0  0.00 200 200
2019-02-06T11_30_52 14264 11.14  207.6 2313.4   8.30    0.0    0.0  0.00 200 200
2019-02-06T11_31_52 14289 11.14  207.2 2309.0   8.30    0.0    0.0  0.00 200 200
2019-02-06T11_32_52 14314 11.14  207.2 2309.0   8.30    0.0    0.0  0.00 200 200
2019-02-06T11_33_52 14339 11.14  207.2 2309.0   8.30    0.0    0.0  0.00 200 200
2019-02-06T11_34_53 14364 11.14  207.2 2309.0   8.30    0.0    0.0  0.00 200 200
2019-02-06T11_35_53 14389 11.14  207.2 2309.0   8.30    0.0    0.0  0.00 200 200
2019-02-06T11_36_53 14414 11.14  207.2 2309.0   8.30    0.0    0.0  0.00 200 200
2019-02-06T11_37_53 14439 11.14  207.2 2309.0   8.30    0.0    0.0  0.00 200 200
2019-02-06T11_38_53 14464 11.14  207.2 2309.0   8.30    0.0    0.0  0.00 200 200
2019-02-06T11_39_53 14489 11.14  207.2 2309.0   8.30    0.0    0.0  0.00 200 200
2019-02-06T11_40_53 14514 11.14  207.2 2309.0   8.30    0.0    0.0  0.00 200 200
2019-02-06T11_41_53 14539 11.14  207.2 2309.0   8.30    0.0    0.0  0.00 200 200
2019-02-06T11_42_53 14564 11.14  208.0 2317.9   8.30    0.0    0.0  0.00 200 200
2019-02-06T11_43_54 14589 11.14  208.0 2317.9   8.30    0.0    0.0  0.00 200 200
2019-02-06T11_44_54 14614 11.14  207.6 2313.4   8.30    0.0    0.0  0.00 200 200
2019-02-06T11_45_54 14639 11.14  207.6 2313.4   8.30    0.0    0.0  0.00 200 200
2019-02-06T11_46_54 14664 11.14  207.2 2309.0   8.30    0.0    0.0  0.00 200 200
2019-02-06T11_47_54 14689 11.14  207.2 2309.0   8.30    0.0    0.0  0.00 200 200
2019-02-06T11_48_54 14714 11.14  207.2 2309.0   8.30    0.0    0.0  0.00 200 200
2019-02-06T11_49_54 14739 11.14  207.2 2309.0   8.30    0.0    0.0  0.00 200 200
2019-02-06T11_50_54 14764 11.14  207.2 2309.0   8.30    0.0    0.0  0.00 200 200
2019-02-06T11_51_54 14789 11.14  207.2 2309.0   8.30    0.0    0.0  0.00 200 200
2019-02-06T11_52_54 14814 11.14  207.2 2309.0   8.30    0.0    0.0  0.00 200 200
2019-02-06T11_53_55 14839 11.14  207.2 2309.0   8.30    0.0    0.0  0.00 200 200
2019-02-06T11_54_55 14864 11.14  207.2 2309.0   8.30    0.0    0.0  0.00 200 200
2019-02-06T11_55_55 14889 11.14  207.2 2309.0   8.30    0.0    0.0  0.00 200 200
2019-02-06T11_56_55 14914 11.14  207.2 2309.0   8.30    0.0    0.0  0.00 200 200
2019-02-06T11_57_55 14939 11.14  207.2 2309.0   8.30    0.0    0.0  0.00 200 200
2019-02-06T11_58_55 14964 11.14  207.2 2309.0   8.30    0.0    0.0  0.00 200 200
2019-02-06T11_59_55 14989 11.14  207.2 2309.0   8.30    0.0    0.0  0.00 200 200
2019-02-06T12_00_55 15014 11.14  207.2 2309.0   8.30    0.0    0.0  0.00 200 200