2019-02-06T19_02_41 25539 11.14  207.2 2309.0   8.30    0.0    0.0  0.00 200 200
2019-02-06T19_03_41 25564 11.14  207.2 2309.0   8.30    0.0    0.0  0.00 200 200
2019-02-06T19_04_41 25589 11.14  208.4 2322.4   8.30    0.0    0.0  0.00 200 200
2019-02-06T19_05_41 25614 11.14  207.6 2313.4   8.30    0.0    0.0  0.00 200 200
2019-02-06T19_06_41 25639 11.14  207.6 2313.4   8.30    0.0    0.0  0.00 200 200
2019-02-06T19_07_41 25664 11.14  207.2 2309.0   8.30    0.0    0.0  0.00 200 200
2019-02-06T19_08_42 25689 11.14  207.2 2309.0   8.30    0.0    0.0  0.00 200 200
2019-02-06T19_09_42 25714 11.14  207.2 2309.0   8.30    0.0    0.0  0.00 200 200
2019-02-06T19_10_42 25739 11.14  207.2 2309.0   8.30    0.0    0.0  0.00 200 200
2019-02-06T19_11_42 25764 11.14  207.2 2309.0   8.30    0.0    0.0  0.00 200 200
2019-02-06T19_12_42 25789 11.14  207.2 2309.0   8.30    0.0    0.0  0.00 200 200
2019-02-06T19_13_42 25814 11.14  207.2 2309.0   8.30    0.0    0.0  0.00 200 200
2019-02-06T19_14_42 25839 11.14  207.2 2309.0   8.30    0.0    0.0  0.00 200 200
2019-02-06T19_15_42 25864 11.14  207.2 2309.0   8.30    0.0    0.0  0.00 200 200
2019-02-06T19_16_42 25889 11.14  207.6 2313.4   8.30    0.0    0.0  0.00 200 200
2019-02-06T19_17_43 25914 11.14  207.2 2309.0   8.30    0.0    0.0  0.00 200 200
2019-02-06T19_18_43 25939 11.14  207.2 2309.0   8.30    0.0    0.0  0.00 200 200
2019-02-06T19_19_43 25964 11.14  207.2 2309.0   8.30    0.0    0.0  0.00 200 200
2019-02-06T19_20_43 25989 11.14  207.2 2309.0   8.30    0.0    0.0  0.00 200 200
2019-02-06T19_21_43 26014 11.14  207.2 2309.0   8.30    0.0    0.0  0.00 200 200
2019-02-06T19_22_43 26039 11.14  207.2 2309.0   8.30    0.0    0.0  0.00 200 200
2019-02-06T19_23_43 26064 11.14  207.2 2309.0   8.30    0.0    0.0  0.00 200 200
2019-02-06T19_24_43 26089 11.14  207.2 2309.0   8.30    0.0    0.0  0.00 200 200
2019-02-06T19_25_43 26114 11.14  207.2 2309.0   8.30    0.0    0.0  0.00 200 200
2019-02-06T19_26_44 26139 11.14  207.2 2309.0   8.30    0.0    0.0  0.00 200 200
2019-02-06T19_27_44 26164 11.14  208.4 2320.7   8.30    0.0    0.0  0.00 200 200
2019-02-06T19_28_44 26189 11.14  207.6 2311.8   8.30    0.0    0.0  0.00 200 200
2019-02-06T19_29_44 26214 11.14  207.6 2313.4   8.30    0.0    0.0  0.00 200 200
2019-02-06T19_30_44 26239 11.14  207.6 2311.8   8.30    0.0    0.0  0.00 200 200
2019-02-06T19_31_44 26264 11.14  207.2 2309.0   8.30    0.0    0.0  0.00 200 200
2019-02-06T19_32_44 26289 11.14  207.2 2309.0   8.30    0.0    0.0  0.00 200 200
2019-02-06T19_33_44 26314 11.14  207.2 2309.0   8.30    0.0    0.0  0.00 200 200
2019-02-06T19_34_44 26339 11.14  207.2 2309.0   8.30    0.0    0.0  0.00 200 200
2019-02-06T19_35_45 26364 11.14  207.2 2309.0   8.30    0.0    0.0  0.00 200 200
2019-02-06T19_36_45 26389 11.14  207.2 2309.0   8.30    0.0    0.0  0.00 200 200
2019-02-06T19_37_45 26414 11.14  207.2 2309.0   8.30    0.0    0.0  0.00 200 200
2019-02-06T19_38_45 26439 11.14  207.2 2309.0   8.30    0.0    0.0  0.00 200 200
2019-02-06T19_39_45 26464 11.14  207.2 2309.0   8.30    0.0    0.0  0.00 200 200
2019-02-06T19_40_45 26489 11.14  207.2 2309.0   8.30    0.0    0.0  0.00 200 200
2019-02-06T19_41_45 26514 11.14  207.6 2313.4   8.30    0.0    0.0  0.00 200 200
2019-02-06T19_42_45 26539 11.14  207.2 2309.0   8.30    0.0    0.0  0.00 200 200
2019-02-06T19_43_45 26564 11.14  207.6 2311.8   8.30    0.0    0.0  0.00 200 200
2019-02-06T19_44_45 26589 11.14  207.6 2313.4   8.30    0.0    0.0  0.00 200 200
2019-02-06T19_45_46 26614 11.14  207.2 2307.3   8.30    0.0    0.0  0.00 200 200
2019-02-06T19_46_46 26639 11.14  207.2 2309.0   8.30    0.0    0.0  0.00 200 200
2019-02-06T19_47_46 26664 11.14  207.2 2309.0   8.30    0.0    0.0  0.00 200 200
2019-02-06T19_48_46 26689 11.14  207.2 2309.0   8.30    0.0    0.0  0.00 200 200
2019-02-06T19_49_46 26714 11.14  207.6 2313.4   8.30    0.0    0.0  0.00 200 200
2019-02-06T19_50_46 26739 11.14  208.4 2320.7   8.30    0.0    0.0  0.00 200 200
2019-02-06T19_51_46 26764 11.14  207.6 2311.8   8.30    0.0    0.0  0.00 200 200
2019-02-06T19_52_46 26789 11.14  207.6 2311.8   8.30    0.0    0.0  0.00 200 200
2019-02-06T19_53_46 26814 11.14  207.6 2313.4   8.30    0.0    0.0  0.00 200 200
2019-02-06T19_54_47 26839 11.14  207.6 2311.8   8.30    0.0    0.0  0.00 200 200
2019-02-06T19_55_47 26864 11.14  207.6 2313.4   8.30    0.0    0.0  0.00 200 200
2019-02-06T19_56_47 26889 11.14  207.6 2311.8   8.30    0.0    0.0  0.00 200 200
2019-02-06T19_57_47 26914 11.14  207.2 2307.3   8.30    0.0    0.0  0.00 200 200
2019-02-06T19_58_47 26939 11.14  207.6 2313.4   8.30    0.0    0.0  0.00 200 200
2019-02-06T19_59_47 26964 11.14  207.6 2313.4   8.30    0.0    0.0  0.00 200 200
2019-02-06T20_00_47 26989 11.14  207.2 2307.3   8.30    0.0    0.0  0.00 200 200
2019-02-06T20_01_47 27014 11.14  207.6 2311.8   8.30    0.0    0.0  0.00 200 200