2019-02-06T05_01_16 4539 11.14  208.0 2316.2   8.30    0.0    0.0  0.00 200 200
2019-02-06T05_02_16 4564 11.14  208.0 2316.2   8.30    0.0    0.0  0.00 200 200
2019-02-06T05_03_16 4589 11.14  208.4 2320.7   8.30    0.0    0.0  0.00 200 200
2019-02-06T05_04_16 4614 11.14  208.0 2316.2   8.30    0.0    0.0  0.00 200 200
2019-02-06T05_05_16 4639 11.14  208.0 2316.2   8.30    0.0    0.0  0.00 200 200
2019-02-06T05_06_16 4664 11.14  208.0 2316.2   8.30    0.0    0.0  0.00 200 200
2019-02-06T05_07_16 4689 11.14  208.0 2316.2   8.30    0.0    0.0  0.00 200 200
2019-02-06T05_08_16 4714 11.14  208.0 2316.2   8.30    0.0    0.0  0.00 200 200
2019-02-06T05_09_16 4739 11.14  208.0 2316.2   8.30    0.0    0.0  0.00 200 200
2019-02-06T05_10_16 4764 11.14  208.0 2316.2   8.30    0.0    0.0  0.00 200 200
2019-02-06T05_11_17 4789 11.14  208.0 2316.2   8.30    0.0    0.0  0.00 200 200
2019-02-06T05_12_17 4814 11.14  208.0 2316.2   8.30    0.0    0.0  0.00 200 200
2019-02-06T05_13_17 4839 11.14  208.0 2316.2   8.30    0.0    0.0  0.00 200 200
2019-02-06T05_14_17 4864 11.14  208.0 2316.2   8.30    0.0    0.0  0.00 200 200
2019-02-06T05_15_17 4889 11.14  208.0 2316.2   8.30    0.0    0.0  0.00 200 200
2019-02-06T05_16_17 4914 11.14  208.0 2316.2   8.30    0.0    0.0  0.00 200 200
2019-02-06T05_17_17 4939 11.14  210.4 2343.0   8.30    0.0    0.0  0.00 200 200
2019-02-06T05_18_17 4964 11.14  209.2 2329.6   8.30    0.0    0.0  0.00 200 200
2019-02-06T05_19_17 4989 11.14  208.8 2325.2   8.30    0.0    0.0  0.00 200 200
2019-02-06T05_20_17 5014 11.14  208.4 2320.7   8.30    0.0    0.0  0.00 200 200
2019-02-06T05_21_17 5039 11.14  208.4 2320.7   8.30    0.0    0.0  0.00 200 200
2019-02-06T05_22_17 5064 11.14  208.4 2320.7   8.30    0.0    0.0  0.00 200 200
2019-02-06T05_23_18 5089 11.14  208.0 2316.2   8.30    0.0    0.0  0.00 200 200
2019-02-06T05_24_18 5114 11.14  208.0 2316.2   8.30    0.0    0.0  0.00 200 200
2019-02-06T05_25_18 5139 11.14  208.0 2316.2   8.30    0.0    0.0  0.00 200 200
2019-02-06T05_26_18 5164 11.14  208.0 2316.2   8.30    0.0    0.0  0.00 200 200
2019-02-06T05_27_18 5189 11.14  208.0 2316.2   8.30    0.0    0.0  0.00 200 200
2019-02-06T05_28_18 5214 11.14  208.0 2316.2   8.30    0.0    0.0  0.00 200 200
2019-02-06T05_29_18 5239 11.14  208.0 2316.2   8.30    0.0    0.0  0.00 200 200
2019-02-06T05_30_18 5264 11.14  208.0 2316.2   8.30    0.0    0.0  0.00 200 200
2019-02-06T05_31_18 5289 11.14  208.0 2316.2   8.30    0.0    0.0  0.00 200 200
2019-02-06T05_32_18 5314 11.14  208.0 2316.2   8.30    0.0    0.0  0.00 200 200
2019-02-06T05_33_18 5339 11.14  208.0 2316.2   8.30    0.0    0.0  0.00 200 200
2019-02-06T05_34_18 5364 11.14  208.0 2316.2   8.30    0.0    0.0  0.00 200 200
2019-02-06T05_35_19 5389 11.14  208.0 2316.2   8.30    0.0    0.0  0.00 200 200
2019-02-06T05_36_19 5414 11.14  208.0 2316.2   8.30    0.0    0.0  0.00 200 200
2019-02-06T05_37_19 5439 11.14  208.0 2316.2   8.30    0.0    0.0  0.00 200 200
2019-02-06T05_38_19 5464 11.14  208.0 2316.2   8.30    0.0    0.0  0.00 200 200
2019-02-06T05_39_19 5489 11.14  208.0 2316.2   8.30    0.0    0.0  0.00 200 200
2019-02-06T05_40_19 5514 11.14  208.0 2316.2   8.30    0.0    0.0  0.00 200 200
2019-02-06T05_41_19 5539 11.14  208.0 2316.2   8.30    0.0    0.0  0.00 200 200
2019-02-06T05_42_19 5564 11.14  208.0 2316.2   8.30    0.0    0.0  0.00 200 200
2019-02-06T05_43_19 5589 11.14  208.0 2316.2   8.30    0.0    0.0  0.00 200 200
2019-02-06T05_44_19 5614 11.14  208.0 2316.2   8.30    0.0    0.0  0.00 200 200
2019-02-06T05_45_19 5639 11.14  208.0 2316.2   8.30    0.0    0.0  0.00 200 200
2019-02-06T05_46_19 5664 11.14  208.0 2316.2   8.30    0.0    0.0  0.00 200 200
2019-02-06T05_47_20 5689 11.14  208.0 2316.2   8.30    0.0    0.0  0.00 200 200
2019-02-06T05_48_20 5714 11.14  208.0 2316.2   8.30    0.0    0.0  0.00 200 200
2019-02-06T05_49_20 5739 11.14  208.0 2316.2   8.30    0.0    0.0  0.00 200 200
2019-02-06T05_50_20 5764 11.14  208.0 2316.2   8.30    0.0    0.0  0.00 200 200
2019-02-06T05_51_20 5789 11.14  208.0 2316.2   8.30    0.0    0.0  0.00 200 200
2019-02-06T05_52_20 5814 11.14  208.0 2316.2   8.30    0.0    0.0  0.00 200 200
2019-02-06T05_53_20 5839 11.14  208.0 2316.2   8.30    0.0    0.0  0.00 200 200
2019-02-06T05_54_20 5864 11.14  208.0 2316.2   8.30    0.0    0.0  0.00 200 200
2019-02-06T05_55_20 5889 11.14  208.0 2316.2   8.30    0.0    0.0  0.00 200 200
2019-02-06T05_56_20 5914 11.14  208.8 2325.2   8.30    0.0    0.0  0.00 200 200
2019-02-06T05_57_20 5939 11.14  208.8 2325.2   8.30    0.0    0.0  0.00 200 200
2019-02-06T05_58_20 5964 11.14  208.4 2320.7   8.30    0.0    0.0  0.00 200 200
2019-02-06T05_59_21 5989 11.14  208.4 2320.7   8.30    0.0    0.0  0.00 200 200
2019-02-06T06_00_21 6014 11.14  208.4 2320.7   8.30    0.0    0.0  0.00 200 200