2019-02-10T22_51_03 -21642 11.14  206.0 2295.6   8.30    0.0    0.0  0.00 200 200
2019-02-10T22_52_04 -21617 11.14  206.0 2295.6   8.30    0.0    0.0  0.00 200 200
2019-02-10T22_53_04 -21592 11.14  206.0 2295.6   8.30    0.0    0.0  0.00 200 200
2019-02-10T22_54_04 -21567 11.14  206.0 2295.6   8.30    0.0    0.0  0.00 200 200
2019-02-10T22_55_04 -21542 11.14  206.8 2304.5   8.30    0.0    0.0  0.00 200 200
2019-02-10T22_56_04 -21517 11.14  206.4 2300.1   8.30    0.0    0.0  0.00 200 200
2019-02-10T22_57_04 -21492 11.14  206.0 2295.6   8.30    0.0    0.0  0.00 200 200
2019-02-10T22_58_04 -21467 11.14  206.0 2295.6   8.30    0.0    0.0  0.00 200 200
2019-02-10T22_59_05 -21442 11.14  206.0 2295.6   8.30    0.0    0.0  0.00 200 200
2019-02-10T23_00_05 -21417 11.15  206.0 2297.3   8.30    0.0    0.0  0.00 200 200
2019-02-10T23_01_05 -21392 11.14  206.0 2295.6   8.30    0.0    0.0  0.00 200 200
2019-02-10T23_02_05 -21367 11.14  206.0 2295.6   8.30    0.0    0.0  0.00 200 200
2019-02-10T23_03_05 -21342 11.15  206.0 2297.3   8.30    0.0    0.0  0.00 200 200
2019-02-10T23_04_05 -21317 11.14  206.0 2295.6   8.30    0.0    0.0  0.00 200 200
2019-02-10T23_05_05 -21292 11.14  206.0 2295.6   8.30    0.0    0.0  0.00 200 200
2019-02-10T23_06_05 -21267 11.15  206.0 2297.3   8.30    0.0    0.0  0.00 200 200
2019-02-10T23_07_06 -21242 11.14  206.0 2295.6   8.30    0.0    0.0  0.00 200 200
2019-02-10T23_08_06 -21217 11.14  206.0 2295.6   8.30    0.0    0.0  0.00 200 200
2019-02-10T23_09_06 -21192 11.14  206.4 2300.1   8.30    0.0    0.0  0.00 200 200
2019-02-10T23_10_06 -21167 11.15  206.0 2297.3   8.30    0.0    0.0  0.00 200 200
2019-02-10T23_11_06 -21142 11.15  206.8 2306.2   8.30    0.0    0.0  0.00 200 200
2019-02-10T23_12_06 -21117 11.14  206.8 2304.5   8.30    0.0    0.0  0.00 200 200
2019-02-10T23_13_06 -21092 11.14  206.0 2295.6   8.30    0.0    0.0  0.00 200 200
2019-02-10T23_14_07 -21067 11.14  206.0 2295.6   8.30    0.0    0.0  0.00 200 200
2019-02-10T23_15_07 -21042 11.14  206.0 2295.6   8.30    0.0    0.0  0.00 200 200
2019-02-10T23_16_07 -21017 11.15  206.0 2297.3   8.30    0.0    0.0  0.00 200 200
2019-02-10T23_17_07 -20992 11.15  206.0 2297.3   8.30    0.0    0.0  0.00 200 200
2019-02-10T23_18_07 -20967 11.14  206.0 2295.6   8.30    0.0    0.0  0.00 200 200
2019-02-10T23_19_07 -20942 11.14  206.0 2295.6   8.30    0.0    0.0  0.00 200 200
2019-02-10T23_20_07 -20917 11.15  206.4 2301.7   8.30    0.0    0.0  0.00 200 200
2019-02-10T23_21_08 -20892 11.15  206.0 2297.3   8.30    0.0    0.0  0.00 200 200
2019-02-10T23_22_08 -20867 11.14  206.0 2295.6   8.30    0.0    0.0  0.00 200 200
2019-02-10T23_23_08 -20842 11.15  206.0 2297.3   8.30    0.0    0.0  0.00 200 200
2019-02-10T23_24_08 -20817 11.15  206.0 2297.3   8.30    0.0    0.0  0.00 200 200
2019-02-10T23_25_08 -20792 11.14  206.0 2295.6   8.30    0.0    0.0  0.00 200 200
2019-02-10T23_26_08 -20767 11.14  206.0 2295.6   8.30    0.0    0.0  0.00 200 200
2019-02-10T23_27_08 -20742 11.14  206.0 2295.6   8.30    0.0    0.0  0.00 200 200
2019-02-10T23_28_08 -20717 11.14  206.8 2304.5   8.30    0.0    0.0  0.00 200 200
2019-02-10T23_29_09 -20692 11.14  206.4 2300.1   8.30    0.0    0.0  0.00 200 200
2019-02-10T23_30_09 -20667 11.14  206.4 2300.1   8.30    0.0    0.0  0.00 200 200
2019-02-10T23_31_09 -20642 11.15  206.0 2297.3   8.30    0.0    0.0  0.00 200 200
2019-02-10T23_32_09 -20617 11.14  206.0 2295.6   8.30    0.0    0.0  0.00 200 200
2019-02-10T23_33_09 -20592 11.14  206.0 2295.6   8.30    0.0    0.0  0.00 200 200
2019-02-10T23_34_09 -20567 11.14  206.0 2295.6   8.30    0.0    0.0  0.00 200 200
2019-02-10T23_35_09 -20542 11.14  206.0 2295.6   8.30    0.0    0.0  0.00 200 200
2019-02-10T23_36_10 -20517 11.14  206.0 2295.6   8.30    0.0    0.0  0.00 200 200
2019-02-10T23_37_10 -20492 11.14  206.0 2295.6   8.30    0.0    0.0  0.00 200 200
2019-02-10T23_38_10 -20467 11.14  206.8 2304.5   8.30    0.0    0.0  0.00 200 200
2019-02-10T23_39_10 -20442 11.14  206.8 2304.5   8.30    0.0    0.0  0.00 200 200
2019-02-10T23_40_10 -20417 11.14  206.4 2300.1   8.30    0.0    0.0  0.00 200 200
2019-02-10T23_41_10 -20392 11.14  206.4 2300.1   8.30    0.0    0.0  0.00 200 200
2019-02-10T23_42_10 -20367 11.14  206.0 2295.6   8.30    0.0    0.0  0.00 200 200
2019-02-10T23_43_10 -20342 11.14  206.0 2295.6   8.30    0.0    0.0  0.00 200 200
2019-02-10T23_44_11 -20317 11.14  206.8 2304.5   8.30    0.0    0.0  0.00 200 200
2019-02-10T23_45_11 -20292 11.14  206.4 2300.1   8.30    0.0    0.0  0.00 200 200
2019-02-10T23_46_11 -20267 11.14  206.0 2295.6   8.30    0.0    0.0  0.00 200 200
2019-02-10T23_47_11 -20242 11.14  206.0 2295.6   8.30    0.0    0.0  0.00 200 200
2019-02-10T23_48_11 -20217 11.14  206.0 2295.6   8.30    0.0    0.0  0.00 200 200
2019-02-10T23_49_11 -20192 11.14  206.4 2300.1   8.30    0.0    0.0  0.00 200 200
2019-02-10T23_50_11 -20167 11.14  206.0 2295.6   8.30    0.0    0.0  0.00 200 200