2019-02-06T18_02_34 24039 11.14  208.4 2322.4   8.30    0.0    0.0  0.00 200 200
2019-02-06T18_03_35 24064 11.14  207.6 2313.4   8.30    0.0    0.0  0.00 200 200
2019-02-06T18_04_35 24089 11.14  207.6 2313.4   8.30    0.0    0.0  0.00 200 200
2019-02-06T18_05_35 24114 11.14  207.6 2313.4   8.30    0.0    0.0  0.00 200 200
2019-02-06T18_06_35 24139 11.14  207.6 2313.4   8.30    0.0    0.0  0.00 200 200
2019-02-06T18_07_35 24164 11.14  207.2 2309.0   8.30    0.0    0.0  0.00 200 200
2019-02-06T18_08_35 24189 11.14  207.2 2309.0   8.30    0.0    0.0  0.00 200 200
2019-02-06T18_09_35 24214 11.14  207.2 2309.0   8.30    0.0    0.0  0.00 200 200
2019-02-06T18_10_35 24239 11.14  207.2 2309.0   8.30    0.0    0.0  0.00 200 200
2019-02-06T18_11_35 24264 11.14  207.2 2309.0   8.30    0.0    0.0  0.00 200 200
2019-02-06T18_12_36 24289 11.14  207.2 2309.0   8.30    0.0    0.0  0.00 200 200
2019-02-06T18_13_36 24314 11.14  207.2 2309.0   8.30    0.0    0.0  0.00 200 200
2019-02-06T18_14_36 24339 11.14  207.2 2309.0   8.30    0.0    0.0  0.00 200 200
2019-02-06T18_15_36 24364 11.14  207.2 2309.0   8.30    0.0    0.0  0.00 200 200
2019-02-06T18_16_36 24389 11.14  207.2 2309.0   8.30    0.0    0.0  0.00 200 200
2019-02-06T18_17_36 24414 11.14  208.4 2320.7   8.30    0.0    0.0  0.00 200 200
2019-02-06T18_18_36 24439 11.14  208.0 2317.9   8.30    0.0    0.0  0.00 200 200
2019-02-06T18_19_36 24464 11.14  207.6 2313.4   8.30    0.0    0.0  0.00 200 200
2019-02-06T18_20_36 24489 11.14  207.6 2313.4   8.30    0.0    0.0  0.00 200 200
2019-02-06T18_21_36 24514 11.14  207.6 2313.4   8.30    0.0    0.0  0.00 200 200
2019-02-06T18_22_37 24539 11.14  207.2 2309.0   8.30    0.0    0.0  0.00 200 200
2019-02-06T18_23_37 24564 11.14  207.2 2309.0   8.30    0.0    0.0  0.00 200 200
2019-02-06T18_24_37 24589 11.14  207.2 2309.0   8.30    0.0    0.0  0.00 200 200
2019-02-06T18_25_37 24614 11.14  207.2 2309.0   8.30    0.0    0.0  0.00 200 200
2019-02-06T18_26_37 24639 11.14  207.2 2309.0   8.30    0.0    0.0  0.00 200 200
2019-02-06T18_27_37 24664 11.14  207.2 2309.0   8.30    0.0    0.0  0.00 200 200
2019-02-06T18_28_37 24689 11.14  207.2 2309.0   8.30    0.0    0.0  0.00 200 200
2019-02-06T18_29_37 24714 11.14  207.2 2309.0   8.30    0.0    0.0  0.00 200 200
2019-02-06T18_30_37 24739 11.14  207.2 2309.0   8.30    0.0    0.0  0.00 200 200
2019-02-06T18_31_38 24764 11.14  207.2 2309.0   8.30    0.0    0.0  0.00 200 200
2019-02-06T18_32_38 24789 11.14  207.2 2309.0   8.30    0.0    0.0  0.00 200 200
2019-02-06T18_33_38 24814 11.14  207.2 2309.0   8.30    0.0    0.0  0.00 200 200
2019-02-06T18_34_38 24839 11.14  207.2 2309.0   8.30    0.0    0.0  0.00 200 200
2019-02-06T18_35_38 24864 11.14  207.2 2309.0   8.30    0.0    0.0  0.00 200 200
2019-02-06T18_36_38 24889 11.14  207.2 2309.0   8.30    0.0    0.0  0.00 200 200
2019-02-06T18_37_38 24914 11.14  207.2 2309.0   8.30    0.0    0.0  0.00 200 200
2019-02-06T18_38_38 24939 11.14  207.2 2309.0   8.30    0.0    0.0  0.00 200 200
2019-02-06T18_39_38 24964 11.14  207.2 2309.0   8.30    0.0    0.0  0.00 200 200
2019-02-06T18_40_39 24989 11.14  208.4 2320.7   8.30    0.0    0.0  0.00 200 200
2019-02-06T18_41_39 25014 11.14  207.6 2313.4   8.30    0.0    0.0  0.00 200 200
2019-02-06T18_42_39 25039 11.14  207.6 2313.4   8.30    0.0    0.0  0.00 200 200
2019-02-06T18_43_39 25064 11.14  207.6 2313.4   8.30    0.0    0.0  0.00 200 200
2019-02-06T18_44_39 25089 11.14  207.2 2309.0   8.30    0.0    0.0  0.00 200 200
2019-02-06T18_45_39 25114 11.14  207.2 2309.0   8.30    0.0    0.0  0.00 200 200
2019-02-06T18_46_39 25139 11.14  207.2 2309.0   8.30    0.0    0.0  0.00 200 200
2019-02-06T18_47_39 25164 11.14  207.2 2309.0   8.30    0.0    0.0  0.00 200 200
2019-02-06T18_48_39 25189 11.14  207.2 2309.0   8.30    0.0    0.0  0.00 200 200
2019-02-06T18_49_40 25214 11.14  207.2 2309.0   8.30    0.0    0.0  0.00 200 200
2019-02-06T18_50_40 25239 11.14  207.2 2309.0   8.30    0.0    0.0  0.00 200 200
2019-02-06T18_51_40 25264 11.14  207.2 2309.0   8.30    0.0    0.0  0.00 200 200
2019-02-06T18_52_40 25289 11.14  207.2 2309.0   8.30    0.0    0.0  0.00 200 200
2019-02-06T18_53_40 25314 11.14  207.2 2309.0   8.30    0.0    0.0  0.00 200 200
2019-02-06T18_54_40 25339 11.14  207.2 2309.0   8.30    0.0    0.0  0.00 200 200
2019-02-06T18_55_40 25364 11.14  207.2 2309.0   8.30    0.0    0.0  0.00 200 200
2019-02-06T18_56_40 25389 11.14  207.2 2309.0   8.30    0.0    0.0  0.00 200 200
2019-02-06T18_57_40 25414 11.14  207.6 2313.4   8.30    0.0    0.0  0.00 200 200
2019-02-06T18_58_41 25439 11.14  207.2 2309.0   8.30    0.0    0.0  0.00 200 200
2019-02-06T18_59_41 25464 11.14  207.2 2309.0   8.30    0.0    0.0  0.00 200 200
2019-02-06T19_00_41 25489 11.14  207.2 2309.0   8.30    0.0    0.0  0.00 200 200
2019-02-06T19_01_41 25514 11.14  207.2 2309.0   8.30    0.0    0.0  0.00 200 200