2019-02-12T22_56_32 -15178 11.12  206.8 2299.6   8.27    0.0    0.0  0.00 200 200
2019-02-12T22_57_33 -15153 11.12  206.8 2299.6   8.28    0.0    0.0  0.00 200 200
2019-02-12T22_58_33 -15128 11.12  207.2 2304.0   8.28    0.0    0.0  0.00 200 200
2019-02-12T22_59_33 -15103 11.13  206.8 2301.2   8.28    0.0    0.0  0.00 200 200
2019-02-12T23_00_33 -15078 11.12  207.2 2304.0   8.28    0.0    0.0  0.00 200 200
2019-02-12T23_01_33 -15053 11.13  206.8 2301.2   8.28    0.0    0.0  0.00 200 200
2019-02-12T23_02_33 -15028 11.13  207.6 2310.1   8.28    0.0    0.0  0.00 200 200
2019-02-12T23_03_33 -15003 11.13  207.2 2305.7   8.28    0.0    0.0  0.00 200 200
2019-02-12T23_04_33 -14978 11.13  207.2 2305.7   8.28    0.0    0.0  0.00 200 200
2019-02-12T23_05_34 -14953 11.13  206.8 2301.2   8.28    0.0    0.0  0.00 200 200
2019-02-12T23_06_34 -14928 11.13  206.8 2301.2   8.28    0.0    0.0  0.00 200 200
2019-02-12T23_07_34 -14903 11.13  206.8 2301.2   8.28    0.0    0.0  0.00 200 200
2019-02-12T23_08_34 -14878 11.13  206.8 2301.2   8.28    0.0    0.0  0.00 200 200
2019-02-12T23_09_34 -14853 11.13  206.8 2301.2   8.28    0.0    0.0  0.00 200 200
2019-02-12T23_10_34 -14828 11.13  206.8 2301.2   8.28    0.0    0.0  0.00 200 200
2019-02-12T23_11_34 -14803 11.13  206.8 2301.2   8.28    0.0    0.0  0.00 200 200
2019-02-12T23_12_35 -14778 11.13  206.8 2301.2   8.28    0.0    0.0  0.00 200 200
2019-02-12T23_13_35 -14753 11.13  206.8 2301.2   8.28    0.0    0.0  0.00 200 200
2019-02-12T23_14_35 -14728 11.13  206.8 2301.2   8.28    0.0    0.0  0.00 200 200
2019-02-12T23_15_35 -14703 11.13  206.8 2301.2   8.28    0.0    0.0  0.00 200 200
2019-02-12T23_16_35 -14678 11.13  206.8 2301.2   8.28    0.0    0.0  0.00 200 200
2019-02-12T23_17_35 -14653 11.13  207.6 2310.1   8.28    0.0    0.0  0.00 200 200
2019-02-12T23_18_35 -14628 11.13  208.0 2314.6   8.28    0.0    0.0  0.00 200 200
2019-02-12T23_19_35 -14603 11.13  207.2 2305.7   8.28    0.0    0.0  0.00 200 200
2019-02-12T23_20_36 -14578 11.13  207.2 2305.7   8.28    0.0    0.0  0.00 200 200
2019-02-12T23_21_36 -14553 11.13  206.8 2301.2   8.28    0.0    0.0  0.00 200 200
2019-02-12T23_22_36 -14528 11.13  206.8 2301.2   8.28    0.0    0.0  0.00 200 200
2019-02-12T23_23_36 -14503 11.13  206.8 2301.2   8.28    0.0    0.0  0.00 200 200
2019-02-12T23_24_36 -14478 11.13  206.8 2301.2   8.28    0.0    0.0  0.00 200 200
2019-02-12T23_25_36 -14453 11.13  207.2 2305.7   8.28    0.0    0.0  0.00 200 200
2019-02-12T23_26_36 -14428 11.13  206.8 2301.2   8.28    0.0    0.0  0.00 200 200
2019-02-12T23_27_37 -14403 11.13  206.8 2301.2   8.28    0.0    0.0  0.00 200 200
2019-02-12T23_28_37 -14378 11.13  206.8 2301.2   8.28    0.0    0.0  0.00 200 200
2019-02-12T23_29_37 -14353 11.13  206.8 2301.2   8.28    0.0    0.0  0.00 200 200
2019-02-12T23_30_37 -14328 11.13  206.8 2301.2   8.28    0.0    0.0  0.00 200 200
2019-02-12T23_31_37 -14303 11.13  206.8 2301.2   8.28    0.0    0.0  0.00 200 200
2019-02-12T23_32_37 -14278 11.13  206.4 2296.8   8.28    0.0    0.0  0.00 200 200
2019-02-12T23_33_37 -14253 11.13  206.8 2301.2   8.28    0.0    0.0  0.00 200 200
2019-02-12T23_34_37 -14228 11.13  208.0 2314.6   8.28    0.0    0.0  0.00 200 200
2019-02-12T23_35_38 -14203 11.13  207.2 2305.7   8.28    0.0    0.0  0.00 200 200
2019-02-12T23_36_38 -14178 11.13  207.2 2305.7   8.28    0.0    0.0  0.00 200 200
2019-02-12T23_37_38 -14153 11.13  206.8 2301.2   8.28    0.0    0.0  0.00 200 200
2019-02-12T23_38_38 -14128 11.13  206.8 2301.2   8.28    0.0    0.0  0.00 200 200
2019-02-12T23_39_38 -14103 11.13  207.2 2305.7   8.28    0.0    0.0  0.00 200 200
2019-02-12T23_40_38 -14078 11.13  206.8 2301.2   8.28    0.0    0.0  0.00 200 200
2019-02-12T23_41_38 -14053 11.13  206.8 2301.2   8.28    0.0    0.0  0.00 200 200
2019-02-12T23_42_39 -14028 11.13  206.8 2301.2   8.28    0.0    0.0  0.00 200 200
2019-02-12T23_43_39 -14003 11.13  206.8 2301.2   8.28    0.0    0.0  0.00 200 200
2019-02-12T23_44_39 -13978 11.13  206.8 2301.2   8.28    0.0    0.0  0.00 200 200
2019-02-12T23_45_39 -13953 11.13  206.8 2301.2   8.28    0.0    0.0  0.00 200 200
2019-02-12T23_46_39 -13928 11.13  206.8 2301.2   8.28    0.0    0.0  0.00 200 200
2019-02-12T23_47_39 -13903 11.13  206.8 2301.2   8.28    0.0    0.0  0.00 200 200
2019-02-12T23_48_39 -13878 11.13  206.8 2301.2   8.28    0.0    0.0  0.00 200 200
2019-02-12T23_49_40 -13853 11.13  206.8 2301.2   8.28    0.0    0.0  0.00 200 200
2019-02-12T23_50_40 -13828 11.13  208.4 2319.0   8.28    0.0    0.0  0.00 200 200
2019-02-12T23_51_40 -13803 11.13  207.6 2310.1   8.28    0.0    0.0  0.00 200 200
2019-02-12T23_52_40 -13778 11.13  206.8 2301.2   8.28    0.0    0.0  0.00 200 200
2019-02-12T23_53_40 -13753 11.13  206.8 2301.2   8.28    0.0    0.0  0.00 200 200
2019-02-12T23_54_40 -13728 11.13  206.8 2301.2   8.28    0.0    0.0  0.00 200 200
2019-02-12T23_55_40 -13703 11.13  206.8 2301.2   8.28    0.0    0.0  0.00 200 200