2019-02-06T03_01_06 1539 11.14  208.0 2316.2   8.30    0.0    0.0  0.00 200 200
2019-02-06T03_02_06 1564 11.14  208.0 2316.2   8.30    0.0    0.0  0.00 200 200
2019-02-06T03_03_06 1589 11.14  208.0 2316.2   8.30    0.0    0.0  0.00 200 200
2019-02-06T03_04_06 1614 11.14  208.0 2316.2   8.30    0.0    0.0  0.00 200 200
2019-02-06T03_05_06 1639 11.14  208.0 2316.2   8.30    0.0    0.0  0.00 200 200
2019-02-06T03_06_06 1664 11.14  208.0 2316.2   8.30    0.0    0.0  0.00 200 200
2019-02-06T03_07_06 1689 11.14  208.0 2316.2   8.30    0.0    0.0  0.00 200 200
2019-02-06T03_08_06 1714 11.14  208.0 2316.2   8.30    0.0    0.0  0.00 200 200
2019-02-06T03_09_07 1739 11.14  208.0 2316.2   8.30    0.0    0.0  0.00 200 200
2019-02-06T03_10_07 1764 11.14  208.0 2316.2   8.30    0.0    0.0  0.00 200 200
2019-02-06T03_11_07 1789 11.14  208.0 2316.2   8.30    0.0    0.0  0.00 200 200
2019-02-06T03_12_07 1814 11.14  208.0 2316.2   8.30    0.0    0.0  0.00 200 200
2019-02-06T03_13_07 1839 11.14  208.0 2316.2   8.30    0.0    0.0  0.00 200 200
2019-02-06T03_14_07 1864 11.14  208.0 2316.2   8.30    0.0    0.0  0.00 200 200
2019-02-06T03_15_07 1889 11.14  208.0 2316.2   8.30    0.0    0.0  0.00 200 200
2019-02-06T03_16_07 1914 11.14  208.0 2316.2   8.30    0.0    0.0  0.00 200 200
2019-02-06T03_17_07 1939 11.14  208.0 2316.2   8.30    0.0    0.0  0.00 200 200
2019-02-06T03_18_07 1964 11.14  208.0 2316.2   8.30    0.0    0.0  0.00 200 200
2019-02-06T03_19_07 1989 11.14  208.0 2316.2   8.30    0.0    0.0  0.00 200 200
2019-02-06T03_20_07 2014 11.14  208.0 2316.2   8.30    0.0    0.0  0.00 200 200
2019-02-06T03_21_08 2039 11.14  209.6 2334.1   8.30    0.0    0.0  0.00 200 200
2019-02-06T03_22_08 2064 11.14  208.8 2325.2   8.30    0.0    0.0  0.00 200 200
2019-02-06T03_23_08 2089 11.14  208.4 2320.7   8.30    0.0    0.0  0.00 200 200
2019-02-06T03_24_08 2114 11.14  208.4 2320.7   8.30    0.0    0.0  0.00 200 200
2019-02-06T03_25_08 2139 11.14  208.4 2320.7   8.30    0.0    0.0  0.00 200 200
2019-02-06T03_26_08 2164 11.14  208.0 2316.2   8.30    0.0    0.0  0.00 200 200
2019-02-06T03_27_08 2189 11.14  208.0 2316.2   8.30    0.0    0.0  0.00 200 200
2019-02-06T03_28_08 2214 11.14  208.0 2316.2   8.30    0.0    0.0  0.00 200 200
2019-02-06T03_29_08 2239 11.14  208.0 2316.2   8.30    0.0    0.0  0.00 200 200
2019-02-06T03_30_08 2264 11.14  208.0 2316.2   8.30    0.0    0.0  0.00 200 200
2019-02-06T03_31_08 2289 11.14  208.0 2316.2   8.30    0.0    0.0  0.00 200 200
2019-02-06T03_32_08 2314 11.14  208.0 2316.2   8.30    0.0    0.0  0.00 200 200
2019-02-06T03_33_09 2339 11.14  208.0 2316.2   8.30    0.0    0.0  0.00 200 200
2019-02-06T03_34_09 2364 11.14  208.0 2316.2   8.30    0.0    0.0  0.00 200 200
2019-02-06T03_35_09 2389 11.14  208.0 2316.2   8.30    0.0    0.0  0.00 200 200
2019-02-06T03_36_09 2414 11.14  208.0 2316.2   8.30    0.0    0.0  0.00 200 200
2019-02-06T03_37_09 2439 11.14  208.0 2316.2   8.30    0.0    0.0  0.00 200 200
2019-02-06T03_38_09 2464 11.14  208.0 2316.2   8.30    0.0    0.0  0.00 200 200
2019-02-06T03_39_09 2489 11.14  208.0 2316.2   8.30    0.0    0.0  0.00 200 200
2019-02-06T03_40_09 2514 11.14  208.0 2316.2   8.30    0.0    0.0  0.00 200 200
2019-02-06T03_41_09 2539 11.14  208.0 2316.2   8.30    0.0    0.0  0.00 200 200
2019-02-06T03_42_09 2564 11.14  208.0 2316.2   8.30    0.0    0.0  0.00 200 200
2019-02-06T03_43_09 2589 11.14  208.0 2316.2   8.30    0.0    0.0  0.00 200 200
2019-02-06T03_44_09 2614 11.14  208.0 2316.2   8.30    0.0    0.0  0.00 200 200
2019-02-06T03_45_10 2639 11.14  208.0 2316.2   8.30    0.0    0.0  0.00 200 200
2019-02-06T03_46_10 2664 11.14  208.0 2316.2   8.30    0.0    0.0  0.00 200 200
2019-02-06T03_47_10 2689 11.14  208.0 2316.2   8.30    0.0    0.0  0.00 200 200
2019-02-06T03_48_10 2714 11.14  208.0 2316.2   8.30    0.0    0.0  0.00 200 200
2019-02-06T03_49_10 2739 11.14  208.0 2316.2   8.30    0.0    0.0  0.00 200 200
2019-02-06T03_50_10 2764 11.14  208.0 2316.2   8.30    0.0    0.0  0.00 200 200
2019-02-06T03_51_10 2789 11.14  208.0 2316.2   8.30    0.0    0.0  0.00 200 200
2019-02-06T03_52_10 2814 11.14  208.0 2316.2   8.30    0.0    0.0  0.00 200 200
2019-02-06T03_53_10 2839 11.14  208.0 2316.2   8.30    0.0    0.0  0.00 200 200
2019-02-06T03_54_10 2864 11.14  208.0 2316.2   8.30    0.0    0.0  0.00 200 200
2019-02-06T03_55_10 2889 11.14  208.0 2316.2   8.30    0.0    0.0  0.00 200 200
2019-02-06T03_56_10 2914 11.14  208.0 2316.2   8.30    0.0    0.0  0.00 200 200
2019-02-06T03_57_10 2939 11.14  208.0 2316.2   8.30    0.0    0.0  0.00 200 200
2019-02-06T03_58_11 2964 11.14  208.0 2316.2   8.30    0.0    0.0  0.00 200 200
2019-02-06T03_59_11 2989 11.14  213.6 2378.6   8.29    0.0    0.0  0.00 200 200
2019-02-06T04_00_11 3014 11.14  213.2 2374.2   8.29    0.0    0.0  0.00 200 200