2019-02-09T23_48_24 9394 11.14  205.6 2291.2   8.30    0.0    0.0  0.00 200 200
2019-02-09T23_49_24 9419 11.14  205.6 2291.2   8.30    0.0    0.0  0.00 200 200
2019-02-09T23_50_24 9444 11.14  205.6 2291.2   8.30    0.0    0.0  0.00 200 200
2019-02-09T23_51_24 9469 11.14  206.0 2295.6   8.30    0.0    0.0  0.00 200 200
2019-02-09T23_52_24 9494 11.14  205.6 2291.2   8.30    0.0    0.0  0.00 200 200
2019-02-09T23_53_24 9519 11.14  205.6 2291.2   8.30    0.0    0.0  0.00 200 200
2019-02-09T23_54_24 9544 11.14  205.6 2291.2   8.30    0.0    0.0  0.00 200 200
2019-02-09T23_55_24 9569 11.14  205.6 2291.2   8.30    0.0    0.0  0.00 200 200
2019-02-09T23_56_25 9594 11.14  205.6 2291.2   8.30    0.0    0.0  0.00 200 200
2019-02-09T23_57_25 9619 11.14  207.2 2309.0   8.30    0.0    0.0  0.00 200 200
2019-02-09T23_58_25 9644 11.14  206.4 2300.1   8.30    0.0    0.0  0.00 200 200
2019-02-09T23_59_25 9669 11.14  206.4 2300.1   8.30    0.0    0.0  0.00 200 200
2019-02-10T00_00_25 9694 11.14  206.0 2295.6   8.30    0.0    0.0  0.00 200 200
2019-02-10T00_01_25 9719 11.14  206.0 2295.6   8.30    0.0    0.0  0.00 200 200
2019-02-10T00_02_25 9744 11.14  206.0 2295.6   8.30    0.0    0.0  0.00 200 200
2019-02-10T00_03_25 9769 11.14  206.0 2295.6   8.30    0.0    0.0  0.00 200 200
2019-02-10T00_04_25 9794 11.14  206.0 2295.6   8.30    0.0    0.0  0.00 200 200
2019-02-10T00_05_25 9819 11.14  206.0 2295.6   8.30    0.0    0.0  0.00 200 200
2019-02-10T00_06_25 9844 11.14  205.6 2291.2   8.30    0.0    0.0  0.00 200 200
2019-02-10T00_07_25 9869 11.14  206.8 2304.5   8.30    0.0    0.0  0.00 200 200
2019-02-10T00_08_26 9894 11.14  206.4 2300.1   8.30    0.0    0.0  0.00 200 200
2019-02-10T00_09_26 9919 11.14  206.0 2295.6   8.30    0.0    0.0  0.00 200 200
2019-02-10T00_10_26 9944 11.14  206.0 2295.6   8.30    0.0    0.0  0.00 200 200
2019-02-10T00_11_26 9969 11.14  206.0 2295.6   8.30    0.0    0.0  0.00 200 200
2019-02-10T00_12_26 9994 11.14  206.0 2295.6   8.30    0.0    0.0  0.00 200 200
2019-02-10T00_13_26 10019 11.14  206.0 2295.6   8.30    0.0    0.0  0.00 200 200
2019-02-10T00_14_26 10044 11.14  206.0 2295.6   8.30    0.0    0.0  0.00 200 200
2019-02-10T00_15_26 10069 11.14  206.0 2295.6   8.30    0.0    0.0  0.00 200 200
2019-02-10T00_16_26 10094 11.14  206.0 2295.6   8.30    0.0    0.0  0.00 200 200
2019-02-10T00_17_26 10119 11.14  206.0 2295.6   8.30    0.0    0.0  0.00 200 200
2019-02-10T00_18_26 10144 11.14  206.0 2295.6   8.30    0.0    0.0  0.00 200 200
2019-02-10T00_19_27 10169 11.14  206.0 2295.6   8.30    0.0    0.0  0.00 200 200
2019-02-10T00_20_27 10194 11.14  206.0 2295.6   8.30    0.0    0.0  0.00 200 200
2019-02-10T00_21_27 10219 11.14  206.0 2295.6   8.30    0.0    0.0  0.00 200 200
2019-02-10T00_22_27 10244 11.14  206.0 2295.6   8.30    0.0    0.0  0.00 200 200
2019-02-10T00_23_27 10269 11.14  206.0 2295.6   8.30    0.0    0.0  0.00 200 200
2019-02-10T00_24_27 10294 11.14  206.4 2300.1   8.30    0.0    0.0  0.00 200 200
2019-02-10T00_25_27 10319 11.14  206.0 2295.6   8.30    0.0    0.0  0.00 200 200
2019-02-10T00_26_27 10344 11.14  207.6 2313.4   8.30    0.0    0.0  0.00 200 200
2019-02-10T00_27_27 10369 11.14  206.8 2304.5   8.30    0.0    0.0  0.00 200 200
2019-02-10T00_28_28 10394 11.14  206.4 2300.1   8.30    0.0    0.0  0.00 200 200
2019-02-10T00_29_28 10419 11.14  206.4 2300.1   8.30    0.0    0.0  0.00 200 200
2019-02-10T00_30_28 10444 11.14  206.0 2295.6   8.30    0.0    0.0  0.00 200 200
2019-02-10T00_31_28 10469 11.14  206.4 2300.1   8.30    0.0    0.0  0.00 200 200
2019-02-10T00_32_28 10494 11.14  207.2 2309.0   8.30    0.0    0.0  0.00 200 200
2019-02-10T00_33_28 10519 11.14  206.4 2300.1   8.30    0.0    0.0  0.00 200 200
2019-02-10T00_34_28 10544 11.14  206.4 2300.1   8.30    0.0    0.0  0.00 200 200
2019-02-10T00_35_28 10569 11.14  206.8 2304.5   8.30    0.0    0.0  0.00 200 200
2019-02-10T00_36_28 10594 11.14  206.4 2300.1   8.30    0.0    0.0  0.00 200 200
2019-02-10T00_37_29 10619 11.14  206.8 2304.5   8.30    0.0    0.0  0.00 200 200
2019-02-10T00_38_29 10644 11.14  206.8 2304.5   8.30    0.0    0.0  0.00 200 200
2019-02-10T00_39_29 10669 11.14  206.4 2300.1   8.30    0.0    0.0  0.00 200 200
2019-02-10T00_40_29 10694 11.14  206.4 2300.1   8.30    0.0    0.0  0.00 200 200
2019-02-10T00_41_29 10719 11.14  206.4 2300.1   8.30    0.0    0.0  0.00 200 200
2019-02-10T00_42_29 10744 11.14  206.4 2300.1   8.30    0.0    0.0  0.00 200 200
2019-02-10T00_43_29 10769 11.14  206.4 2300.1   8.30    0.0    0.0  0.00 200 200
2019-02-10T00_44_29 10794 11.14  206.8 2304.5   8.30    0.0    0.0  0.00 200 200
2019-02-10T00_45_29 10819 11.14  206.8 2304.5   8.30    0.0    0.0  0.00 200 200
2019-02-10T00_46_29 10844 11.14  206.8 2304.5   8.30    0.0    0.0  0.00 200 200
2019-02-10T00_47_30 10869 11.14  206.4 2300.1   8.30    0.0    0.0  0.00 200 200