2019-02-06T20_02_47 27039 11.14  207.2 2307.3   8.30    0.0    0.0  0.00 200 200
2019-02-06T20_03_48 27064 11.14  207.2 2307.3   8.30    0.0    0.0  0.00 200 200
2019-02-06T20_04_48 27089 11.14  207.6 2311.8   8.30    0.0    0.0  0.00 200 200
2019-02-06T20_05_48 27114 11.14  207.6 2311.8   8.30    0.0    0.0  0.00 200 200
2019-02-06T20_06_48 27139 11.14  207.6 2311.8   8.30    0.0    0.0  0.00 200 200
2019-02-06T20_07_48 27164 11.14  207.2 2307.3   8.30    0.0    0.0  0.00 200 200
2019-02-06T20_08_48 27189 11.14  207.6 2311.8   8.30    0.0    0.0  0.00 200 200
2019-02-06T20_09_48 27214 11.14  207.2 2307.3   8.30    0.0    0.0  0.00 200 200
2019-02-06T20_10_48 27239 11.14  207.6 2313.4   8.30    0.0    0.0  0.00 200 200
2019-02-06T20_11_48 27264 11.14  207.6 2311.8   8.30    0.0    0.0  0.00 200 200
2019-02-06T20_12_49 27289 11.14  208.0 2316.2   8.30    0.0    0.0  0.00 200 200
2019-02-06T20_13_49 27314 11.14  208.4 2320.7   8.30    0.0    0.0  0.00 200 200
2019-02-06T20_14_49 27339 11.14  208.0 2316.2   8.30    0.0    0.0  0.00 200 200
2019-02-06T20_15_49 27364 11.14  207.6 2311.8   8.30    0.0    0.0  0.00 200 200
2019-02-06T20_16_49 27389 11.14  207.6 2311.8   8.30    0.0    0.0  0.00 200 200
2019-02-06T20_17_49 27414 11.14  207.6 2311.8   8.30    0.0    0.0  0.00 200 200
2019-02-06T20_18_49 27439 11.14  207.6 2311.8   8.30    0.0    0.0  0.00 200 200
2019-02-06T20_19_49 27464 11.14  207.6 2311.8   8.30    0.0    0.0  0.00 200 200
2019-02-06T20_20_49 27489 11.14  207.6 2311.8   8.30    0.0    0.0  0.00 200 200
2019-02-06T20_21_49 27514 11.14  207.2 2307.3   8.30    0.0    0.0  0.00 200 200
2019-02-06T20_22_50 27539 11.14  207.6 2311.8   8.30    0.0    0.0  0.00 200 200
2019-02-06T20_23_50 27564 11.14  207.6 2311.8   8.30    0.0    0.0  0.00 200 200
2019-02-06T20_24_50 27589 11.14  207.6 2311.8   8.30    0.0    0.0  0.00 200 200
2019-02-06T20_25_50 27614 11.14  207.6 2311.8   8.30    0.0    0.0  0.00 200 200
2019-02-06T20_26_50 27639 11.14  207.6 2311.8   8.30    0.0    0.0  0.00 200 200
2019-02-06T20_27_50 27664 11.14  207.6 2311.8   8.30    0.0    0.0  0.00 200 200
2019-02-06T20_28_50 27689 11.14  207.6 2311.8   8.30    0.0    0.0  0.00 200 200
2019-02-06T20_29_50 27714 11.14  207.6 2311.8   8.30    0.0    0.0  0.00 200 200
2019-02-06T20_30_50 27739 11.14  207.6 2311.8   8.30    0.0    0.0  0.00 200 200
2019-02-06T20_31_51 27764 11.14  207.6 2311.8   8.30    0.0    0.0  0.00 200 200
2019-02-06T20_32_51 27789 11.14  207.6 2311.8   8.30    0.0    0.0  0.00 200 200
2019-02-06T20_33_51 27814 11.14  207.6 2311.8   8.30    0.0    0.0  0.00 200 200
2019-02-06T20_34_51 27839 11.14  207.6 2311.8   8.30    0.0    0.0  0.00 200 200
2019-02-06T20_35_51 27864 11.14  207.6 2311.8   8.30    0.0    0.0  0.00 200 200
2019-02-06T20_36_51 27889 11.14  208.4 2320.7   8.30    0.0    0.0  0.00 200 200
2019-02-06T20_37_51 27914 11.14  208.0 2316.2   8.30    0.0    0.0  0.00 200 200
2019-02-06T20_38_51 27939 11.14  207.6 2311.8   8.30    0.0    0.0  0.00 200 200
2019-02-06T20_39_51 27964 11.14  207.6 2311.8   8.30    0.0    0.0  0.00 200 200
2019-02-06T20_40_52 27989 11.14  207.6 2311.8   8.30    0.0    0.0  0.00 200 200
2019-02-06T20_41_52 28014 11.14  207.6 2311.8   8.30    0.0    0.0  0.00 200 200
2019-02-06T20_42_52 28039 11.14  207.6 2311.8   8.30    0.0    0.0  0.00 200 200
2019-02-06T20_43_52 28064 11.14  207.6 2311.8   8.30    0.0    0.0  0.00 200 200
2019-02-06T20_44_52 28089 11.14  207.6 2311.8   8.30    0.0    0.0  0.00 200 200
2019-02-06T20_45_52 28114 11.14  207.6 2311.8   8.30    0.0    0.0  0.00 200 200
2019-02-06T20_46_52 28139 11.14  207.6 2311.8   8.30    0.0    0.0  0.00 200 200
2019-02-06T20_47_52 28164 11.14  207.6 2311.8   8.30    0.0    0.0  0.00 200 200
2019-02-06T20_48_52 28189 11.14  207.6 2311.8   8.30    0.0    0.0  0.00 200 200
2019-02-06T20_49_53 28214 11.14  207.6 2311.8   8.30    0.0    0.0  0.00 200 200
2019-02-06T20_50_53 28239 11.14  207.6 2311.8   8.30    0.0    0.0  0.00 200 200
2019-02-06T20_51_53 28264 11.14  207.6 2311.8   8.30    0.0    0.0  0.00 200 200
2019-02-06T20_52_53 28289 11.14  207.6 2311.8   8.30    0.0    0.0  0.00 200 200
2019-02-06T20_53_53 28314 11.14  207.6 2311.8   8.30    0.0    0.0  0.00 200 200
2019-02-06T20_54_53 28339 11.14  207.6 2311.8   8.30    0.0    0.0  0.00 200 200
2019-02-06T20_55_53 28364 11.14  207.6 2311.8   8.30    0.0    0.0  0.00 200 200
2019-02-06T20_56_53 28389 11.14  207.6 2311.8   8.30    0.0    0.0  0.00 200 200
2019-02-06T20_57_53 28414 11.14  207.6 2311.8   8.30    0.0    0.0  0.00 200 200
2019-02-06T20_58_53 28439 11.14  207.6 2311.8   8.30    0.0    0.0  0.00 200 200
2019-02-06T20_59_54 28464 11.14  208.4 2320.7   8.30    0.0    0.0  0.00 200 200
2019-02-06T21_00_54 28489 11.14  208.0 2316.2   8.30    0.0    0.0  0.00 200 200
2019-02-06T21_01_54 28514 11.14  208.0 2316.2   8.30    0.0    0.0  0.00 200 200