2019-02-06T12_01_55 15039 11.14  207.2 2309.0   8.30    0.0    0.0  0.00 200 200
2019-02-06T12_02_56 15064 11.14  207.2 2309.0   8.30    0.0    0.0  0.00 200 200
2019-02-06T12_03_56 15089 11.14  207.6 2313.4   8.30    0.0    0.0  0.00 200 200
2019-02-06T12_04_56 15114 11.14  207.2 2309.0   8.30    0.0    0.0  0.00 200 200
2019-02-06T12_05_56 15139 11.14  207.2 2309.0   8.30    0.0    0.0  0.00 200 200
2019-02-06T12_06_56 15164 11.14  208.0 2317.9   8.30    0.0    0.0  0.00 200 200
2019-02-06T12_07_56 15189 11.14  208.0 2317.9   8.30    0.0    0.0  0.00 200 200
2019-02-06T12_08_56 15214 11.14  207.6 2313.4   8.30    0.0    0.0  0.00 200 200
2019-02-06T12_09_56 15239 11.14  207.2 2309.0   8.30    0.0    0.0  0.00 200 200
2019-02-06T12_10_56 15264 11.14  207.2 2309.0   8.30    0.0    0.0  0.00 200 200
2019-02-06T12_11_57 15289 11.14  208.0 2317.9   8.30    0.0    0.0  0.00 200 200
2019-02-06T12_12_57 15314 11.14  207.2 2309.0   8.30    0.0    0.0  0.00 200 200
2019-02-06T12_13_57 15339 11.14  207.2 2309.0   8.30    0.0    0.0  0.00 200 200
2019-02-06T12_14_57 15364 11.14  207.2 2309.0   8.30    0.0    0.0  0.00 200 200
2019-02-06T12_15_57 15389 11.14  207.2 2309.0   8.30    0.0    0.0  0.00 200 200
2019-02-06T12_16_57 15414 11.14  207.2 2309.0   8.30    0.0    0.0  0.00 200 200
2019-02-06T12_17_57 15439 11.14  207.2 2309.0   8.30    0.0    0.0  0.00 200 200
2019-02-06T12_18_57 15464 11.14  207.2 2309.0   8.30    0.0    0.0  0.00 200 200
2019-02-06T12_19_57 15489 11.14  207.2 2309.0   8.30    0.0    0.0  0.00 200 200
2019-02-06T12_20_58 15514 11.14  207.2 2309.0   8.30    0.0    0.0  0.00 200 200
2019-02-06T12_21_58 15539 11.14  207.2 2309.0   8.30    0.0    0.0  0.00 200 200
2019-02-06T12_22_58 15564 11.14  207.2 2309.0   8.30    0.0    0.0  0.00 200 200
2019-02-06T12_23_58 15589 11.14  207.2 2309.0   8.30    0.0    0.0  0.00 200 200
2019-02-06T12_24_58 15614 11.14  207.2 2309.0   8.30    0.0    0.0  0.00 200 200
2019-02-06T12_25_58 15639 11.14  207.2 2309.0   8.30    0.0    0.0  0.00 200 200
2019-02-06T12_26_58 15664 11.14  207.2 2309.0   8.30    0.0    0.0  0.00 200 200
2019-02-06T12_27_58 15689 11.14  207.2 2309.0   8.30    0.0    0.0  0.00 200 200
2019-02-06T12_28_58 15714 11.14  207.2 2309.0   8.30    0.0    0.0  0.00 200 200
2019-02-06T12_29_58 15739 11.14  208.0 2317.9   8.30    0.0    0.0  0.00 200 200
2019-02-06T12_30_59 15764 11.14  207.6 2313.4   8.30    0.0    0.0  0.00 200 200
2019-02-06T12_31_59 15789 11.14  207.2 2309.0   8.30    0.0    0.0  0.00 200 200
2019-02-06T12_32_59 15814 11.14  207.2 2309.0   8.30    0.0    0.0  0.00 200 200
2019-02-06T12_33_59 15839 11.14  207.6 2313.4   8.30    0.0    0.0  0.00 200 200
2019-02-06T12_34_59 15864 11.14  207.2 2309.0   8.30    0.0    0.0  0.00 200 200
2019-02-06T12_35_59 15889 11.14  207.2 2309.0   8.30    0.0    0.0  0.00 200 200
2019-02-06T12_36_59 15914 11.14  207.2 2309.0   8.30    0.0    0.0  0.00 200 200
2019-02-06T12_37_59 15939 11.14  207.2 2309.0   8.30    0.0    0.0  0.00 200 200
2019-02-06T12_38_59 15964 11.14  207.2 2309.0   8.30    0.0    0.0  0.00 200 200
2019-02-06T12_40_00 15989 11.14  207.2 2309.0   8.30    0.0    0.0  0.00 200 200
2019-02-06T12_41_00 16014 11.14  207.2 2309.0   8.30    0.0    0.0  0.00 200 200
2019-02-06T12_42_00 16039 11.14  207.2 2309.0   8.30    0.0    0.0  0.00 200 200
2019-02-06T12_43_00 16064 11.14  207.2 2309.0   8.30    0.0    0.0  0.00 200 200
2019-02-06T12_44_00 16089 11.14  207.2 2309.0   8.30    0.0    0.0  0.00 200 200
2019-02-06T12_45_00 16114 11.14  207.2 2309.0   8.30    0.0    0.0  0.00 200 200
2019-02-06T12_46_00 16139 11.14  207.2 2309.0   8.30    0.0    0.0  0.00 200 200
2019-02-06T12_47_00 16164 11.14  207.2 2309.0   8.30    0.0    0.0  0.00 200 200
2019-02-06T12_48_00 16189 11.14  207.2 2309.0   8.30    0.0    0.0  0.00 200 200
2019-02-06T12_49_01 16214 11.14  207.2 2309.0   8.30    0.0    0.0  0.00 200 200
2019-02-06T12_50_01 16239 11.14  207.2 2309.0   8.30    0.0    0.0  0.00 200 200
2019-02-06T12_51_01 16264 11.14  207.2 2309.0   8.30    0.0    0.0  0.00 200 200
2019-02-06T12_52_01 16289 11.14  207.2 2309.0   8.30    0.0    0.0  0.00 200 200
2019-02-06T12_53_01 16314 11.14  207.6 2313.4   8.30    0.0    0.0  0.00 200 200
2019-02-06T12_54_01 16339 11.14  208.0 2317.9   8.30    0.0    0.0  0.00 200 200
2019-02-06T12_55_01 16364 11.14  207.6 2313.4   8.30    0.0    0.0  0.00 200 200
2019-02-06T12_56_01 16389 11.14  207.2 2309.0   8.30    0.0    0.0  0.00 200 200
2019-02-06T12_57_01 16414 11.14  207.2 2309.0   8.30    0.0    0.0  0.00 200 200
2019-02-06T12_58_02 16439 11.14  207.2 2309.0   8.30    0.0    0.0  0.00 200 200
2019-02-06T12_59_02 16464 11.14  207.2 2309.0   8.30    0.0    0.0  0.00 200 200
2019-02-06T13_00_02 16489 11.14  207.2 2309.0   8.30    0.0    0.0  0.00 200 200
2019-02-06T13_01_02 16514 11.14  207.2 2309.0   8.30    0.0    0.0  0.00 200 200