2019-02-06T09_01_36 10539 11.14  207.6 2313.4   8.30    0.0    0.0  0.00 200 200
2019-02-06T09_02_36 10564 11.14  207.6 2313.4   8.30    0.0    0.0  0.00 200 200
2019-02-06T09_03_36 10589 11.14  207.6 2313.4   8.30    0.0    0.0  0.00 200 200
2019-02-06T09_04_36 10614 11.14  207.6 2313.4   8.30    0.0    0.0  0.00 200 200
2019-02-06T09_05_36 10639 11.14  207.2 2309.0   8.30    0.0    0.0  0.00 200 200
2019-02-06T09_06_37 10664 11.14  207.2 2309.0   8.30    0.0    0.0  0.00 200 200
2019-02-06T09_07_37 10689 11.14  207.2 2309.0   8.30    0.0    0.0  0.00 200 200
2019-02-06T09_08_37 10714 11.14  207.2 2309.0   8.30    0.0    0.0  0.00 200 200
2019-02-06T09_09_37 10739 11.14  207.2 2309.0   8.30    0.0    0.0  0.00 200 200
2019-02-06T09_10_37 10764 11.14  207.2 2309.0   8.30    0.0    0.0  0.00 200 200
2019-02-06T09_11_37 10789 11.14  207.2 2309.0   8.30    0.0    0.0  0.00 200 200
2019-02-06T09_12_37 10814 11.14  207.2 2309.0   8.30    0.0    0.0  0.00 200 200
2019-02-06T09_13_37 10839 11.14  207.2 2309.0   8.30    0.0    0.0  0.00 200 200
2019-02-06T09_14_37 10864 11.14  207.2 2309.0   8.30    0.0    0.0  0.00 200 200
2019-02-06T09_15_38 10889 11.14  207.2 2309.0   8.30    0.0    0.0  0.00 200 200
2019-02-06T09_16_38 10914 11.14  207.2 2309.0   8.30    0.0    0.0  0.00 200 200
2019-02-06T09_17_38 10939 11.14  207.2 2309.0   8.30    0.0    0.0  0.00 200 200
2019-02-06T09_18_38 10964 11.14  207.2 2309.0   8.30    0.0    0.0  0.00 200 200
2019-02-06T09_19_38 10989 11.14  207.6 2313.4   8.30    0.0    0.0  0.00 200 200
2019-02-06T09_20_38 11014 11.14  207.2 2309.0   8.30    0.0    0.0  0.00 200 200
2019-02-06T09_21_38 11039 11.14  207.2 2309.0   8.30    0.0    0.0  0.00 200 200
2019-02-06T09_22_38 11064 11.14  207.6 2313.4   8.30    0.0    0.0  0.00 200 200
2019-02-06T09_23_38 11089 11.14  208.4 2322.4   8.30    0.0    0.0  0.00 200 200
2019-02-06T09_24_38 11114 11.14  207.6 2313.4   8.30    0.0    0.0  0.00 200 200
2019-02-06T09_25_39 11139 11.14  207.6 2313.4   8.30    0.0    0.0  0.00 200 200
2019-02-06T09_26_39 11164 11.14  207.2 2309.0   8.30    0.0    0.0  0.00 200 200
2019-02-06T09_27_39 11189 11.14  208.0 2317.9   8.30    0.0    0.0  0.00 200 200
2019-02-06T09_28_39 11214 11.14  207.6 2313.4   8.30    0.0    0.0  0.00 200 200
2019-02-06T09_29_39 11239 11.14  207.2 2309.0   8.30    0.0    0.0  0.00 200 200
2019-02-06T09_30_39 11264 11.14  207.2 2309.0   8.30    0.0    0.0  0.00 200 200
2019-02-06T09_31_39 11289 11.14  207.2 2309.0   8.30    0.0    0.0  0.00 200 200
2019-02-06T09_32_39 11314 11.14  207.2 2309.0   8.30    0.0    0.0  0.00 200 200
2019-02-06T09_33_39 11339 11.14  207.2 2309.0   8.30    0.0    0.0  0.00 200 200
2019-02-06T09_34_40 11364 11.14  207.2 2309.0   8.30    0.0    0.0  0.00 200 200
2019-02-06T09_35_40 11389 11.14  207.2 2309.0   8.30    0.0    0.0  0.00 200 200
2019-02-06T09_36_40 11414 11.14  207.2 2309.0   8.30    0.0    0.0  0.00 200 200
2019-02-06T09_37_40 11439 11.14  207.2 2309.0   8.30    0.0    0.0  0.00 200 200
2019-02-06T09_38_40 11464 11.14  207.2 2309.0   8.30    0.0    0.0  0.00 200 200
2019-02-06T09_39_40 11489 11.14  207.2 2309.0   8.30    0.0    0.0  0.00 200 200
2019-02-06T09_40_40 11514 11.14  207.2 2309.0   8.30    0.0    0.0  0.00 200 200
2019-02-06T09_41_40 11539 11.14  207.2 2309.0   8.30    0.0    0.0  0.00 200 200
2019-02-06T09_42_40 11564 11.14  207.2 2309.0   8.30    0.0    0.0  0.00 200 200
2019-02-06T09_43_41 11589 11.14  207.2 2309.0   8.30    0.0    0.0  0.00 200 200
2019-02-06T09_44_41 11614 11.14  207.2 2309.0   8.30    0.0    0.0  0.00 200 200
2019-02-06T09_45_41 11639 11.14  207.2 2309.0   8.30    0.0    0.0  0.00 200 200
2019-02-06T09_46_41 11664 11.14  208.8 2325.2   8.30    0.0    0.0  0.00 200 200
2019-02-06T09_47_41 11689 11.14  207.6 2313.4   8.30    0.0    0.0  0.00 200 200
2019-02-06T09_48_41 11714 11.14  207.6 2313.4   8.30    0.0    0.0  0.00 200 200
2019-02-06T09_49_41 11739 11.14  207.6 2313.4   8.30    0.0    0.0  0.00 200 200
2019-02-06T09_50_41 11764 11.14  207.6 2313.4   8.30    0.0    0.0  0.00 200 200
2019-02-06T09_51_41 11789 11.14  207.2 2309.0   8.30    0.0    0.0  0.00 200 200
2019-02-06T09_52_42 11814 11.14  207.2 2309.0   8.30    0.0    0.0  0.00 200 200
2019-02-06T09_53_42 11839 11.14  207.2 2309.0   8.30    0.0    0.0  0.00 200 200
2019-02-06T09_54_42 11864 11.14  207.2 2309.0   8.30    0.0    0.0  0.00 200 200
2019-02-06T09_55_42 11889 11.14  207.2 2309.0   8.30    0.0    0.0  0.00 200 200
2019-02-06T09_56_42 11914 11.14  207.2 2309.0   8.30    0.0    0.0  0.00 200 200
2019-02-06T09_57_42 11939 11.14  207.2 2309.0   8.30    0.0    0.0  0.00 200 200
2019-02-06T09_58_42 11964 11.14  207.2 2309.0   8.30    0.0    0.0  0.00 200 200
2019-02-06T09_59_42 11989 11.14  207.2 2309.0   8.30    0.0    0.0  0.00 200 200
2019-02-06T10_00_42 12014 11.14  207.2 2309.0   8.30    0.0    0.0  0.00 200 200