2019-02-06T15_02_15 19539 11.14  209.2 2329.6   8.30    0.0    0.0  0.00 200 200
2019-02-06T15_03_15 19564 11.14  208.0 2317.9   8.30    0.0    0.0  0.00 200 200
2019-02-06T15_04_15 19589 11.14  207.6 2313.4   8.30    0.0    0.0  0.00 200 200
2019-02-06T15_05_15 19614 11.14  207.6 2313.4   8.30    0.0    0.0  0.00 200 200
2019-02-06T15_06_15 19639 11.14  207.2 2309.0   8.30    0.0    0.0  0.00 200 200
2019-02-06T15_07_15 19664 11.14  207.2 2309.0   8.30    0.0    0.0  0.00 200 200
2019-02-06T15_08_16 19689 11.14  207.2 2309.0   8.30    0.0    0.0  0.00 200 200
2019-02-06T15_09_16 19714 11.14  207.2 2309.0   8.30    0.0    0.0  0.00 200 200
2019-02-06T15_10_16 19739 11.14  207.6 2313.4   8.30    0.0    0.0  0.00 200 200
2019-02-06T15_11_16 19764 11.14  207.2 2309.0   8.30    0.0    0.0  0.00 200 200
2019-02-06T15_12_16 19789 11.14  208.0 2317.9   8.30    0.0    0.0  0.00 200 200
2019-02-06T15_13_16 19814 11.14  207.6 2313.4   8.30    0.0    0.0  0.00 200 200
2019-02-06T15_14_16 19839 11.14  207.6 2313.4   8.30    0.0    0.0  0.00 200 200
2019-02-06T15_15_16 19864 11.14  207.6 2313.4   8.30    0.0    0.0  0.00 200 200
2019-02-06T15_16_16 19889 11.14  207.2 2309.0   8.30    0.0    0.0  0.00 200 200
2019-02-06T15_17_17 19914 11.13  219.6 2443.7   8.29    0.0    0.0  0.00 200 200
2019-02-06T15_18_17 19939 11.14  207.2 2309.0   8.30    0.0    0.0  0.00 200 200
2019-02-06T15_19_17 19964 11.14  207.2 2309.0   8.30    0.0    0.0  0.00 200 200
2019-02-06T15_20_17 19989 11.14  207.2 2309.0   8.30    0.0    0.0  0.00 200 200
2019-02-06T15_21_17 20014 11.14  207.2 2309.0   8.30    0.0    0.0  0.00 200 200
2019-02-06T15_22_17 20039 11.14  207.6 2313.4   8.30    0.0    0.0  0.00 200 200
2019-02-06T15_23_17 20064 11.14  207.2 2309.0   8.30    0.0    0.0  0.00 200 200
2019-02-06T15_24_17 20089 11.14  207.2 2309.0   8.30    0.0    0.0  0.00 200 200
2019-02-06T15_25_17 20114 11.14  207.2 2309.0   8.30    0.0    0.0  0.00 200 200
2019-02-06T15_26_18 20139 11.14  207.2 2309.0   8.30    0.0    0.0  0.00 200 200
2019-02-06T15_27_18 20164 11.14  207.6 2313.4   8.30    0.0    0.0  0.00 200 200
2019-02-06T15_28_18 20189 11.14  207.2 2309.0   8.30    0.0    0.0  0.00 200 200
2019-02-06T15_29_18 20214 11.14  207.2 2309.0   8.30    0.0    0.0  0.00 200 200
2019-02-06T15_30_18 20239 11.14  207.2 2309.0   8.30    0.0    0.0  0.00 200 200
2019-02-06T15_31_18 20264 11.14  207.2 2309.0   8.30    0.0    0.0  0.00 200 200
2019-02-06T15_32_18 20289 11.14  207.2 2309.0   8.30    0.0    0.0  0.00 200 200
2019-02-06T15_33_18 20314 11.14  207.2 2309.0   8.30    0.0    0.0  0.00 200 200
2019-02-06T15_34_18 20339 11.14  207.2 2309.0   8.30    0.0    0.0  0.00 200 200
2019-02-06T15_35_19 20364 11.14  208.4 2322.4   8.30    0.0    0.0  0.00 200 200
2019-02-06T15_36_19 20389 11.14  208.0 2317.9   8.30    0.0    0.0  0.00 200 200
2019-02-06T15_37_19 20414 11.14  208.0 2317.9   8.30    0.0    0.0  0.00 200 200
2019-02-06T15_38_19 20439 11.14  207.6 2313.4   8.30    0.0    0.0  0.00 200 200
2019-02-06T15_39_19 20464 11.14  207.2 2309.0   8.30    0.0    0.0  0.00 200 200
2019-02-06T15_40_19 20489 11.14  207.2 2309.0   8.30    0.0    0.0  0.00 200 200
2019-02-06T15_41_19 20514 11.14  207.2 2309.0   8.30    0.0    0.0  0.00 200 200
2019-02-06T15_42_19 20539 11.14  207.2 2309.0   8.30    0.0    0.0  0.00 200 200
2019-02-06T15_43_19 20564 11.14  207.6 2313.4   8.30    0.0    0.0  0.00 200 200
2019-02-06T15_44_19 20589 11.14  207.2 2309.0   8.30    0.0    0.0  0.00 200 200
2019-02-06T15_45_20 20614 11.14  207.2 2309.0   8.30    0.0    0.0  0.00 200 200
2019-02-06T15_46_20 20639 11.14  207.2 2309.0   8.30    0.0    0.0  0.00 200 200
2019-02-06T15_47_20 20664 11.14  207.2 2309.0   8.30    0.0    0.0  0.00 200 200
2019-02-06T15_48_20 20689 11.14  207.2 2309.0   8.30    0.0    0.0  0.00 200 200
2019-02-06T15_49_20 20714 11.14  207.2 2309.0   8.30    0.0    0.0  0.00 200 200
2019-02-06T15_50_20 20739 11.14  207.2 2309.0   8.30    0.0    0.0  0.00 200 200
2019-02-06T15_51_20 20764 11.14  207.2 2309.0   8.30    0.0    0.0  0.00 200 200
2019-02-06T15_52_20 20789 11.14  207.2 2309.0   8.30    0.0    0.0  0.00 200 200
2019-02-06T15_53_20 20814 11.14  207.2 2309.0   8.30    0.0    0.0  0.00 200 200
2019-02-06T15_54_21 20839 11.14  207.2 2309.0   8.30    0.0    0.0  0.00 200 200
2019-02-06T15_55_21 20864 11.14  207.2 2309.0   8.30    0.0    0.0  0.00 200 200
2019-02-06T15_56_21 20889 11.14  207.2 2309.0   8.30    0.0    0.0  0.00 200 200
2019-02-06T15_57_21 20914 11.14  207.2 2309.0   8.30    0.0    0.0  0.00 200 200
2019-02-06T15_58_21 20939 11.14  208.4 2322.4   8.30    0.0    0.0  0.00 200 200
2019-02-06T15_59_21 20964 11.14  208.0 2317.9   8.30    0.0    0.0  0.00 200 200
2019-02-06T16_00_21 20989 11.14  207.6 2313.4   8.30    0.0    0.0  0.00 200 200
2019-02-06T16_01_21 21014 11.14  207.6 2313.4   8.30    0.0    0.0  0.00 200 200