2019-02-06T14_02_08 18039 11.14  207.2 2309.0   8.30    0.0    0.0  0.00 200 200
2019-02-06T14_03_09 18064 11.14  208.8 2325.2   8.30    0.0    0.0  0.00 200 200
2019-02-06T14_04_09 18089 11.14  207.6 2313.4   8.30    0.0    0.0  0.00 200 200
2019-02-06T14_05_09 18114 11.14  207.6 2313.4   8.30    0.0    0.0  0.00 200 200
2019-02-06T14_06_09 18139 11.14  207.6 2313.4   8.30    0.0    0.0  0.00 200 200
2019-02-06T14_07_09 18164 11.14  207.6 2313.4   8.30    0.0    0.0  0.00 200 200
2019-02-06T14_08_09 18189 11.14  207.6 2313.4   8.30    0.0    0.0  0.00 200 200
2019-02-06T14_09_09 18214 11.14  207.2 2309.0   8.30    0.0    0.0  0.00 200 200
2019-02-06T14_10_09 18239 11.14  207.6 2313.4   8.30    0.0    0.0  0.00 200 200
2019-02-06T14_11_09 18264 11.14  207.6 2313.4   8.30    0.0    0.0  0.00 200 200
2019-02-06T14_12_10 18289 11.14  207.6 2313.4   8.30    0.0    0.0  0.00 200 200
2019-02-06T14_13_10 18314 11.14  207.2 2309.0   8.30    0.0    0.0  0.00 200 200
2019-02-06T14_14_10 18339 11.14  207.2 2309.0   8.30    0.0    0.0  0.00 200 200
2019-02-06T14_15_10 18364 11.14  207.6 2313.4   8.30    0.0    0.0  0.00 200 200
2019-02-06T14_16_10 18389 11.14  207.6 2313.4   8.30    0.0    0.0  0.00 200 200
2019-02-06T14_17_10 18414 11.14  207.2 2309.0   8.30    0.0    0.0  0.00 200 200
2019-02-06T14_18_10 18439 11.14  207.2 2309.0   8.30    0.0    0.0  0.00 200 200
2019-02-06T14_19_10 18464 11.14  207.2 2309.0   8.30    0.0    0.0  0.00 200 200
2019-02-06T14_20_10 18489 11.14  207.2 2309.0   8.30    0.0    0.0  0.00 200 200
2019-02-06T14_21_10 18514 11.14  207.6 2313.4   8.30    0.0    0.0  0.00 200 200
2019-02-06T14_22_11 18539 11.14  207.2 2309.0   8.30    0.0    0.0  0.00 200 200
2019-02-06T14_23_11 18564 11.14  207.2 2309.0   8.30    0.0    0.0  0.00 200 200
2019-02-06T14_24_11 18589 11.14  207.2 2309.0   8.30    0.0    0.0  0.00 200 200
2019-02-06T14_25_11 18614 11.14  207.2 2309.0   8.30    0.0    0.0  0.00 200 200
2019-02-06T14_26_11 18639 11.14  208.0 2317.9   8.30    0.0    0.0  0.00 200 200
2019-02-06T14_27_11 18664 11.14  208.0 2317.9   8.30    0.0    0.0  0.00 200 200
2019-02-06T14_28_11 18689 11.14  207.6 2313.4   8.30    0.0    0.0  0.00 200 200
2019-02-06T14_29_11 18714 11.14  207.6 2313.4   8.30    0.0    0.0  0.00 200 200
2019-02-06T14_30_11 18739 11.14  207.2 2309.0   8.30    0.0    0.0  0.00 200 200
2019-02-06T14_31_12 18764 11.14  207.2 2309.0   8.30    0.0    0.0  0.00 200 200
2019-02-06T14_32_12 18789 11.14  207.2 2309.0   8.30    0.0    0.0  0.00 200 200
2019-02-06T14_33_12 18814 11.14  207.2 2309.0   8.30    0.0    0.0  0.00 200 200
2019-02-06T14_34_12 18839 11.14  207.2 2309.0   8.30    0.0    0.0  0.00 200 200
2019-02-06T14_35_12 18864 11.14  207.2 2309.0   8.30    0.0    0.0  0.00 200 200
2019-02-06T14_36_12 18889 11.14  207.2 2309.0   8.30    0.0    0.0  0.00 200 200
2019-02-06T14_37_12 18914 11.14  207.2 2309.0   8.30    0.0    0.0  0.00 200 200
2019-02-06T14_38_12 18939 11.14  207.2 2309.0   8.30    0.0    0.0  0.00 200 200
2019-02-06T14_39_12 18964 11.14  207.2 2309.0   8.30    0.0    0.0  0.00 200 200
2019-02-06T14_40_13 18989 11.14  207.2 2309.0   8.30    0.0    0.0  0.00 200 200
2019-02-06T14_41_13 19014 11.14  207.2 2309.0   8.30    0.0    0.0  0.00 200 200
2019-02-06T14_42_13 19039 11.14  207.2 2309.0   8.30    0.0    0.0  0.00 200 200
2019-02-06T14_43_13 19064 11.14  207.2 2309.0   8.30    0.0    0.0  0.00 200 200
2019-02-06T14_44_13 19089 11.14  207.2 2309.0   8.30    0.0    0.0  0.00 200 200
2019-02-06T14_45_13 19114 11.14  207.2 2309.0   8.30    0.0    0.0  0.00 200 200
2019-02-06T14_46_13 19139 11.14  207.2 2309.0   8.30    0.0    0.0  0.00 200 200
2019-02-06T14_47_13 19164 11.14  207.2 2309.0   8.30    0.0    0.0  0.00 200 200
2019-02-06T14_48_13 19189 11.14  207.2 2309.0   8.30    0.0    0.0  0.00 200 200
2019-02-06T14_49_14 19214 11.14  208.0 2317.9   8.30    0.0    0.0  0.00 200 200
2019-02-06T14_50_14 19239 11.14  208.0 2317.9   8.30    0.0    0.0  0.00 200 200
2019-02-06T14_51_14 19264 11.14  207.6 2313.4   8.30    0.0    0.0  0.00 200 200
2019-02-06T14_52_14 19289 11.14  207.6 2313.4   8.30    0.0    0.0  0.00 200 200
2019-02-06T14_53_14 19314 11.14  207.6 2313.4   8.30    0.0    0.0  0.00 200 200
2019-02-06T14_54_14 19339 11.14  207.2 2309.0   8.30    0.0    0.0  0.00 200 200
2019-02-06T14_55_14 19364 11.14  207.2 2309.0   8.30    0.0    0.0  0.00 200 200
2019-02-06T14_56_14 19389 11.14  207.6 2313.4   8.30    0.0    0.0  0.00 200 200
2019-02-06T14_57_14 19414 11.14  207.2 2309.0   8.30    0.0    0.0  0.00 200 200
2019-02-06T14_58_15 19439 11.14  207.2 2309.0   8.30    0.0    0.0  0.00 200 200
2019-02-06T14_59_15 19464 11.14  207.2 2309.0   8.30    0.0    0.0  0.00 200 200
2019-02-06T15_00_15 19489 11.14  207.2 2309.0   8.30    0.0    0.0  0.00 200 200
2019-02-06T15_01_15 19514 11.14  213.6 2378.6   8.29    0.0    0.0  0.00 200 200