2019-02-06T08_01_31 9039 11.14  207.2 2309.0   8.30    0.0    0.0  0.00 200 200
2019-02-06T08_02_31 9064 11.14  207.2 2309.0   8.30    0.0    0.0  0.00 200 200
2019-02-06T08_03_31 9089 11.14  207.2 2309.0   8.30    0.0    0.0  0.00 200 200
2019-02-06T08_04_31 9114 11.14  207.2 2309.0   8.30    0.0    0.0  0.00 200 200
2019-02-06T08_05_31 9139 11.14  208.0 2317.9   8.30    0.0    0.0  0.00 200 200
2019-02-06T08_06_31 9164 11.14  207.2 2309.0   8.30    0.0    0.0  0.00 200 200
2019-02-06T08_07_31 9189 11.14  207.2 2309.0   8.30    0.0    0.0  0.00 200 200
2019-02-06T08_08_31 9214 11.14  207.2 2309.0   8.30    0.0    0.0  0.00 200 200
2019-02-06T08_09_31 9239 11.14  207.2 2309.0   8.30    0.0    0.0  0.00 200 200
2019-02-06T08_10_31 9264 11.14  207.2 2309.0   8.30    0.0    0.0  0.00 200 200
2019-02-06T08_11_31 9289 11.14  207.2 2309.0   8.30    0.0    0.0  0.00 200 200
2019-02-06T08_12_31 9314 11.14  207.2 2309.0   8.30    0.0    0.0  0.00 200 200
2019-02-06T08_13_32 9339 11.14  207.2 2309.0   8.30    0.0    0.0  0.00 200 200
2019-02-06T08_14_32 9364 11.14  207.2 2309.0   8.30    0.0    0.0  0.00 200 200
2019-02-06T08_15_32 9389 11.14  207.2 2309.0   8.30    0.0    0.0  0.00 200 200
2019-02-06T08_16_32 9414 11.14  207.2 2309.0   8.30    0.0    0.0  0.00 200 200
2019-02-06T08_17_32 9439 11.14  207.2 2309.0   8.30    0.0    0.0  0.00 200 200
2019-02-06T08_18_32 9464 11.14  207.2 2309.0   8.30    0.0    0.0  0.00 200 200
2019-02-06T08_19_32 9489 11.14  207.2 2309.0   8.30    0.0    0.0  0.00 200 200
2019-02-06T08_20_32 9514 11.14  207.2 2309.0   8.30    0.0    0.0  0.00 200 200
2019-02-06T08_21_32 9539 11.14  207.2 2309.0   8.30    0.0    0.0  0.00 200 200
2019-02-06T08_22_32 9564 11.14  207.2 2309.0   8.30    0.0    0.0  0.00 200 200
2019-02-06T08_23_32 9589 11.14  207.2 2309.0   8.30    0.0    0.0  0.00 200 200
2019-02-06T08_24_32 9614 11.14  207.2 2309.0   8.30    0.0    0.0  0.00 200 200
2019-02-06T08_25_32 9639 11.14  207.2 2309.0   8.30    0.0    0.0  0.00 200 200
2019-02-06T08_26_33 9664 11.14  207.2 2309.0   8.30    0.0    0.0  0.00 200 200
2019-02-06T08_27_33 9689 11.14  207.2 2309.0   8.30    0.0    0.0  0.00 200 200
2019-02-06T08_28_33 9714 11.14  207.2 2309.0   8.30    0.0    0.0  0.00 200 200
2019-02-06T08_29_33 9739 11.14  207.2 2309.0   8.30    0.0    0.0  0.00 200 200
2019-02-06T08_30_33 9764 11.14  207.6 2313.4   8.30    0.0    0.0  0.00 200 200
2019-02-06T08_31_33 9789 11.14  207.2 2309.0   8.30    0.0    0.0  0.00 200 200
2019-02-06T08_32_33 9814 11.14  207.2 2309.0   8.30    0.0    0.0  0.00 200 200
2019-02-06T08_33_33 9839 11.14  207.2 2309.0   8.30    0.0    0.0  0.00 200 200
2019-02-06T08_34_33 9864 11.14  208.4 2320.7   8.30    0.0    0.0  0.00 200 200
2019-02-06T08_35_33 9889 11.14  207.6 2313.4   8.30    0.0    0.0  0.00 200 200
2019-02-06T08_36_33 9914 11.14  208.0 2317.9   8.30    0.0    0.0  0.00 200 200
2019-02-06T08_37_33 9939 11.14  207.6 2313.4   8.30    0.0    0.0  0.00 200 200
2019-02-06T08_38_34 9964 11.14  207.6 2313.4   8.30    0.0    0.0  0.00 200 200
2019-02-06T08_39_34 9989 11.14  207.6 2313.4   8.30    0.0    0.0  0.00 200 200
2019-02-06T08_40_34 10014 11.14  207.2 2309.0   8.30    0.0    0.0  0.00 200 200
2019-02-06T08_41_34 10039 11.14  207.2 2309.0   8.30    0.0    0.0  0.00 200 200
2019-02-06T08_42_34 10064 11.14  207.2 2309.0   8.30    0.0    0.0  0.00 200 200
2019-02-06T08_43_34 10089 11.14  207.2 2309.0   8.30    0.0    0.0  0.00 200 200
2019-02-06T08_44_34 10114 11.14  207.2 2309.0   8.30    0.0    0.0  0.00 200 200
2019-02-06T08_45_34 10139 11.14  207.2 2309.0   8.30    0.0    0.0  0.00 200 200
2019-02-06T08_46_34 10164 11.14  207.6 2313.4   8.30    0.0    0.0  0.00 200 200
2019-02-06T08_47_34 10189 11.14  207.2 2309.0   8.30    0.0    0.0  0.00 200 200
2019-02-06T08_48_35 10214 11.14  207.2 2309.0   8.30    0.0    0.0  0.00 200 200
2019-02-06T08_49_35 10239 11.14  207.6 2313.4   8.30    0.0    0.0  0.00 200 200
2019-02-06T08_50_35 10264 11.14  207.2 2309.0   8.30    0.0    0.0  0.00 200 200
2019-02-06T08_51_35 10289 11.14  207.2 2309.0   8.30    0.0    0.0  0.00 200 200
2019-02-06T08_52_35 10314 11.14  207.2 2309.0   8.30    0.0    0.0  0.00 200 200
2019-02-06T08_53_35 10339 11.14  207.2 2309.0   8.30    0.0    0.0  0.00 200 200
2019-02-06T08_54_35 10364 11.14  207.2 2309.0   8.30    0.0    0.0  0.00 200 200
2019-02-06T08_55_35 10389 11.14  207.2 2309.0   8.30    0.0    0.0  0.00 200 200
2019-02-06T08_56_35 10414 11.14  207.2 2309.0   8.30    0.0    0.0  0.00 200 200
2019-02-06T08_57_36 10439 11.14  207.2 2309.0   8.30    0.0    0.0  0.00 200 200
2019-02-06T08_58_36 10464 11.14  207.2 2309.0   8.30    0.0    0.0  0.00 200 200
2019-02-06T08_59_36 10489 11.14  207.2 2309.0   8.30    0.0    0.0  0.00 200 200
2019-02-06T09_00_36 10514 11.14  209.6 2334.1   8.30    0.0    0.0  0.00 200 200