1999-12-31T00_00_00 220 -0.00   -0.0    0.0  -0.00   -0.0    0.0  1.00 200 200
1999-12-31T00_00_00 221 -0.00   -0.0    0.0  -0.00   -0.0    0.0  1.00 200 200
1999-12-31T00_00_00 222 -0.00   -0.0    0.0  -0.00   -0.0    0.0  1.00 200 200
1999-12-31T00_00_00 223 -0.00   -0.0    0.0  -0.00   -0.0    0.0  1.00 200 200
1999-12-31T00_00_00 224 -0.00   -0.0    0.0  -0.00   -0.0    0.0  1.00 200 200
1999-12-31T00_00_00 225 -0.00   -0.0    0.0  -0.00   -0.0    0.0  1.00 200 200
1999-12-31T00_00_00 226 -0.00   -0.0    0.0  -0.00   -0.0    0.0  1.00 200 200
1999-12-31T00_00_00 227 -0.00   -0.0    0.0  -0.00   -0.0    0.0  1.00 200 200
1999-12-31T00_00_00 228 -0.00   -0.0    0.0  -0.00   -0.0    0.0  1.00 200 200
1999-12-31T00_00_00 229 -0.00   -0.0    0.0  -0.00   -0.0    0.0  1.00 200 200
1999-12-31T00_00_00 230 -0.00   -0.0    0.0  -0.00   -0.0    0.0  1.00 200 200
1999-12-31T00_00_00 231 -0.00   -0.0    0.0  -0.00   -0.0    0.0  1.00 200 200
1999-12-31T00_00_00 232 -0.00   -0.0    0.0  -0.00   -0.0    0.0  1.00 200 200
1999-12-31T00_00_00 233 -0.00   -0.0    0.0  -0.00   -0.0    0.0  1.00 200 200
1999-12-31T00_00_00 234 -0.00   -0.0    0.0  -0.00   -0.0    0.0  1.00 200 200
1999-12-31T00_00_00 235 -0.00   -0.0    0.0  -0.00   -0.0    0.0  1.00 200 200
1999-12-31T00_00_00 236 -0.00   -0.0    0.0  -0.00   -0.0    0.0  1.00 200 200
1999-12-31T00_00_00 237 -0.00   -0.0    0.0  -0.00   -0.0    0.0  1.00 200 200
1999-12-31T00_00_00 238 -0.00   -0.0    0.0  -0.00   -0.0    0.0  1.00 200 200
1999-12-31T00_00_00 239 -0.00   -0.0    0.0  -0.00   -0.0    0.0  1.00 200 200
1999-12-31T00_00_00 240 -0.00   -0.0    0.0  -0.00   -0.0    0.0  1.00 200 200
1999-12-31T00_00_00 241 -0.00   -0.0    0.0  -0.00   -0.0    0.0  1.00 200 200
1999-12-31T00_00_00 242 -0.00   -0.0    0.0  -0.00   -0.0    0.0  1.00 200 200
1999-12-31T00_00_00 243 -0.00   -0.0    0.0  -0.00   -0.0    0.0  1.00 200 200
1999-12-31T00_00_00 244 -0.00   -0.0    0.0  -0.00   -0.0    0.0  1.00 200 200
1999-12-31T00_00_00 245 -0.00   -0.0    0.0  -0.00   -0.0    0.0  1.00 200 200
1999-12-31T00_00_00 246 -0.00   -0.0    0.0  -0.00   -0.0    0.0  1.00 200 200
1999-12-31T00_00_00 247 -0.00   -0.0    0.0  -0.00   -0.0    0.0  1.00 200 200
1999-12-31T00_00_00 248 -0.00   -0.0    0.0  -0.00   -0.0    0.0  1.00 200 200
1999-12-31T00_00_00 249 -0.00   -0.0    0.0  -0.00   -0.0    0.0  1.00 200 200
1999-12-31T00_00_00 250 -0.00   -0.0    0.0  -0.00   -0.0    0.0  1.00 200 200
1999-12-31T00_00_00 251 -0.00   -0.0    0.0  -0.00   -0.0    0.0  1.00 200 200
1999-12-31T00_00_00 252 -0.00   -0.0    0.0  -0.00   -0.0    0.0  1.00 200 200
1999-12-31T00_00_00 253 -0.00   -0.0    0.0  -0.00   -0.0    0.0  1.00 200 200
1999-12-31T00_00_00 254 -0.00   -0.0    0.0  -0.00   -0.0    0.0  1.00 200 200
1999-12-31T00_00_00 255 -0.00   -0.0    0.0  -0.00   -0.0    0.0  1.00 200 200
1999-12-31T00_00_00 256 -0.00   -0.0    0.0  -0.00   -0.0    0.0  1.00 200 200
1999-12-31T00_00_00 257 -0.00   -0.0    0.0  -0.00   -0.0    0.0  1.00 200 200
1999-12-31T00_00_00 258 -0.00   -0.0    0.0  -0.00   -0.0    0.0  1.00 200 200
1999-12-31T00_00_00 259 -0.00   -0.0    0.0  -0.00   -0.0    0.0  1.00 200 200
1999-12-31T00_00_00 260 -0.00   -0.0    0.0  -0.00   -0.0    0.0  1.00 200 200
1999-12-31T00_00_00 261 -0.00   -0.0    0.0  -0.00   -0.0    0.0  1.00 200 200
1999-12-31T00_00_00 262 -0.00   -0.0    0.0  -0.00   -0.0    0.0  1.00 200 200
1999-12-31T00_00_00 263 -0.00   -0.0    0.0  -0.00   -0.0    0.0  1.00 200 200
1999-12-31T00_00_00 264 -0.00   -0.0    0.0  -0.00   -0.0    0.0  1.00 200 200
1999-12-31T00_00_00 265 -0.00   -0.0    0.0  -0.00   -0.0    0.0  1.00 200 200
1999-12-31T00_00_00 266 -0.00   -0.0    0.0  -0.00   -0.0    0.0  1.00 200 200
1999-12-31T00_00_00 267 -0.00   -0.0    0.0  -0.00   -0.0    0.0  1.00 200 200
1999-12-31T00_00_00 268 -0.00   -0.0    0.0  -0.00   -0.0    0.0  1.00 200 200
1999-12-31T00_00_00 269 -0.00   -0.0    0.0  -0.00   -0.0    0.0  1.00 200 200
1999-12-31T00_00_00 270 -0.00   -0.0    0.0  -0.00   -0.0    0.0  1.00 200 200