2000-02-01T00_01_20 16 11.00  250.4 2754.4   8.18    0.0    0.0  0.00 200 200
2000-02-01T00_01_20 17 11.00  251.2 2763.2   8.18    0.0    0.0  0.00 200 200
2000-02-01T00_01_20 18 10.98  264.0 2899.7   8.17    0.0    0.0  0.00 200 200
2000-02-01T00_01_20 19 11.00  252.0 2772.0   8.18    0.0    0.0  0.00 200 200
2000-02-01T00_01_20 20 11.00  251.6 2767.6   8.18    0.0    0.0  0.00 200 200
2000-02-01T00_01_20 21 10.99  254.8 2800.7   8.18    0.0    0.0  0.00 200 200
2000-02-01T00_01_20 22 11.00  252.4 2776.4   8.18    0.0    0.0  0.00 200 200
2000-02-01T00_01_20 23 11.00  252.4 2776.4   8.18    0.0    0.0  0.00 200 200
2000-02-01T00_01_20 24 11.03  213.6 2356.4   8.20    0.0    0.0  0.00 200 200
2000-02-01T00_01_20 25 11.03  214.4 2365.2   8.20    0.0    0.0  0.00 200 200
2000-02-01T00_01_20 26 11.03  213.6 2356.4   8.20    0.0    0.0  0.00 200 200
2000-02-01T00_01_20 27 11.03  213.6 2356.4   8.20    0.0    0.0  0.00 200 200
2000-02-01T00_01_20 28 11.03  213.6 2356.4   8.20    0.0    0.0  0.00 200 200
2000-02-01T00_01_20 29 11.03  213.6 2356.4   8.20    0.0    0.0  0.00 200 200
2000-02-01T00_01_20 30 11.03  215.2 2374.0   8.20    0.0    0.0  0.00 200 200
2000-02-01T00_01_20 31 11.03  213.2 2352.0   8.20    0.0    0.0  0.00 200 200
2000-02-01T00_01_20 32 11.03  214.4 2365.2   8.20    0.0    0.0  0.00 200 200
2000-02-01T00_01_20 33 11.02  226.4 2495.8   8.19    0.0    0.0  0.00 200 200
2000-02-01T00_01_20 34 11.03  214.8 2369.6   8.20    0.0    0.0  0.00 200 200
2000-02-01T00_01_20 35 11.03  214.0 2360.8   8.20    0.0    0.0  0.00 200 200
2000-02-01T00_01_20 36 11.03  214.0 2360.8   8.20    0.0    0.0  0.00 200 200
2000-02-01T00_01_20 37 11.03  213.2 2352.0   8.20    0.0    0.0  0.00 200 200
2000-02-01T00_01_20 38 11.03  213.2 2352.0   8.20    0.0    0.0  0.00 200 200
2000-02-01T00_01_20 39 11.03  213.2 2352.0   8.20    0.0    0.0  0.00 200 200
2000-02-01T00_01_20 40 11.03  213.2 2352.0   8.20    0.0    0.0  0.00 200 200
2000-02-01T00_01_20 41 10.99  256.8 2822.7   8.18    0.0    0.0  0.00 200 200
2000-02-01T00_01_20 42 11.02  226.0 2491.4   8.19    0.0    0.0  0.00 200 200
2000-02-01T00_01_20 43 11.03  213.2 2352.0   8.20    0.0    0.0  0.00 200 200
2000-02-01T00_01_20 44 11.03  213.6 2356.4   8.20    0.0    0.0  0.00 200 200
2000-02-01T00_01_20 45 11.03  213.2 2352.0   8.21    0.0    0.0  0.00 200 200
2000-02-01T00_01_20 46 11.03  213.2 2352.0   8.21    0.0    0.0  0.00 200 200
2000-02-01T00_01_20 47 11.03  214.4 2365.2   8.20    0.0    0.0  0.00 200 200
2000-02-01T00_01_20 48 11.03  213.2 2352.0   8.21    0.0    0.0  0.00 200 200
2000-02-01T00_01_20 49 11.03  213.2 2352.0   8.21    0.0    0.0  0.00 200 200
2000-02-01T00_01_20 50 11.03  213.2 2352.0   8.21    0.0    0.0  0.00 200 200
2000-02-01T00_01_20 51 11.00  253.6 2789.6   8.18    0.0    0.0  0.00 200 200
2000-02-01T00_01_20 52 11.03  214.4 2365.2   8.21    0.0    0.0  0.00 200 200
2000-02-01T00_01_20 53 11.02  226.0 2491.4   8.19    0.0    0.0  0.00 200 200
2000-02-01T00_01_20 54 11.03  213.2 2352.0   8.21    0.0    0.0  0.00 200 200
2000-02-01T00_01_20 55 11.02  235.6 2595.3   8.19    0.0    0.0  0.00 200 200
2000-02-01T00_01_20 56 11.03  213.2 2352.0   8.21    0.0    0.0  0.00 200 200
2000-02-01T00_01_20 57 11.03  215.6 2378.5   8.21    0.0    0.0  0.00 200 200
2000-02-01T00_01_20 58 11.03  214.0 2360.8   8.21    0.0    0.0  0.00 200 200
2000-02-01T00_01_20 59 11.03  213.2 2352.0   8.21    0.0    0.0  0.00 200 200
2000-02-01T00_01_20 60 11.03  213.2 2352.0   8.21    0.0    0.0  0.00 200 200
2000-02-01T00_01_20 61 11.03  213.2 2352.0   8.21    0.0    0.0  0.00 200 200
2000-02-01T00_01_20 62 11.03  213.2 2352.0   8.21    0.0    0.0  0.00 200 200
2000-02-01T00_01_20 63 11.03  213.2 2352.0   8.21    0.0    0.0  0.00 200 200
2000-02-01T00_01_20 64 11.03  213.2 2352.0   8.21    0.0    0.0  0.00 200 200
2000-02-01T00_01_20 65 11.03  213.6 2356.4   8.21    0.0    0.0  0.00 200 200
2000-02-01T00_01_20 66 11.03  213.2 2352.0   8.21    0.0    0.0  0.00 200 200