2019-01-30T01_31_18 1775 11.03  212.0 2338.7   8.21    0.0    0.0  0.00 200 200
2019-01-30T01_31_20 1776 11.03  212.0 2338.7   8.21    0.0    0.0  0.00 200 200
2019-01-30T01_31_22 1777 11.03  212.0 2338.7   8.21    0.0    0.0  0.00 200 200
2019-01-30T01_31_25 1778 11.03  212.0 2338.7   8.21    0.0    0.0  0.00 200 200
2019-01-30T01_31_27 1779 11.03  212.0 2338.7   8.21    0.0    0.0  0.00 200 200
2019-01-30T01_31_30 1780 11.03  212.0 2338.7   8.21    0.0    0.0  0.00 200 200
2019-01-30T01_31_32 1781 11.03  212.0 2338.7   8.21    0.0    0.0  0.00 200 200
2019-01-30T01_31_35 1782 11.03  212.0 2338.7   8.21    0.0    0.0  0.00 200 200
2019-01-30T01_31_37 1783 11.03  212.4 2343.2   8.21    0.0    0.0  0.00 200 200
2019-01-30T01_31_40 1784 11.03  212.0 2338.7   8.21    0.0    0.0  0.00 200 200
2019-01-30T01_31_42 1785 11.03  212.0 2338.7   8.21    0.0    0.0  0.00 200 200
2019-01-30T01_31_45 1786 11.03  212.0 2338.7   8.21    0.0    0.0  0.00 200 200
2019-01-30T01_31_47 1787 11.03  212.0 2338.7   8.21    0.0    0.0  0.00 200 200
2019-01-30T01_31_49 1788 11.03  212.0 2338.7   8.21    0.0    0.0  0.00 200 200
2019-01-30T01_31_52 1789 11.03  212.0 2338.7   8.21    0.0    0.0  0.00 200 200
2019-01-30T01_31_54 1790 11.03  212.0 2338.7   8.21    0.0    0.0  0.00 200 200
2019-01-30T01_31_57 1791 11.03  212.0 2338.7   8.21    0.0    0.0  0.00 200 200
2019-01-30T01_31_59 1792 11.03  212.0 2338.7   8.21    0.0    0.0  0.00 200 200
2019-01-30T01_32_02 1793 11.03  212.0 2338.7   8.21    0.0    0.0  0.00 200 200
2019-01-30T01_32_04 1794 11.03  212.8 2347.6   8.21    0.0    0.0  0.00 200 200
2019-01-30T01_32_07 1795 11.03  212.0 2338.7   8.21    0.0    0.0  0.00 200 200
2019-01-30T01_32_09 1796 11.03  212.0 2338.7   8.21    0.0    0.0  0.00 200 200
2019-01-30T01_32_12 1797 11.03  212.4 2343.2   8.21    0.0    0.0  0.00 200 200
2019-01-30T01_32_14 1798 11.03  212.8 2347.6   8.21    0.0    0.0  0.00 200 200
2019-01-30T01_32_17 1799 11.03  212.0 2338.7   8.21    0.0    0.0  0.00 200 200
2019-01-30T01_32_19 1800 11.03  212.0 2338.7   8.21    0.0    0.0  0.00 200 200
2019-01-30T01_32_21 1801 11.03  212.0 2338.7   8.21    0.0    0.0  0.00 200 200
2019-01-30T01_32_24 1802 11.03  212.4 2343.2   8.21    0.0    0.0  0.00 200 200
2019-01-30T01_32_26 1803 11.03  212.0 2338.7   8.21    0.0    0.0  0.00 200 200
2019-01-30T01_32_29 1804 11.03  212.0 2338.7   8.21    0.0    0.0  0.00 200 200
2019-01-30T01_32_31 1805 11.03  212.4 2343.2   8.20    0.0    0.0  0.00 200 200
2019-01-30T01_32_34 1806 11.03  212.0 2338.7   8.21    0.0    0.0  0.00 200 200
2019-01-30T01_32_36 1807 11.03  212.0 2338.7   8.21    0.0    0.0  0.00 200 200
2019-01-30T01_32_39 1808 11.03  213.2 2352.0   8.20    0.0    0.0  0.00 200 200
2019-01-30T01_32_41 1809 11.03  212.0 2338.7   8.21    0.0    0.0  0.00 200 200
2019-01-30T01_32_44 1810 11.03  212.0 2338.7   8.21    0.0    0.0  0.00 200 200
2019-01-30T01_32_46 1811 11.03  212.0 2338.7   8.21    0.0    0.0  0.00 200 200
2019-01-30T01_32_49 1812 11.03  212.0 2338.7   8.21    0.0    0.0  0.00 200 200
2019-01-30T01_32_51 1813 11.03  212.0 2338.7   8.21    0.0    0.0  0.00 200 200
2019-01-30T01_32_53 1814 11.03  212.0 2338.7   8.21    0.0    0.0  0.00 200 200
2019-01-30T01_32_56 1815 11.03  212.0 2338.7   8.21    0.0    0.0  0.00 200 200
2019-01-30T01_32_58 1816 11.03  212.4 2343.2   8.21    0.0    0.0  0.00 200 200
2019-01-30T01_33_01 1817 11.02  224.0 2469.3   8.19    0.0    0.0  0.00 200 200
2019-01-30T01_33_03 1818 11.03  212.0 2338.7   8.21    0.0    0.0  0.00 200 200
2019-01-30T01_33_06 1819 11.03  212.4 2343.2   8.21    0.0    0.0  0.00 200 200
2019-01-30T01_33_08 1820 11.03  212.0 2338.7   8.21    0.0    0.0  0.00 200 200
2019-01-30T01_33_11 1821 11.03  212.0 2338.7   8.21    0.0    0.0  0.00 200 200
2019-01-30T01_33_13 1822 11.03  212.0 2338.7   8.21    0.0    0.0  0.00 200 200
2019-01-30T01_33_16 1823 11.03  212.0 2338.7   8.21    0.0    0.0  0.00 200 200
2019-01-30T01_33_18 1824 11.03  212.0 2338.7   8.21    0.0    0.0  0.00 200 200
2019-01-30T01_33_20 1825 11.03  211.6 2334.3   8.21    0.0    0.0  0.00 200 200