2019-01-30T01_48_01 2183 11.03  212.0 2338.7   8.21    0.0    0.0  0.00 200 200
2019-01-30T01_48_03 2184 11.03  211.2 2329.9   8.21    0.0    0.0  0.00 200 200
2019-01-30T01_48_06 2185 11.03  211.2 2329.9   8.21    0.0    0.0  0.00 200 200
2019-01-30T01_48_08 2186 11.03  211.2 2329.9   8.21    0.0    0.0  0.00 200 200
2019-01-30T01_48_11 2187 11.03  211.2 2329.9   8.21    0.0    0.0  0.00 200 200
2019-01-30T01_48_13 2188 11.03  211.2 2329.9   8.21    0.0    0.0  0.00 200 200
2019-01-30T01_48_15 2189 11.03  211.6 2334.3   8.21    0.0    0.0  0.00 200 200
2019-01-30T01_48_18 2190 11.03  211.2 2329.9   8.21    0.0    0.0  0.00 200 200
2019-01-30T01_48_20 2191 11.03  211.2 2329.9   8.21    0.0    0.0  0.00 200 200
2019-01-30T01_48_23 2192 11.03  212.8 2347.6   8.21    0.0    0.0  0.00 200 200
2019-01-30T01_48_25 2193 11.03  211.2 2329.9   8.21    0.0    0.0  0.00 200 200
2019-01-30T01_48_28 2194 11.03  211.2 2329.9   8.21    0.0    0.0  0.00 200 200
2019-01-30T01_48_30 2195 11.03  211.6 2334.3   8.21    0.0    0.0  0.00 200 200
2019-01-30T01_48_33 2196 11.03  211.2 2329.9   8.21    0.0    0.0  0.00 200 200
2019-01-30T01_48_35 2197 11.03  211.2 2329.9   8.21    0.0    0.0  0.00 200 200
2019-01-30T01_48_38 2198 11.03  211.2 2329.9   8.21    0.0    0.0  0.00 200 200
2019-01-30T01_48_40 2199 11.03  211.2 2329.9   8.21    0.0    0.0  0.00 200 200
2019-01-30T01_48_43 2200 11.03  211.6 2334.3   8.21    0.0    0.0  0.00 200 200
2019-01-30T01_48_45 2201 11.03  211.2 2329.9   8.21    0.0    0.0  0.00 200 200
2019-01-30T01_48_47 2202 11.03  211.2 2329.9   8.21    0.0    0.0  0.00 200 200
2019-01-30T01_48_50 2203 11.03  212.4 2343.2   8.21    0.0    0.0  0.00 200 200
2019-01-30T01_48_52 2204 11.03  211.2 2329.9   8.21    0.0    0.0  0.00 200 200
2019-01-30T01_48_55 2205 11.03  211.2 2329.9   8.21    0.0    0.0  0.00 200 200
2019-01-30T01_48_57 2206 11.03  211.2 2329.9   8.21    0.0    0.0  0.00 200 200
2019-01-30T01_49_00 2207 11.03  211.2 2329.9   8.21    0.0    0.0  0.00 200 200
2019-01-30T01_49_02 2208 11.03  211.2 2329.9   8.21    0.0    0.0  0.00 200 200
2019-01-30T01_49_05 2209 11.03  211.2 2329.9   8.21    0.0    0.0  0.00 200 200
2019-01-30T01_49_07 2210 11.03  211.2 2329.9   8.21    0.0    0.0  0.00 200 200
2019-01-30T01_49_10 2211 11.03  211.2 2329.9   8.21    0.0    0.0  0.00 200 200
2019-01-30T01_49_12 2212 11.03  211.2 2329.9   8.21    0.0    0.0  0.00 200 200
2019-01-30T01_49_14 2213 11.03  211.2 2329.9   8.21    0.0    0.0  0.00 200 200
2019-01-30T01_49_17 2214 11.03  211.6 2334.3   8.21    0.0    0.0  0.00 200 200
2019-01-30T01_49_19 2215 11.03  211.2 2329.9   8.21    0.0    0.0  0.00 200 200
2019-01-30T01_49_22 2216 11.03  211.2 2329.9   8.21    0.0    0.0  0.00 200 200
2019-01-30T01_49_24 2217 11.03  211.2 2329.9   8.21    0.0    0.0  0.00 200 200
2019-01-30T01_49_27 2218 11.03  211.2 2329.9   8.21    0.0    0.0  0.00 200 200
2019-01-30T01_49_29 2219 11.03  211.2 2329.9   8.21    0.0    0.0  0.00 200 200
2019-01-30T01_49_32 2220 11.03  211.2 2329.9   8.21    0.0    0.0  0.00 200 200
2019-01-30T01_49_34 2221 11.03  211.2 2329.9   8.21    0.0    0.0  0.00 200 200
2019-01-30T01_49_37 2222 11.03  211.2 2329.9   8.21    0.0    0.0  0.00 200 200
2019-01-30T01_49_39 2223 11.03  211.2 2329.9   8.21    0.0    0.0  0.00 200 200
2019-01-30T01_49_42 2224 11.03  211.2 2329.9   8.21    0.0    0.0  0.00 200 200
2019-01-30T01_49_44 2225 11.03  211.6 2334.3   8.21    0.0    0.0  0.00 200 200
2019-01-30T01_49_46 2226 11.03  211.2 2329.9   8.21    0.0    0.0  0.00 200 200
2019-01-30T01_49_49 2227 11.03  211.2 2329.9   8.21    0.0    0.0  0.00 200 200
2019-01-30T01_49_51 2228 11.03  211.2 2329.9   8.21    0.0    0.0  0.00 200 200
2019-01-30T01_49_54 2229 11.03  211.2 2329.9   8.21    0.0    0.0  0.00 200 200
2019-01-30T01_49_56 2230 11.03  211.2 2329.9   8.21    0.0    0.0  0.00 200 200
2019-01-30T01_49_59 2231 11.03  211.2 2329.9   8.21    0.0    0.0  0.00 200 200
2019-01-30T01_50_01 2232 11.02  223.2 2460.5   8.20    0.0    0.0  0.00 200 200
2019-01-30T01_50_04 2233 11.03  211.2 2329.9   8.21    0.0    0.0  0.00 200 200