2019-01-30T23_03_17 437 11.05  212.0 2342.1   8.22    0.0    0.0  0.00 200 200
2019-01-30T23_03_19 438 11.05  212.0 2342.1   8.22    0.0    0.0  0.00 200 200
2019-01-30T23_03_22 439 11.05  212.0 2342.1   8.22    0.0    0.0  0.00 200 200
2019-01-30T23_03_24 440 11.05  212.0 2342.1   8.22    0.0    0.0  0.00 200 200
2019-01-30T23_03_27 441 11.05  212.0 2342.1   8.22    0.0    0.0  0.00 200 200
2019-01-30T23_03_29 442 11.05  212.4 2346.6   8.22    0.0    0.0  0.00 200 200
2019-01-30T23_03_32 443 11.05  212.0 2342.1   8.22    0.0    0.0  0.00 200 200
2019-01-30T23_03_34 444 11.05  212.0 2342.1   8.22    0.0    0.0  0.00 200 200
2019-01-30T23_03_37 445 11.05  213.2 2355.4   8.22    0.0    0.0  0.00 200 200
2019-01-30T23_03_39 446 11.05  212.0 2342.1   8.22    0.0    0.0  0.00 200 200
2019-01-30T23_03_41 447 11.05  212.0 2342.1   8.22    0.0    0.0  0.00 200 200
2019-01-30T23_03_44 448 11.05  212.0 2342.1   8.22    0.0    0.0  0.00 200 200
2019-01-30T23_03_46 449 11.05  212.0 2342.1   8.22    0.0    0.0  0.00 200 200
2019-01-30T23_03_49 450 11.05  212.0 2342.1   8.22    0.0    0.0  0.00 200 200
2019-01-30T23_03_51 451 11.05  212.0 2342.1   8.22    0.0    0.0  0.00 200 200
2019-01-30T23_03_54 452 11.05  212.0 2342.1   8.22    0.0    0.0  0.00 200 200
2019-01-30T23_03_56 453 11.05  212.4 2346.6   8.22    0.0    0.0  0.00 200 200
2019-01-30T23_03_59 454 11.05  212.0 2342.1   8.22    0.0    0.0  0.00 200 200
2019-01-30T23_04_01 455 11.05  212.0 2342.1   8.22    0.0    0.0  0.00 200 200
2019-01-30T23_04_04 456 11.05  212.8 2351.0   8.22    0.0    0.0  0.00 200 200
2019-01-30T23_04_06 457 11.05  212.0 2342.1   8.22    0.0    0.0  0.00 200 200
2019-01-30T23_04_09 458 11.05  212.0 2342.1   8.22    0.0    0.0  0.00 200 200
2019-01-30T23_04_11 459 11.05  212.0 2342.1   8.22    0.0    0.0  0.00 200 200
2019-01-30T23_04_13 460 11.05  212.0 2342.1   8.22    0.0    0.0  0.00 200 200
2019-01-30T23_04_16 461 11.05  212.0 2342.1   8.22    0.0    0.0  0.00 200 200
2019-01-30T23_04_18 462 11.05  212.0 2342.1   8.22    0.0    0.0  0.00 200 200
2019-01-30T23_04_21 463 11.05  212.0 2342.1   8.22    0.0    0.0  0.00 200 200
2019-01-30T23_04_23 464 11.05  212.4 2346.6   8.22    0.0    0.0  0.00 200 200
2019-01-30T23_04_26 465 11.05  212.0 2342.1   8.22    0.0    0.0  0.00 200 200
2019-01-30T23_04_28 466 11.05  212.0 2342.1   8.22    0.0    0.0  0.00 200 200
2019-01-30T23_04_31 467 11.05  213.2 2355.4   8.22    0.0    0.0  0.00 200 200
2019-01-30T23_04_33 468 11.05  212.0 2342.1   8.22    0.0    0.0  0.00 200 200
2019-01-30T23_04_36 469 11.05  212.0 2342.1   8.22    0.0    0.0  0.00 200 200
2019-01-30T23_04_38 470 11.05  212.0 2342.1   8.22    0.0    0.0  0.00 200 200
2019-01-30T23_04_40 471 11.05  212.0 2342.1   8.22    0.0    0.0  0.00 200 200
2019-01-30T23_04_43 472 11.05  212.0 2342.1   8.22    0.0    0.0  0.00 200 200
2019-01-30T23_04_45 473 11.05  212.0 2342.1   8.22    0.0    0.0  0.00 200 200
2019-01-30T23_04_48 474 11.05  212.0 2342.1   8.22    0.0    0.0  0.00 200 200
2019-01-30T23_04_50 475 11.05  212.4 2346.6   8.22    0.0    0.0  0.00 200 200
2019-01-30T23_04_53 476 11.05  212.0 2342.1   8.22    0.0    0.0  0.00 200 200
2019-01-30T23_04_55 477 11.05  212.0 2342.1   8.22    0.0    0.0  0.00 200 200
2019-01-30T23_04_58 478 11.05  212.8 2351.0   8.22    0.0    0.0  0.00 200 200
2019-01-30T23_05_00 479 11.05  212.0 2342.1   8.22    0.0    0.0  0.00 200 200
2019-01-30T23_05_03 480 11.05  212.0 2342.1   8.22    0.0    0.0  0.00 200 200
2019-01-30T23_05_05 481 11.05  212.0 2342.1   8.22    0.0    0.0  0.00 200 200
2019-01-30T23_05_07 482 11.05  212.0 2342.1   8.22    0.0    0.0  0.00 200 200
2019-01-30T23_05_10 483 11.05  212.4 2346.6   8.22    0.0    0.0  0.00 200 200
2019-01-30T23_05_12 484 11.05  212.4 2346.6   8.22    0.0    0.0  0.00 200 200
2019-01-30T23_05_15 485 11.05  212.0 2342.1   8.22    0.0    0.0  0.00 200 200
2019-01-30T23_05_17 486 11.05  212.4 2346.6   8.22    0.0    0.0  0.00 200 200
2019-01-30T23_05_20 487 11.05  212.0 2342.1   8.22    0.0    0.0  0.00 200 200