2019-01-30T01_54_17 2336 11.03  211.2 2329.9   8.21    0.0    0.0  0.00 200 200
2019-01-30T01_54_19 2337 11.03  211.2 2329.9   8.21    0.0    0.0  0.00 200 200
2019-01-30T01_54_22 2338 11.03  211.2 2329.9   8.21    0.0    0.0  0.00 200 200
2019-01-30T01_54_24 2339 11.03  211.2 2329.9   8.21    0.0    0.0  0.00 200 200
2019-01-30T01_54_27 2340 11.03  211.2 2329.9   8.21    0.0    0.0  0.00 200 200
2019-01-30T01_54_29 2341 11.03  212.0 2338.7   8.21    0.0    0.0  0.00 200 200
2019-01-30T01_54_32 2342 11.03  211.2 2329.9   8.21    0.0    0.0  0.00 200 200
2019-01-30T01_54_34 2343 11.03  211.2 2329.9   8.21    0.0    0.0  0.00 200 200
2019-01-30T01_54_37 2344 11.03  211.2 2329.9   8.21    0.0    0.0  0.00 200 200
2019-01-30T01_54_39 2345 11.03  211.2 2329.9   8.21    0.0    0.0  0.00 200 200
2019-01-30T01_54_41 2346 11.03  211.2 2329.9   8.21    0.0    0.0  0.00 200 200
2019-01-30T01_54_44 2347 11.03  211.2 2329.9   8.21    0.0    0.0  0.00 200 200
2019-01-30T01_54_46 2348 11.03  211.2 2329.9   8.21    0.0    0.0  0.00 200 200
2019-01-30T01_54_49 2349 11.03  211.6 2334.3   8.21    0.0    0.0  0.00 200 200
2019-01-30T01_54_51 2350 11.03  211.2 2329.9   8.21    0.0    0.0  0.00 200 200
2019-01-30T01_54_54 2351 11.03  211.2 2329.9   8.21    0.0    0.0  0.00 200 200
2019-01-30T01_54_56 2352 11.03  211.6 2334.3   8.21    0.0    0.0  0.00 200 200
2019-01-30T01_54_59 2353 11.03  211.2 2329.9   8.21    0.0    0.0  0.00 200 200
2019-01-30T01_55_01 2354 11.03  211.2 2329.9   8.21    0.0    0.0  0.00 200 200
2019-01-30T01_55_04 2355 11.03  211.2 2329.9   8.21    0.0    0.0  0.00 200 200
2019-01-30T01_55_06 2356 11.03  211.2 2329.9   8.21    0.0    0.0  0.00 200 200
2019-01-30T01_55_09 2357 11.03  211.2 2329.9   8.21    0.0    0.0  0.00 200 200
2019-01-30T01_55_11 2358 11.03  211.2 2329.9   8.21    0.0    0.0  0.00 200 200
2019-01-30T01_55_13 2359 11.03  211.2 2329.9   8.21    0.0    0.0  0.00 200 200
2019-01-30T01_55_16 2360 11.03  211.2 2329.9   8.21    0.0    0.0  0.00 200 200
2019-01-30T01_55_18 2361 11.03  211.2 2329.9   8.21    0.0    0.0  0.00 200 200
2019-01-30T01_55_21 2362 11.03  211.2 2329.9   8.21    0.0    0.0  0.00 200 200
2019-01-30T01_55_23 2363 11.03  211.6 2334.3   8.21    0.0    0.0  0.00 200 200
2019-01-30T01_55_26 2364 11.03  211.2 2329.9   8.21    0.0    0.0  0.00 200 200
2019-01-30T01_55_28 2365 11.03  211.2 2329.9   8.21    0.0    0.0  0.00 200 200
2019-01-30T01_55_31 2366 11.03  212.0 2338.7   8.21    0.0    0.0  0.00 200 200
2019-01-30T01_55_33 2367 11.03  211.6 2334.3   8.21    0.0    0.0  0.00 200 200
2019-01-30T01_55_36 2368 11.03  211.6 2334.3   8.21    0.0    0.0  0.00 200 200
2019-01-30T01_55_38 2369 11.03  211.2 2329.9   8.21    0.0    0.0  0.00 200 200
2019-01-30T01_55_40 2370 11.03  211.6 2334.3   8.21    0.0    0.0  0.00 200 200
2019-01-30T01_55_43 2371 11.03  211.2 2329.9   8.21    0.0    0.0  0.00 200 200
2019-01-30T01_55_45 2372 11.03  212.0 2338.7   8.21    0.0    0.0  0.00 200 200
2019-01-30T01_55_48 2373 11.03  211.2 2329.9   8.21    0.0    0.0  0.00 200 200
2019-01-30T01_55_50 2374 11.03  211.6 2334.3   8.21    0.0    0.0  0.00 200 200
2019-01-30T01_55_53 2375 11.03  211.2 2329.9   8.21    0.0    0.0  0.00 200 200
2019-01-30T01_55_55 2376 11.03  211.2 2329.9   8.21    0.0    0.0  0.00 200 200
2019-01-30T01_55_58 2377 11.03  212.0 2338.7   8.21    0.0    0.0  0.00 200 200
2019-01-30T01_56_00 2378 11.03  211.2 2329.9   8.21    0.0    0.0  0.00 200 200
2019-01-30T01_56_03 2379 11.03  211.2 2329.9   8.21    0.0    0.0  0.00 200 200
2019-01-30T01_56_05 2380 11.03  211.6 2334.3   8.21    0.0    0.0  0.00 200 200
2019-01-30T01_56_08 2381 11.03  211.2 2329.9   8.21    0.0    0.0  0.00 200 200
2019-01-30T01_56_10 2382 11.03  211.2 2329.9   8.21    0.0    0.0  0.00 200 200
2019-01-30T01_56_12 2383 11.03  211.6 2334.3   8.21    0.0    0.0  0.00 200 200
2019-01-30T01_56_15 2384 11.03  211.6 2334.3   8.21    0.0    0.0  0.00 200 200
2019-01-30T01_56_17 2385 11.03  211.6 2334.3   8.21    0.0    0.0  0.00 200 200
2019-01-30T01_56_20 2386 11.03  211.2 2329.9   8.21    0.0    0.0  0.00 200 200