2019-01-30T23_47_10 1508 11.04  213.2 2353.7   8.22    0.0    0.0  0.00 200 200
2019-01-30T23_47_12 1509 11.04  213.2 2353.7   8.22    0.0    0.0  0.00 200 200
2019-01-30T23_47_15 1510 11.04  213.2 2353.7   8.22    0.0    0.0  0.00 200 200
2019-01-30T23_47_17 1511 11.04  213.2 2353.7   8.22    0.0    0.0  0.00 200 200
2019-01-30T23_47_19 1512 11.04  213.2 2353.7   8.22    0.0    0.0  0.00 200 200
2019-01-30T23_47_22 1513 11.04  214.0 2362.5   8.22    0.0    0.0  0.00 200 200
2019-01-30T23_47_24 1514 11.04  213.2 2353.7   8.22    0.0    0.0  0.00 200 200
2019-01-30T23_47_27 1515 11.04  213.2 2353.7   8.22    0.0    0.0  0.00 200 200
2019-01-30T23_47_29 1516 11.04  213.2 2353.7   8.22    0.0    0.0  0.00 200 200
2019-01-30T23_47_32 1517 11.04  213.2 2353.7   8.22    0.0    0.0  0.00 200 200
2019-01-30T23_47_34 1518 11.04  213.2 2353.7   8.22    0.0    0.0  0.00 200 200
2019-01-30T23_47_37 1519 11.04  213.2 2353.7   8.22    0.0    0.0  0.00 200 200
2019-01-30T23_47_39 1520 11.04  213.2 2353.7   8.22    0.0    0.0  0.00 200 200
2019-01-30T23_47_42 1521 11.04  213.6 2358.1   8.22    0.0    0.0  0.00 200 200
2019-01-30T23_47_44 1522 11.04  213.2 2353.7   8.22    0.0    0.0  0.00 200 200
2019-01-30T23_47_47 1523 11.04  213.2 2353.7   8.22    0.0    0.0  0.00 200 200
2019-01-30T23_47_49 1524 11.04  214.0 2362.5   8.22    0.0    0.0  0.00 200 200
2019-01-30T23_47_51 1525 11.04  213.2 2353.7   8.22    0.0    0.0  0.00 200 200
2019-01-30T23_47_54 1526 11.04  213.2 2353.7   8.22    0.0    0.0  0.00 200 200
2019-01-30T23_47_56 1527 11.04  213.2 2353.7   8.22    0.0    0.0  0.00 200 200
2019-01-30T23_47_59 1528 11.04  213.2 2353.7   8.22    0.0    0.0  0.00 200 200
2019-01-30T23_48_01 1529 11.04  213.2 2353.7   8.22    0.0    0.0  0.00 200 200
2019-01-30T23_48_04 1530 11.04  213.2 2353.7   8.22    0.0    0.0  0.00 200 200
2019-01-30T23_48_06 1531 11.04  213.2 2353.7   8.22    0.0    0.0  0.00 200 200
2019-01-30T23_48_09 1532 11.04  213.6 2358.1   8.22    0.0    0.0  0.00 200 200
2019-01-30T23_48_11 1533 11.04  213.2 2353.7   8.22    0.0    0.0  0.00 200 200
2019-01-30T23_48_14 1534 11.04  213.2 2353.7   8.22    0.0    0.0  0.00 200 200
2019-01-30T23_48_16 1535 11.04  213.6 2358.1   8.22    0.0    0.0  0.00 200 200
2019-01-30T23_48_18 1536 11.04  213.6 2358.1   8.22    0.0    0.0  0.00 200 200
2019-01-30T23_48_21 1537 11.04  212.8 2349.3   8.22    0.0    0.0  0.00 200 200
2019-01-30T23_48_23 1538 11.04  214.0 2362.5   8.22    0.0    0.0  0.00 200 200
2019-01-30T23_48_26 1539 11.04  212.8 2349.3   8.22    0.0    0.0  0.00 200 200
2019-01-30T23_48_28 1540 11.04  212.8 2349.3   8.22    0.0    0.0  0.00 200 200
2019-01-30T23_48_31 1541 11.04  212.8 2349.3   8.22    0.0    0.0  0.00 200 200
2019-01-30T23_48_33 1542 11.04  212.8 2349.3   8.22    0.0    0.0  0.00 200 200
2019-01-30T23_48_36 1543 11.04  213.2 2353.7   8.22    0.0    0.0  0.00 200 200
2019-01-30T23_48_38 1544 11.04  212.8 2349.3   8.22    0.0    0.0  0.00 200 200
2019-01-30T23_48_41 1545 11.04  212.8 2349.3   8.22    0.0    0.0  0.00 200 200
2019-01-30T23_48_43 1546 11.04  213.2 2353.7   8.22    0.0    0.0  0.00 200 200
2019-01-30T23_48_46 1547 11.04  212.8 2349.3   8.22    0.0    0.0  0.00 200 200
2019-01-30T23_48_48 1548 11.04  212.8 2349.3   8.22    0.0    0.0  0.00 200 200
2019-01-30T23_48_50 1549 11.04  214.0 2362.5   8.22    0.0    0.0  0.00 200 200
2019-01-30T23_48_53 1550 11.04  212.8 2349.3   8.22    0.0    0.0  0.00 200 200
2019-01-30T23_48_55 1551 11.04  213.2 2353.7   8.22    0.0    0.0  0.00 200 200
2019-01-30T23_48_58 1552 11.04  213.2 2353.7   8.22    0.0    0.0  0.00 200 200
2019-01-30T23_49_00 1553 11.04  213.2 2353.7   8.22    0.0    0.0  0.00 200 200
2019-01-30T23_49_03 1554 11.04  213.2 2353.7   8.22    0.0    0.0  0.00 200 200
2019-01-30T23_49_05 1555 11.04  212.8 2349.3   8.22    0.0    0.0  0.00 200 200
2019-01-30T23_49_08 1556 11.04  212.8 2349.3   8.22    0.0    0.0  0.00 200 200
2019-01-30T23_49_10 1557 11.04  213.2 2353.7   8.22    0.0    0.0  0.00 200 200
2019-01-30T23_49_13 1558 11.04  212.8 2349.3   8.22    0.0    0.0  0.00 200 200