2019-01-30T01_56_22 2387 11.03  211.6 2334.3   8.21    0.0    0.0  0.00 200 200
2019-01-30T01_56_25 2388 11.03  212.4 2343.2   8.21    0.0    0.0  0.00 200 200
2019-01-30T01_56_27 2389 11.03  211.2 2329.9   8.21    0.0    0.0  0.00 200 200
2019-01-30T01_56_30 2390 11.03  211.6 2334.3   8.21    0.0    0.0  0.00 200 200
2019-01-30T01_56_32 2391 11.03  211.2 2329.9   8.21    0.0    0.0  0.00 200 200
2019-01-30T01_56_35 2392 11.03  211.6 2334.3   8.21    0.0    0.0  0.00 200 200
2019-01-30T01_56_37 2393 11.03  211.6 2334.3   8.21    0.0    0.0  0.00 200 200
2019-01-30T01_56_40 2394 11.03  211.6 2334.3   8.21    0.0    0.0  0.00 200 200
2019-01-30T01_56_42 2395 11.03  211.6 2334.3   8.21    0.0    0.0  0.00 200 200
2019-01-30T01_56_44 2396 11.03  212.0 2338.7   8.21    0.0    0.0  0.00 200 200
2019-01-30T01_56_47 2397 11.03  211.6 2334.3   8.21    0.0    0.0  0.00 200 200
2019-01-30T01_56_49 2398 11.03  211.6 2334.3   8.21    0.0    0.0  0.00 200 200
2019-01-30T01_56_52 2399 11.03  212.4 2343.2   8.21    0.0    0.0  0.00 200 200
2019-01-30T01_56_54 2400 11.03  211.6 2334.3   8.21    0.0    0.0  0.00 200 200
2019-01-30T01_56_57 2401 11.03  211.6 2334.3   8.21    0.0    0.0  0.00 200 200
2019-01-30T01_56_59 2402 11.03  211.6 2334.3   8.21    0.0    0.0  0.00 200 200
2019-01-30T01_57_02 2403 11.03  214.4 2365.2   8.20    0.0    0.0  0.00 200 200
2019-01-30T01_57_04 2404 11.03  211.6 2334.3   8.21    0.0    0.0  0.00 200 200
2019-01-30T01_57_07 2405 11.03  211.6 2334.3   8.21    0.0    0.0  0.00 200 200
2019-01-30T01_57_09 2406 11.03  211.6 2334.3   8.21    0.0    0.0  0.00 200 200
2019-01-30T01_57_11 2407 11.03  211.6 2334.3   8.21    0.0    0.0  0.00 200 200
2019-01-30T01_57_14 2408 11.03  211.6 2334.3   8.21    0.0    0.0  0.00 200 200
2019-01-30T01_57_16 2409 11.03  211.6 2334.3   8.21    0.0    0.0  0.00 200 200
2019-01-30T01_57_19 2410 11.03  212.0 2338.7   8.21    0.0    0.0  0.00 200 200
2019-01-30T01_57_21 2411 11.03  211.6 2334.3   8.21    0.0    0.0  0.00 200 200
2019-01-30T01_57_24 2412 11.03  211.6 2334.3   8.21    0.0    0.0  0.00 200 200
2019-01-30T01_57_26 2413 11.03  211.6 2334.3   8.21    0.0    0.0  0.00 200 200
2019-01-30T01_57_29 2414 11.03  211.6 2334.3   8.21    0.0    0.0  0.00 200 200
2019-01-30T01_57_31 2415 11.03  211.6 2334.3   8.21    0.0    0.0  0.00 200 200
2019-01-30T01_57_34 2416 11.03  211.6 2334.3   8.21    0.0    0.0  0.00 200 200
2019-01-30T01_57_36 2417 11.03  211.6 2334.3   8.21    0.0    0.0  0.00 200 200
2019-01-30T01_57_39 2418 11.03  212.0 2338.7   8.21    0.0    0.0  0.00 200 200
2019-01-30T01_57_41 2419 11.03  212.0 2338.7   8.21    0.0    0.0  0.00 200 200
2019-01-30T01_57_43 2420 11.03  211.6 2334.3   8.21    0.0    0.0  0.00 200 200
2019-01-30T01_57_46 2421 11.03  212.0 2338.7   8.21    0.0    0.0  0.00 200 200
2019-01-30T01_57_48 2422 11.03  211.6 2334.3   8.21    0.0    0.0  0.00 200 200
2019-01-30T01_57_51 2423 11.03  212.0 2338.7   8.21    0.0    0.0  0.00 200 200
2019-01-30T01_57_53 2424 11.03  213.2 2352.0   8.21    0.0    0.0  0.00 200 200
2019-01-30T01_57_56 2425 11.03  212.0 2338.7   8.21    0.0    0.0  0.00 200 200
2019-01-30T01_57_58 2426 11.03  212.0 2338.7   8.21    0.0    0.0  0.00 200 200
2019-01-30T01_58_01 2427 11.03  214.8 2369.6   8.20    0.0    0.0  0.00 200 200
2019-01-30T01_58_03 2428 11.03  211.6 2334.3   8.21    0.0    0.0  0.00 200 200
2019-01-30T01_58_06 2429 11.03  212.8 2347.6   8.21    0.0    0.0  0.00 200 200
2019-01-30T01_58_08 2430 11.03  212.0 2338.7   8.21    0.0    0.0  0.00 200 200
2019-01-30T01_58_10 2431 11.03  212.0 2338.7   8.21    0.0    0.0  0.00 200 200
2019-01-30T01_58_13 2432 11.03  212.0 2338.7   8.21    0.0    0.0  0.00 200 200
2019-01-30T01_58_15 2433 11.03  212.0 2338.7   8.21    0.0    0.0  0.00 200 200
2019-01-30T01_58_18 2434 11.03  212.0 2338.7   8.21    0.0    0.0  0.00 200 200
2019-01-30T01_58_20 2435 11.03  212.4 2343.2   8.21    0.0    0.0  0.00 200 200
2019-01-30T01_58_23 2436 11.03  212.0 2338.7   8.21    0.0    0.0  0.00 200 200
2019-01-30T01_58_25 2437 11.03  212.0 2338.7   8.21    0.0    0.0  0.00 200 200