2019-01-30T01_45_55 2132 11.03  211.6 2334.3   8.21    0.0    0.0  0.00 200 200
2019-01-30T01_45_58 2133 11.03  211.6 2334.3   8.21    0.0    0.0  0.00 200 200
2019-01-30T01_46_00 2134 11.03  211.6 2334.3   8.21    0.0    0.0  0.00 200 200
2019-01-30T01_46_03 2135 11.03  211.6 2334.3   8.21    0.0    0.0  0.00 200 200
2019-01-30T01_46_05 2136 11.03  211.6 2334.3   8.21    0.0    0.0  0.00 200 200
2019-01-30T01_46_08 2137 11.03  211.2 2329.9   8.21    0.0    0.0  0.00 200 200
2019-01-30T01_46_10 2138 11.03  211.6 2334.3   8.21    0.0    0.0  0.00 200 200
2019-01-30T01_46_13 2139 11.03  211.6 2334.3   8.21    0.0    0.0  0.00 200 200
2019-01-30T01_46_15 2140 11.03  211.6 2334.3   8.21    0.0    0.0  0.00 200 200
2019-01-30T01_46_17 2141 11.03  211.2 2329.9   8.21    0.0    0.0  0.00 200 200
2019-01-30T01_46_20 2142 11.03  212.4 2343.2   8.21    0.0    0.0  0.00 200 200
2019-01-30T01_46_22 2143 11.03  211.6 2334.3   8.21    0.0    0.0  0.00 200 200
2019-01-30T01_46_25 2144 11.03  212.4 2343.2   8.21    0.0    0.0  0.00 200 200
2019-01-30T01_46_27 2145 11.03  212.4 2343.2   8.20    0.0    0.0  0.00 200 200
2019-01-30T01_46_30 2146 11.03  211.6 2334.3   8.21    0.0    0.0  0.00 200 200
2019-01-30T01_46_32 2147 11.03  211.2 2329.9   8.21    0.0    0.0  0.00 200 200
2019-01-30T01_46_35 2148 11.03  211.6 2334.3   8.21    0.0    0.0  0.00 200 200
2019-01-30T01_46_37 2149 11.03  211.6 2334.3   8.21    0.0    0.0  0.00 200 200
2019-01-30T01_46_40 2150 11.03  211.6 2334.3   8.21    0.0    0.0  0.00 200 200
2019-01-30T01_46_42 2151 11.03  211.2 2329.9   8.21    0.0    0.0  0.00 200 200
2019-01-30T01_46_44 2152 11.03  211.6 2334.3   8.21    0.0    0.0  0.00 200 200
2019-01-30T01_46_47 2153 11.03  211.6 2334.3   8.21    0.0    0.0  0.00 200 200
2019-01-30T01_46_49 2154 11.03  211.2 2329.9   8.21    0.0    0.0  0.00 200 200
2019-01-30T01_46_52 2155 11.03  211.2 2329.9   8.21    0.0    0.0  0.00 200 200
2019-01-30T01_46_54 2156 11.03  212.4 2343.2   8.21    0.0    0.0  0.00 200 200
2019-01-30T01_46_57 2157 11.03  211.2 2329.9   8.21    0.0    0.0  0.00 200 200
2019-01-30T01_46_59 2158 11.03  211.2 2329.9   8.21    0.0    0.0  0.00 200 200
2019-01-30T01_47_02 2159 11.03  211.2 2329.9   8.21    0.0    0.0  0.00 200 200
2019-01-30T01_47_04 2160 11.03  211.6 2334.3   8.21    0.0    0.0  0.00 200 200
2019-01-30T01_47_07 2161 11.03  211.6 2334.3   8.21    0.0    0.0  0.00 200 200
2019-01-30T01_47_09 2162 11.03  211.2 2329.9   8.21    0.0    0.0  0.00 200 200
2019-01-30T01_47_12 2163 11.03  211.2 2329.9   8.21    0.0    0.0  0.00 200 200
2019-01-30T01_47_14 2164 11.03  211.6 2334.3   8.21    0.0    0.0  0.00 200 200
2019-01-30T01_47_16 2165 11.03  211.6 2334.3   8.21    0.0    0.0  0.00 200 200
2019-01-30T01_47_19 2166 11.03  211.2 2329.9   8.21    0.0    0.0  0.00 200 200
2019-01-30T01_47_21 2167 11.03  212.0 2338.7   8.21    0.0    0.0  0.00 200 200
2019-01-30T01_47_24 2168 11.03  211.2 2329.9   8.21    0.0    0.0  0.00 200 200
2019-01-30T01_47_26 2169 11.03  211.2 2329.9   8.21    0.0    0.0  0.00 200 200
2019-01-30T01_47_29 2170 11.03  211.2 2329.9   8.21    0.0    0.0  0.00 200 200
2019-01-30T01_47_31 2171 11.03  211.2 2329.9   8.21    0.0    0.0  0.00 200 200
2019-01-30T01_47_34 2172 11.03  211.2 2329.9   8.21    0.0    0.0  0.00 200 200
2019-01-30T01_47_36 2173 11.03  211.2 2329.9   8.21    0.0    0.0  0.00 200 200
2019-01-30T01_47_39 2174 11.03  211.2 2329.9   8.21    0.0    0.0  0.00 200 200
2019-01-30T01_47_41 2175 11.03  211.2 2329.9   8.21    0.0    0.0  0.00 200 200
2019-01-30T01_47_43 2176 11.03  211.2 2329.9   8.21    0.0    0.0  0.00 200 200
2019-01-30T01_47_46 2177 11.03  211.2 2329.9   8.21    0.0    0.0  0.00 200 200
2019-01-30T01_47_48 2178 11.03  211.6 2334.3   8.21    0.0    0.0  0.00 200 200
2019-01-30T01_47_51 2179 11.03  211.2 2329.9   8.21    0.0    0.0  0.00 200 200
2019-01-30T01_47_53 2180 11.03  211.2 2329.9   8.21    0.0    0.0  0.00 200 200
2019-01-30T01_47_56 2181 11.03  211.2 2329.9   8.21    0.0    0.0  0.00 200 200
2019-01-30T01_47_58 2182 11.03  211.2 2329.9   8.21    0.0    0.0  0.00 200 200