2019-01-30T23_34_37 1202 11.04  212.8 2349.3   8.22    0.0    0.0  0.00 200 200
2019-01-30T23_34_40 1203 11.04  212.8 2349.3   8.22    0.0    0.0  0.00 200 200
2019-01-30T23_34_42 1204 11.04  212.8 2349.3   8.22    0.0    0.0  0.00 200 200
2019-01-30T23_34_45 1205 11.04  212.8 2349.3   8.22    0.0    0.0  0.00 200 200
2019-01-30T23_34_47 1206 11.04  212.8 2349.3   8.22    0.0    0.0  0.00 200 200
2019-01-30T23_34_50 1207 11.04  212.8 2349.3   8.22    0.0    0.0  0.00 200 200
2019-01-30T23_34_52 1208 11.04  212.8 2349.3   8.22    0.0    0.0  0.00 200 200
2019-01-30T23_34_54 1209 11.04  212.8 2349.3   8.22    0.0    0.0  0.00 200 200
2019-01-30T23_34_57 1210 11.04  212.8 2349.3   8.22    0.0    0.0  0.00 200 200
2019-01-30T23_34_59 1211 11.04  212.4 2344.9   8.22    0.0    0.0  0.00 200 200
2019-01-30T23_35_02 1212 11.04  213.2 2353.7   8.22    0.0    0.0  0.00 200 200
2019-01-30T23_35_04 1213 11.04  212.4 2344.9   8.22    0.0    0.0  0.00 200 200
2019-01-30T23_35_07 1214 11.04  212.4 2344.9   8.22    0.0    0.0  0.00 200 200
2019-01-30T23_35_09 1215 11.04  212.8 2349.3   8.22    0.0    0.0  0.00 200 200
2019-01-30T23_35_12 1216 11.04  212.4 2344.9   8.22    0.0    0.0  0.00 200 200
2019-01-30T23_35_14 1217 11.04  212.8 2349.3   8.22    0.0    0.0  0.00 200 200
2019-01-30T23_35_17 1218 11.04  212.8 2349.3   8.22    0.0    0.0  0.00 200 200
2019-01-30T23_35_19 1219 11.04  212.4 2344.9   8.22    0.0    0.0  0.00 200 200
2019-01-30T23_35_22 1220 11.04  212.8 2349.3   8.22    0.0    0.0  0.00 200 200
2019-01-30T23_35_24 1221 11.04  212.4 2344.9   8.22    0.0    0.0  0.00 200 200
2019-01-30T23_35_26 1222 11.04  212.4 2344.9   8.22    0.0    0.0  0.00 200 200
2019-01-30T23_35_29 1223 11.04  213.2 2353.7   8.22    0.0    0.0  0.00 200 200
2019-01-30T23_35_31 1224 11.04  212.4 2344.9   8.22    0.0    0.0  0.00 200 200
2019-01-30T23_35_34 1225 11.04  212.4 2344.9   8.22    0.0    0.0  0.00 200 200
2019-01-30T23_35_36 1226 11.04  212.4 2344.9   8.22    0.0    0.0  0.00 200 200
2019-01-30T23_35_39 1227 11.04  212.4 2344.9   8.22    0.0    0.0  0.00 200 200
2019-01-30T23_35_41 1228 11.04  212.4 2344.9   8.22    0.0    0.0  0.00 200 200
2019-01-30T23_35_44 1229 11.04  212.4 2344.9   8.22    0.0    0.0  0.00 200 200
2019-01-30T23_35_46 1230 11.04  212.4 2344.9   8.22    0.0    0.0  0.00 200 200
2019-01-30T23_35_49 1231 11.04  212.8 2349.3   8.22    0.0    0.0  0.00 200 200
2019-01-30T23_35_51 1232 11.04  212.4 2344.9   8.22    0.0    0.0  0.00 200 200
2019-01-30T23_35_53 1233 11.04  212.4 2344.9   8.22    0.0    0.0  0.00 200 200
2019-01-30T23_35_56 1234 11.04  213.2 2353.7   8.22    0.0    0.0  0.00 200 200
2019-01-30T23_35_58 1235 11.04  212.4 2344.9   8.22    0.0    0.0  0.00 200 200
2019-01-30T23_36_01 1236 11.04  212.4 2344.9   8.22    0.0    0.0  0.00 200 200
2019-01-30T23_36_03 1237 11.04  212.4 2344.9   8.22    0.0    0.0  0.00 200 200
2019-01-30T23_36_06 1238 11.04  212.4 2344.9   8.22    0.0    0.0  0.00 200 200
2019-01-30T23_36_08 1239 11.04  214.0 2362.5   8.22    0.0    0.0  0.00 200 200
2019-01-30T23_36_11 1240 11.04  212.4 2344.9   8.22    0.0    0.0  0.00 200 200
2019-01-30T23_36_13 1241 11.04  212.4 2344.9   8.22    0.0    0.0  0.00 200 200
2019-01-30T23_36_16 1242 11.04  212.4 2344.9   8.22    0.0    0.0  0.00 200 200
2019-01-30T23_36_18 1243 11.04  212.4 2344.9   8.22    0.0    0.0  0.00 200 200
2019-01-30T23_36_21 1244 11.04  212.4 2344.9   8.22    0.0    0.0  0.00 200 200
2019-01-30T23_36_23 1245 11.04  212.8 2349.3   8.22    0.0    0.0  0.00 200 200
2019-01-30T23_36_25 1246 11.04  212.4 2344.9   8.22    0.0    0.0  0.00 200 200
2019-01-30T23_36_28 1247 11.04  212.4 2344.9   8.22    0.0    0.0  0.00 200 200
2019-01-30T23_36_30 1248 11.04  212.4 2344.9   8.22    0.0    0.0  0.00 200 200
2019-01-30T23_36_33 1249 11.04  212.4 2344.9   8.22    0.0    0.0  0.00 200 200
2019-01-30T23_36_35 1250 11.04  212.4 2344.9   8.22    0.0    0.0  0.00 200 200
2019-01-30T23_36_38 1251 11.04  212.4 2344.9   8.22    0.0    0.0  0.00 200 200
2019-01-30T23_36_40 1252 11.04  212.4 2344.9   8.22    0.0    0.0  0.00 200 200