2019-01-30T23_05_22 488 11.05  212.0 2342.1   8.22    0.0    0.0  0.00 200 200
2019-01-30T23_05_25 489 11.05  212.4 2346.6   8.22    0.0    0.0  0.00 200 200
2019-01-30T23_05_27 490 11.05  212.0 2342.1   8.22    0.0    0.0  0.00 200 200
2019-01-30T23_05_30 491 11.05  212.0 2342.1   8.22    0.0    0.0  0.00 200 200
2019-01-30T23_05_32 492 11.05  212.4 2346.6   8.22    0.0    0.0  0.00 200 200
2019-01-30T23_05_35 493 11.05  212.0 2342.1   8.22    0.0    0.0  0.00 200 200
2019-01-30T23_05_37 494 11.05  212.0 2342.1   8.22    0.0    0.0  0.00 200 200
2019-01-30T23_05_39 495 11.05  212.0 2342.1   8.22    0.0    0.0  0.00 200 200
2019-01-30T23_05_42 496 11.05  212.4 2346.6   8.22    0.0    0.0  0.00 200 200
2019-01-30T23_05_44 497 11.05  212.0 2342.1   8.22    0.0    0.0  0.00 200 200
2019-01-30T23_05_47 498 11.05  212.0 2342.1   8.22    0.0    0.0  0.00 200 200
2019-01-30T23_05_49 499 11.05  212.0 2342.1   8.22    0.0    0.0  0.00 200 200
2019-01-30T23_05_52 500 11.05  212.8 2351.0   8.22    0.0    0.0  0.00 200 200
2019-01-30T23_05_54 501 11.05  212.0 2342.1   8.22    0.0    0.0  0.00 200 200
2019-01-30T23_05_57 502 11.05  212.4 2346.6   8.22    0.0    0.0  0.00 200 200
2019-01-30T23_05_59 503 11.05  212.0 2342.1   8.22    0.0    0.0  0.00 200 200
2019-01-30T23_06_02 504 11.05  212.4 2346.6   8.22    0.0    0.0  0.00 200 200
2019-01-30T23_06_04 505 11.05  212.4 2346.6   8.22    0.0    0.0  0.00 200 200
2019-01-30T23_06_06 506 11.05  212.0 2342.1   8.22    0.0    0.0  0.00 200 200
2019-01-30T23_06_09 507 11.05  212.0 2342.1   8.22    0.0    0.0  0.00 200 200
2019-01-30T23_06_11 508 11.05  212.4 2346.6   8.22    0.0    0.0  0.00 200 200
2019-01-30T23_06_14 509 11.05  212.0 2342.1   8.22    0.0    0.0  0.00 200 200
2019-01-30T23_06_16 510 11.05  212.0 2342.1   8.22    0.0    0.0  0.00 200 200
2019-01-30T23_06_19 511 11.05  212.4 2346.6   8.22    0.0    0.0  0.00 200 200
2019-01-30T23_06_21 512 11.05  212.4 2346.6   8.22    0.0    0.0  0.00 200 200
2019-01-30T23_06_24 513 11.05  212.4 2346.6   8.22    0.0    0.0  0.00 200 200
2019-01-30T23_06_26 514 11.05  212.8 2351.0   8.22    0.0    0.0  0.00 200 200
2019-01-30T23_06_29 515 11.05  212.4 2346.6   8.22    0.0    0.0  0.00 200 200
2019-01-30T23_06_31 516 11.05  212.4 2346.6   8.22    0.0    0.0  0.00 200 200
2019-01-30T23_06_34 517 11.05  212.4 2346.6   8.22    0.0    0.0  0.00 200 200
2019-01-30T23_06_36 518 11.05  212.4 2346.6   8.22    0.0    0.0  0.00 200 200
2019-01-30T23_06_38 519 11.05  212.4 2346.6   8.22    0.0    0.0  0.00 200 200
2019-01-30T23_06_41 520 11.05  212.4 2346.6   8.22    0.0    0.0  0.00 200 200
2019-01-30T23_06_43 521 11.05  212.4 2346.6   8.22    0.0    0.0  0.00 200 200
2019-01-30T23_06_46 522 11.05  212.4 2346.6   8.22    0.0    0.0  0.00 200 200
2019-01-30T23_06_48 523 11.05  212.4 2346.6   8.22    0.0    0.0  0.00 200 200
2019-01-30T23_06_51 524 11.05  212.4 2346.6   8.22    0.0    0.0  0.00 200 200
2019-01-30T23_06_53 525 11.05  213.6 2359.8   8.22    0.0    0.0  0.00 200 200
2019-01-30T23_06_56 526 11.05  212.4 2346.6   8.22    0.0    0.0  0.00 200 200
2019-01-30T23_06_58 527 11.05  212.4 2346.6   8.22    0.0    0.0  0.00 200 200
2019-01-30T23_07_01 528 11.05  212.4 2346.6   8.22    0.0    0.0  0.00 200 200
2019-01-30T23_07_03 529 11.05  212.4 2346.6   8.22    0.0    0.0  0.00 200 200
2019-01-30T23_07_05 530 11.05  212.4 2346.6   8.22    0.0    0.0  0.00 200 200
2019-01-30T23_07_08 531 11.04  218.0 2406.7   8.22    0.0    0.0  0.00 200 200
2019-01-30T23_07_10 532 11.05  212.4 2346.6   8.22    0.0    0.0  0.00 200 200
2019-01-30T23_07_13 533 11.05  212.4 2346.6   8.22    0.0    0.0  0.00 200 200
2019-01-30T23_07_15 534 11.05  212.4 2346.6   8.22    0.0    0.0  0.00 200 200
2019-01-30T23_07_18 535 11.05  212.4 2346.6   8.22    0.0    0.0  0.00 200 200
2019-01-30T23_07_20 536 11.05  213.2 2355.4   8.22    0.0    0.0  0.00 200 200
2019-01-30T23_07_23 537 11.05  212.4 2346.6   8.22    0.0    0.0  0.00 200 200
2019-01-30T23_07_25 538 11.05  212.4 2346.6   8.22    0.0    0.0  0.00 200 200