2019-01-30T01_52_12 2285 11.03  211.2 2329.9   8.21    0.0    0.0  0.00 200 200
2019-01-30T01_52_14 2286 11.03  211.2 2329.9   8.21    0.0    0.0  0.00 200 200
2019-01-30T01_52_16 2287 11.03  211.2 2329.9   8.21    0.0    0.0  0.00 200 200
2019-01-30T01_52_19 2288 11.03  211.2 2329.9   8.21    0.0    0.0  0.00 200 200
2019-01-30T01_52_21 2289 11.03  211.2 2329.9   8.21    0.0    0.0  0.00 200 200
2019-01-30T01_52_24 2290 11.03  211.2 2329.9   8.21    0.0    0.0  0.00 200 200
2019-01-30T01_52_26 2291 11.03  211.6 2334.3   8.21    0.0    0.0  0.00 200 200
2019-01-30T01_52_29 2292 11.03  211.2 2329.9   8.21    0.0    0.0  0.00 200 200
2019-01-30T01_52_31 2293 11.03  211.2 2329.9   8.21    0.0    0.0  0.00 200 200
2019-01-30T01_52_34 2294 11.03  211.6 2334.3   8.21    0.0    0.0  0.00 200 200
2019-01-30T01_52_36 2295 11.03  211.2 2329.9   8.21    0.0    0.0  0.00 200 200
2019-01-30T01_52_39 2296 11.03  211.2 2329.9   8.21    0.0    0.0  0.00 200 200
2019-01-30T01_52_41 2297 11.03  211.2 2329.9   8.21    0.0    0.0  0.00 200 200
2019-01-30T01_52_43 2298 11.03  211.2 2329.9   8.21    0.0    0.0  0.00 200 200
2019-01-30T01_52_46 2299 11.03  212.0 2338.7   8.21    0.0    0.0  0.00 200 200
2019-01-30T01_52_48 2300 11.03  211.2 2329.9   8.21    0.0    0.0  0.00 200 200
2019-01-30T01_52_51 2301 11.03  211.2 2329.9   8.21    0.0    0.0  0.00 200 200
2019-01-30T01_52_53 2302 11.03  211.2 2329.9   8.21    0.0    0.0  0.00 200 200
2019-01-30T01_52_56 2303 11.03  211.2 2329.9   8.21    0.0    0.0  0.00 200 200
2019-01-30T01_52_58 2304 11.03  211.2 2329.9   8.21    0.0    0.0  0.00 200 200
2019-01-30T01_53_01 2305 11.02  221.2 2438.5   8.20    0.0    0.0  0.00 200 200
2019-01-30T01_53_03 2306 11.03  211.2 2329.9   8.21    0.0    0.0  0.00 200 200
2019-01-30T01_53_06 2307 11.03  211.2 2329.9   8.21    0.0    0.0  0.00 200 200
2019-01-30T01_53_08 2308 11.03  211.2 2329.9   8.21    0.0    0.0  0.00 200 200
2019-01-30T01_53_11 2309 11.03  211.2 2329.9   8.21    0.0    0.0  0.00 200 200
2019-01-30T01_53_13 2310 11.03  211.2 2329.9   8.21    0.0    0.0  0.00 200 200
2019-01-30T01_53_15 2311 11.03  211.2 2329.9   8.21    0.0    0.0  0.00 200 200
2019-01-30T01_53_18 2312 11.03  211.2 2329.9   8.21    0.0    0.0  0.00 200 200
2019-01-30T01_53_20 2313 11.03  211.2 2329.9   8.21    0.0    0.0  0.00 200 200
2019-01-30T01_53_23 2314 11.03  211.2 2329.9   8.21    0.0    0.0  0.00 200 200
2019-01-30T01_53_25 2315 11.03  211.2 2329.9   8.21    0.0    0.0  0.00 200 200
2019-01-30T01_53_28 2316 11.03  211.2 2329.9   8.21    0.0    0.0  0.00 200 200
2019-01-30T01_53_30 2317 11.03  211.2 2329.9   8.21    0.0    0.0  0.00 200 200
2019-01-30T01_53_33 2318 11.03  211.2 2329.9   8.21    0.0    0.0  0.00 200 200
2019-01-30T01_53_35 2319 11.03  212.4 2343.2   8.21    0.0    0.0  0.00 200 200
2019-01-30T01_53_38 2320 11.03  211.2 2329.9   8.21    0.0    0.0  0.00 200 200
2019-01-30T01_53_40 2321 11.03  211.2 2329.9   8.21    0.0    0.0  0.00 200 200
2019-01-30T01_53_42 2322 11.03  211.2 2329.9   8.21    0.0    0.0  0.00 200 200
2019-01-30T01_53_45 2323 11.03  211.2 2329.9   8.21    0.0    0.0  0.00 200 200
2019-01-30T01_53_47 2324 11.03  211.2 2329.9   8.21    0.0    0.0  0.00 200 200
2019-01-30T01_53_50 2325 11.03  211.2 2329.9   8.21    0.0    0.0  0.00 200 200
2019-01-30T01_53_52 2326 11.03  211.2 2329.9   8.21    0.0    0.0  0.00 200 200
2019-01-30T01_53_55 2327 11.03  211.6 2334.3   8.21    0.0    0.0  0.00 200 200
2019-01-30T01_53_57 2328 11.03  211.2 2329.9   8.21    0.0    0.0  0.00 200 200
2019-01-30T01_54_00 2329 11.03  211.2 2329.9   8.21    0.0    0.0  0.00 200 200
2019-01-30T01_54_02 2330 11.03  211.6 2334.3   8.21    0.0    0.0  0.00 200 200
2019-01-30T01_54_05 2331 11.03  211.2 2329.9   8.21    0.0    0.0  0.00 200 200
2019-01-30T01_54_07 2332 11.03  211.2 2329.9   8.21    0.0    0.0  0.00 200 200
2019-01-30T01_54_10 2333 11.03  211.2 2329.9   8.21    0.0    0.0  0.00 200 200
2019-01-30T01_54_12 2334 11.03  211.2 2329.9   8.21    0.0    0.0  0.00 200 200
2019-01-30T01_54_14 2335 11.03  211.2 2329.9   8.21    0.0    0.0  0.00 200 200