2019-01-30T23_09_33 590 11.05  212.4 2346.6   8.22    0.0    0.0  0.00 200 200
2019-01-30T23_09_35 591 11.05  212.8 2351.0   8.22    0.0    0.0  0.00 200 200
2019-01-30T23_09_38 592 11.05  212.4 2346.6   8.22    0.0    0.0  0.00 200 200
2019-01-30T23_09_40 593 11.05  212.4 2346.6   8.22    0.0    0.0  0.00 200 200
2019-01-30T23_09_43 594 11.05  212.4 2346.6   8.22    0.0    0.0  0.00 200 200
2019-01-30T23_09_45 595 11.05  212.4 2346.6   8.22    0.0    0.0  0.00 200 200
2019-01-30T23_09_48 596 11.05  212.4 2346.6   8.22    0.0    0.0  0.00 200 200
2019-01-30T23_09_50 597 11.05  212.4 2346.6   8.22    0.0    0.0  0.00 200 200
2019-01-30T23_09_53 598 11.05  212.4 2346.6   8.22    0.0    0.0  0.00 200 200
2019-01-30T23_09_55 599 11.05  212.4 2346.6   8.22    0.0    0.0  0.00 200 200
2019-01-30T23_09_58 600 11.05  212.4 2346.6   8.22    0.0    0.0  0.00 200 200
2019-01-30T23_10_00 601 11.05  212.4 2346.6   8.22    0.0    0.0  0.00 200 200
2019-01-30T23_10_02 602 11.05  212.8 2351.0   8.22    0.0    0.0  0.00 200 200
2019-01-30T23_10_05 603 11.05  212.4 2346.6   8.22    0.0    0.0  0.00 200 200
2019-01-30T23_10_07 604 11.05  212.4 2346.6   8.22    0.0    0.0  0.00 200 200
2019-01-30T23_10_10 605 11.05  212.4 2346.6   8.22    0.0    0.0  0.00 200 200
2019-01-30T23_10_12 606 11.05  212.4 2346.6   8.22    0.0    0.0  0.00 200 200
2019-01-30T23_10_15 607 11.05  212.4 2346.6   8.22    0.0    0.0  0.00 200 200
2019-01-30T23_10_17 608 11.05  212.4 2346.6   8.22    0.0    0.0  0.00 200 200
2019-01-30T23_10_20 609 11.05  212.4 2346.6   8.22    0.0    0.0  0.00 200 200
2019-01-30T23_10_22 610 11.05  212.4 2346.6   8.22    0.0    0.0  0.00 200 200
2019-01-30T23_10_25 611 11.05  212.4 2346.6   8.22    0.0    0.0  0.00 200 200
2019-01-30T23_10_27 612 11.05  212.4 2346.6   8.22    0.0    0.0  0.00 200 200
2019-01-30T23_10_29 613 11.05  212.8 2351.0   8.22    0.0    0.0  0.00 200 200
2019-01-30T23_10_32 614 11.05  212.4 2346.6   8.22    0.0    0.0  0.00 200 200
2019-01-30T23_10_34 615 11.05  212.4 2346.6   8.22    0.0    0.0  0.00 200 200
2019-01-30T23_10_37 616 11.04  214.0 2362.5   8.22    0.0    0.0  0.00 200 200
2019-01-30T23_10_39 617 11.05  212.4 2346.6   8.22    0.0    0.0  0.00 200 200
2019-01-30T23_10_42 618 11.05  212.4 2346.6   8.22    0.0    0.0  0.00 200 200
2019-01-30T23_10_44 619 11.05  212.4 2346.6   8.22    0.0    0.0  0.00 200 200
2019-01-30T23_10_47 620 11.05  212.4 2346.6   8.22    0.0    0.0  0.00 200 200
2019-01-30T23_10_49 621 11.05  212.4 2346.6   8.22    0.0    0.0  0.00 200 200
2019-01-30T23_10_52 622 11.05  212.4 2346.6   8.22    0.0    0.0  0.00 200 200
2019-01-30T23_10_54 623 11.05  212.4 2346.6   8.22    0.0    0.0  0.00 200 200
2019-01-30T23_10_56 624 11.05  212.8 2351.0   8.22    0.0    0.0  0.00 200 200
2019-01-30T23_10_59 625 11.05  212.8 2351.0   8.22    0.0    0.0  0.00 200 200
2019-01-30T23_11_01 626 11.05  212.4 2346.6   8.22    0.0    0.0  0.00 200 200
2019-01-30T23_11_04 627 11.04  213.6 2358.1   8.22    0.0    0.0  0.00 200 200
2019-01-30T23_11_06 628 11.05  212.4 2346.6   8.22    0.0    0.0  0.00 200 200
2019-01-30T23_11_09 629 11.05  212.4 2346.6   8.22    0.0    0.0  0.00 200 200
2019-01-30T23_11_11 630 11.05  212.4 2346.6   8.22    0.0    0.0  0.00 200 200
2019-01-30T23_11_14 631 11.05  212.4 2346.6   8.22    0.0    0.0  0.00 200 200
2019-01-30T23_11_16 632 11.05  212.4 2346.6   8.22    0.0    0.0  0.00 200 200
2019-01-30T23_11_19 633 11.05  212.4 2346.6   8.22    0.0    0.0  0.00 200 200
2019-01-30T23_11_21 634 11.05  212.8 2351.0   8.22    0.0    0.0  0.00 200 200
2019-01-30T23_11_24 635 11.05  212.8 2351.0   8.22    0.0    0.0  0.00 200 200
2019-01-30T23_11_26 636 11.05  213.2 2355.4   8.22    0.0    0.0  0.00 200 200
2019-01-30T23_11_28 637 11.05  212.4 2346.6   8.22    0.0    0.0  0.00 200 200
2019-01-30T23_11_31 638 11.05  213.2 2355.4   8.22    0.0    0.0  0.00 200 200
2019-01-30T23_11_33 639 11.05  212.4 2346.6   8.22    0.0    0.0  0.00 200 200
2019-01-30T23_11_36 640 11.05  212.4 2346.6   8.22    0.0    0.0  0.00 200 200