2019-01-30T22_42_10 15 11.02  248.0 2731.9   8.20    0.0    0.0  0.00 200 200
2019-01-30T22_42_12 16 11.02  252.8 2784.8   8.20    0.0    0.0  0.00 200 200
2019-01-30T22_42_14 17 11.02  255.2 2811.2   8.19    0.0    0.0  0.00 200 200
2019-01-30T22_42_17 18 11.02  252.8 2784.8   8.20    0.0    0.0  0.00 200 200
2019-01-30T22_42_19 19 11.02  250.0 2754.0   8.20    0.0    0.0  0.00 200 200
2019-01-30T22_42_22 20 11.02  252.4 2780.4   8.20    0.0    0.0  0.00 200 200
2019-01-30T22_42_24 21 11.02  253.2 2789.2   8.20    0.0    0.0  0.00 200 200
2019-01-30T22_42_27 22 11.01  261.2 2875.2   8.19    0.0    0.0  0.00 200 200
2019-01-30T22_42_29 23 11.01  258.4 2844.4   8.19    0.0    0.0  0.00 200 200
2019-01-30T22_42_32 24 11.02  252.0 2776.0   8.20    0.0    0.0  0.00 200 200
2019-01-30T22_42_34 25 11.02  252.0 2776.0   8.20    0.0    0.0  0.00 200 200
2019-01-30T22_42_37 26 11.03  226.4 2497.6   8.22    0.0    0.0  0.00 200 200
2019-01-30T22_42_39 27 11.05  213.6 2359.8   8.22    0.0    0.0  0.00 200 200
2019-01-30T22_42_41 28 11.05  213.6 2359.8   8.22    0.0    0.0  0.00 200 200
2019-01-30T22_42_44 29 11.05  213.6 2359.8   8.22    0.0    0.0  0.00 200 200
2019-01-30T22_42_46 30 11.05  213.6 2359.8   8.22    0.0    0.0  0.00 200 200
2019-01-30T22_42_49 31 11.05  213.6 2359.8   8.22    0.0    0.0  0.00 200 200
2019-01-30T22_42_51 32 11.05  213.6 2359.8   8.22    0.0    0.0  0.00 200 200
2019-01-30T22_42_54 33 11.05  213.6 2359.8   8.22    0.0    0.0  0.00 200 200
2019-01-30T22_42_56 34 11.05  214.0 2364.2   8.22    0.0    0.0  0.00 200 200
2019-01-30T22_42_59 35 11.02  250.4 2758.4   8.20    0.0    0.0  0.00 200 200
2019-01-30T22_43_01 36 11.05  214.0 2364.2   8.22    0.0    0.0  0.00 200 200
2019-01-30T22_43_04 37 11.05  213.6 2359.8   8.22    0.0    0.0  0.00 200 200
2019-01-30T22_43_06 38 11.05  213.2 2355.4   8.22    0.0    0.0  0.00 200 200
2019-01-30T22_43_09 39 11.05  215.2 2377.5   8.22    0.0    0.0  0.00 200 200
2019-01-30T22_43_11 40 11.05  213.2 2355.4   8.22    0.0    0.0  0.00 200 200
2019-01-30T22_43_13 41 11.04  219.2 2419.9   8.22    0.0    0.0  0.00 200 200
2019-01-30T22_43_16 42 11.05  215.2 2377.5   8.22    0.0    0.0  0.00 200 200
2019-01-30T22_43_18 43 11.05  214.0 2364.2   8.22    0.0    0.0  0.00 200 200
2019-01-30T22_43_21 44 11.02  253.2 2789.2   8.19    0.0    0.0  0.00 200 200
2019-01-30T22_43_23 45 11.02  248.0 2731.9   8.20    0.0    0.0  0.00 200 200
2019-01-30T22_43_26 46 11.03  227.2 2506.4   8.22    0.0    0.0  0.00 200 200
2019-01-30T22_43_28 47 11.05  213.6 2359.8   8.22    0.0    0.0  0.00 200 200
2019-01-30T22_43_31 48 11.05  213.2 2355.4   8.22    0.0    0.0  0.00 200 200
2019-01-30T22_43_33 49 11.05  213.6 2359.8   8.22    0.0    0.0  0.00 200 200
2019-01-30T22_43_36 50 11.05  213.2 2355.4   8.22    0.0    0.0  0.00 200 200
2019-01-30T22_43_38 51 11.05  213.2 2355.4   8.22    0.0    0.0  0.00 200 200
2019-01-30T22_43_40 52 11.05  213.2 2355.4   8.22    0.0    0.0  0.00 200 200
2019-01-30T22_43_43 53 11.05  213.6 2359.8   8.22    0.0    0.0  0.00 200 200
2019-01-30T22_43_45 54 11.05  213.2 2355.4   8.22    0.0    0.0  0.00 200 200
2019-01-30T22_43_48 55 11.03  228.4 2519.7   8.21    0.0    0.0  0.00 200 200
2019-01-30T22_43_50 56 11.05  214.0 2364.2   8.22    0.0    0.0  0.00 200 200
2019-01-30T22_43_53 57 11.05  213.2 2355.4   8.22    0.0    0.0  0.00 200 200
2019-01-30T22_43_55 58 11.04  220.4 2433.2   8.22    0.0    0.0  0.00 200 200
2019-01-30T22_43_58 59 11.05  213.2 2355.4   8.22    0.0    0.0  0.00 200 200
2019-01-30T22_44_00 60 11.04  225.6 2490.6   8.22    0.0    0.0  0.00 200 200
2019-01-30T22_44_03 61 11.05  213.6 2359.8   8.22    0.0    0.0  0.00 200 200
2019-01-30T22_44_05 62 11.05  213.2 2355.4   8.22    0.0    0.0  0.00 200 200
2019-01-30T22_44_07 63 11.05  213.6 2359.8   8.22    0.0    0.0  0.00 200 200
2019-01-30T22_44_10 64 11.05  213.6 2359.8   8.22    0.0    0.0  0.00 200 200
2019-01-30T22_44_12 65 11.05  213.2 2355.4   8.22    0.0    0.0  0.00 200 200