2019-01-30T23_42_59 1406 11.04  212.8 2349.3   8.22    0.0    0.0  0.00 200 200
2019-01-30T23_43_01 1407 11.04  212.8 2349.3   8.22    0.0    0.0  0.00 200 200
2019-01-30T23_43_04 1408 11.04  213.2 2353.7   8.22    0.0    0.0  0.00 200 200
2019-01-30T23_43_06 1409 11.04  212.8 2349.3   8.22    0.0    0.0  0.00 200 200
2019-01-30T23_43_09 1410 11.03  224.8 2479.9   8.21    0.0    0.0  0.00 200 200
2019-01-30T23_43_11 1411 11.04  212.8 2349.3   8.22    0.0    0.0  0.00 200 200
2019-01-30T23_43_14 1412 11.04  213.2 2353.7   8.22    0.0    0.0  0.00 200 200
2019-01-30T23_43_16 1413 11.04  212.8 2349.3   8.22    0.0    0.0  0.00 200 200
2019-01-30T23_43_19 1414 11.04  212.8 2349.3   8.22    0.0    0.0  0.00 200 200
2019-01-30T23_43_21 1415 11.04  212.8 2349.3   8.22    0.0    0.0  0.00 200 200
2019-01-30T23_43_23 1416 11.04  213.2 2353.7   8.22    0.0    0.0  0.00 200 200
2019-01-30T23_43_26 1417 11.04  213.2 2353.7   8.22    0.0    0.0  0.00 200 200
2019-01-30T23_43_28 1418 11.04  213.2 2353.7   8.22    0.0    0.0  0.00 200 200
2019-01-30T23_43_31 1419 11.04  213.6 2358.1   8.22    0.0    0.0  0.00 200 200
2019-01-30T23_43_33 1420 11.04  213.6 2358.1   8.22    0.0    0.0  0.00 200 200
2019-01-30T23_43_36 1421 11.04  213.2 2353.7   8.22    0.0    0.0  0.00 200 200
2019-01-30T23_43_38 1422 11.04  213.2 2353.7   8.22    0.0    0.0  0.00 200 200
2019-01-30T23_43_41 1423 11.04  213.2 2353.7   8.22    0.0    0.0  0.00 200 200
2019-01-30T23_43_43 1424 11.04  214.0 2362.5   8.22    0.0    0.0  0.00 200 200
2019-01-30T23_43_46 1425 11.04  213.2 2353.7   8.22    0.0    0.0  0.00 200 200
2019-01-30T23_43_48 1426 11.04  213.2 2353.7   8.22    0.0    0.0  0.00 200 200
2019-01-30T23_43_50 1427 11.04  213.2 2353.7   8.22    0.0    0.0  0.00 200 200
2019-01-30T23_43_53 1428 11.04  212.8 2349.3   8.22    0.0    0.0  0.00 200 200
2019-01-30T23_43_55 1429 11.04  213.2 2353.7   8.22    0.0    0.0  0.00 200 200
2019-01-30T23_43_58 1430 11.04  213.6 2358.1   8.22    0.0    0.0  0.00 200 200
2019-01-30T23_44_00 1431 11.04  213.2 2353.7   8.22    0.0    0.0  0.00 200 200
2019-01-30T23_44_03 1432 11.04  213.2 2353.7   8.22    0.0    0.0  0.00 200 200
2019-01-30T23_44_05 1433 11.04  214.4 2366.9   8.22    0.0    0.0  0.00 200 200
2019-01-30T23_44_08 1434 11.04  213.2 2353.7   8.22    0.0    0.0  0.00 200 200
2019-01-30T23_44_10 1435 11.04  213.2 2353.7   8.22    0.0    0.0  0.00 200 200
2019-01-30T23_44_13 1436 11.04  213.2 2353.7   8.22    0.0    0.0  0.00 200 200
2019-01-30T23_44_15 1437 11.04  213.2 2353.7   8.22    0.0    0.0  0.00 200 200
2019-01-30T23_44_18 1438 11.04  213.2 2353.7   8.22    0.0    0.0  0.00 200 200
2019-01-30T23_44_20 1439 11.04  213.2 2353.7   8.22    0.0    0.0  0.00 200 200
2019-01-30T23_44_22 1440 11.04  213.2 2353.7   8.22    0.0    0.0  0.00 200 200
2019-01-30T23_44_25 1441 11.04  213.2 2353.7   8.22    0.0    0.0  0.00 200 200
2019-01-30T23_44_27 1442 11.04  213.2 2353.7   8.22    0.0    0.0  0.00 200 200
2019-01-30T23_44_30 1443 11.04  213.2 2353.7   8.22    0.0    0.0  0.00 200 200
2019-01-30T23_44_32 1444 11.04  214.4 2366.9   8.22    0.0    0.0  0.00 200 200
2019-01-30T23_44_35 1445 11.04  213.2 2353.7   8.22    0.0    0.0  0.00 200 200
2019-01-30T23_44_37 1446 11.04  213.2 2353.7   8.22    0.0    0.0  0.00 200 200
2019-01-30T23_44_40 1447 11.04  213.2 2353.7   8.22    0.0    0.0  0.00 200 200
2019-01-30T23_44_42 1448 11.04  213.2 2353.7   8.22    0.0    0.0  0.00 200 200
2019-01-30T23_44_45 1449 11.04  213.2 2353.7   8.22    0.0    0.0  0.00 200 200
2019-01-30T23_44_47 1450 11.04  213.2 2353.7   8.22    0.0    0.0  0.00 200 200
2019-01-30T23_44_49 1451 11.04  213.2 2353.7   8.22    0.0    0.0  0.00 200 200
2019-01-30T23_44_52 1452 11.04  213.6 2358.1   8.22    0.0    0.0  0.00 200 200
2019-01-30T23_44_54 1453 11.04  213.6 2358.1   8.22    0.0    0.0  0.00 200 200
2019-01-30T23_44_57 1454 11.04  213.2 2353.7   8.22    0.0    0.0  0.00 200 200
2019-01-30T23_44_59 1455 11.04  214.0 2362.5   8.22    0.0    0.0  0.00 200 200
2019-01-30T23_45_02 1456 11.04  213.2 2353.7   8.22    0.0    0.0  0.00 200 200