2019-01-30T22_52_50 182 11.05  213.2 2355.4   8.22    0.0    0.0  0.00 200 200
2019-01-30T22_52_53 183 11.05  213.6 2359.8   8.22    0.0    0.0  0.00 200 200
2019-01-30T22_52_55 184 11.05  213.2 2355.4   8.22    0.0    0.0  0.00 200 200
2019-01-30T22_52_58 185 11.05  213.2 2355.4   8.22    0.0    0.0  0.00 200 200
2019-01-30T22_53_00 186 11.05  213.2 2355.4   8.22    0.0    0.0  0.00 200 200
2019-01-30T22_53_02 187 11.05  213.2 2355.4   8.22    0.0    0.0  0.00 200 200
2019-01-30T22_53_05 188 11.05  213.2 2355.4   8.22    0.0    0.0  0.00 200 200
2019-01-30T22_53_07 189 11.05  213.2 2355.4   8.22    0.0    0.0  0.00 200 200
2019-01-30T22_53_10 190 11.05  213.2 2355.4   8.22    0.0    0.0  0.00 200 200
2019-01-30T22_53_12 191 11.05  213.2 2355.4   8.22    0.0    0.0  0.00 200 200
2019-01-30T22_53_15 192 11.05  213.2 2355.4   8.22    0.0    0.0  0.00 200 200
2019-01-30T22_53_17 193 11.05  213.2 2355.4   8.22    0.0    0.0  0.00 200 200
2019-01-30T22_53_20 194 11.05  213.2 2355.4   8.22    0.0    0.0  0.00 200 200
2019-01-30T22_53_22 195 11.05  213.2 2355.4   8.22    0.0    0.0  0.00 200 200
2019-01-30T22_53_25 196 11.05  213.2 2355.4   8.22    0.0    0.0  0.00 200 200
2019-01-30T22_53_27 197 11.05  212.8 2351.0   8.22    0.0    0.0  0.00 200 200
2019-01-30T22_53_30 198 11.05  213.2 2355.4   8.22    0.0    0.0  0.00 200 200
2019-01-30T22_53_32 199 11.05  213.2 2355.4   8.22    0.0    0.0  0.00 200 200
2019-01-30T22_53_34 200 11.05  213.2 2355.4   8.22    0.0    0.0  0.00 200 200
2019-01-30T22_53_37 201 11.05  212.8 2351.0   8.22    0.0    0.0  0.00 200 200
2019-01-30T22_53_39 202 11.05  213.2 2355.4   8.22    0.0    0.0  0.00 200 200
2019-01-30T22_53_42 203 11.05  213.2 2355.4   8.22    0.0    0.0  0.00 200 200
2019-01-30T22_53_44 204 11.05  212.8 2351.0   8.22    0.0    0.0  0.00 200 200
2019-01-30T22_53_47 205 11.05  213.6 2359.8   8.22    0.0    0.0  0.00 200 200
2019-01-30T22_53_49 206 11.05  213.2 2355.4   8.22    0.0    0.0  0.00 200 200
2019-01-30T22_53_52 207 11.05  212.8 2351.0   8.22    0.0    0.0  0.00 200 200
2019-01-30T22_53_54 208 11.05  212.4 2346.6   8.22    0.0    0.0  0.00 200 200
2019-01-30T22_53_57 209 11.05  212.4 2346.6   8.22    0.0    0.0  0.00 200 200
2019-01-30T22_53_59 210 11.05  212.4 2346.6   8.22    0.0    0.0  0.00 200 200
2019-01-30T22_54_01 211 11.05  212.4 2346.6   8.22    0.0    0.0  0.00 200 200
2019-01-30T22_54_04 212 11.05  212.4 2346.6   8.22    0.0    0.0  0.00 200 200
2019-01-30T22_54_06 213 11.05  212.4 2346.6   8.22    0.0    0.0  0.00 200 200
2019-01-30T22_54_09 214 11.05  212.4 2346.6   8.22    0.0    0.0  0.00 200 200
2019-01-30T22_54_11 215 11.05  212.4 2346.6   8.22    0.0    0.0  0.00 200 200
2019-01-30T22_54_14 216 11.05  212.8 2351.0   8.22    0.0    0.0  0.00 200 200
2019-01-30T22_54_16 217 11.05  212.4 2346.6   8.22    0.0    0.0  0.00 200 200
2019-01-30T22_54_19 218 11.05  212.4 2346.6   8.22    0.0    0.0  0.00 200 200
2019-01-30T22_54_21 219 11.05  214.0 2364.2   8.22    0.0    0.0  0.00 200 200
2019-01-30T22_54_24 220 11.05  212.4 2346.6   8.22    0.0    0.0  0.00 200 200
2019-01-30T22_54_26 221 11.05  212.4 2346.6   8.22    0.0    0.0  0.00 200 200
2019-01-30T22_54_28 222 11.05  212.8 2351.0   8.22    0.0    0.0  0.00 200 200
2019-01-30T22_54_31 223 11.05  212.4 2346.6   8.22    0.0    0.0  0.00 200 200
2019-01-30T22_54_33 224 11.05  212.4 2346.6   8.22    0.0    0.0  0.00 200 200
2019-01-30T22_54_36 225 11.05  212.4 2346.6   8.22    0.0    0.0  0.00 200 200
2019-01-30T22_54_38 226 11.05  212.4 2346.6   8.22    0.0    0.0  0.00 200 200
2019-01-30T22_54_41 227 11.05  212.8 2351.0   8.22    0.0    0.0  0.00 200 200
2019-01-30T22_54_43 228 11.05  212.4 2346.6   8.22    0.0    0.0  0.00 200 200
2019-01-30T22_54_46 229 11.05  212.8 2351.0   8.22    0.0    0.0  0.00 200 200
2019-01-30T22_54_48 230 11.05  213.6 2359.8   8.22    0.0    0.0  0.00 200 200
2019-01-30T22_54_51 231 11.05  212.4 2346.6   8.22    0.0    0.0  0.00 200 200
2019-01-30T22_54_53 232 11.05  212.4 2346.6   8.22    0.0    0.0  0.00 200 200