2019-01-30T01_58_28 2438 11.03  212.0 2338.7   8.21    0.0    0.0  0.00 200 200
2019-01-30T01_58_30 2439 11.03  212.0 2338.7   8.21    0.0    0.0  0.00 200 200
2019-01-30T01_58_33 2440 11.03  212.0 2338.7   8.21    0.0    0.0  0.00 200 200
2019-01-30T01_58_35 2441 11.03  212.4 2343.2   8.21    0.0    0.0  0.00 200 200
2019-01-30T01_58_38 2442 11.03  212.0 2338.7   8.21    0.0    0.0  0.00 200 200
2019-01-30T01_58_40 2443 11.03  212.0 2338.7   8.21    0.0    0.0  0.00 200 200
2019-01-30T01_58_42 2444 11.03  212.0 2338.7   8.21    0.0    0.0  0.00 200 200
2019-01-30T01_58_45 2445 11.03  212.0 2338.7   8.21    0.0    0.0  0.00 200 200
2019-01-30T01_58_47 2446 11.03  212.8 2347.6   8.21    0.0    0.0  0.00 200 200
2019-01-30T01_58_50 2447 11.03  212.0 2338.7   8.21    0.0    0.0  0.00 200 200
2019-01-30T01_58_52 2448 11.03  212.0 2338.7   8.21    0.0    0.0  0.00 200 200
2019-01-30T01_58_55 2449 11.03  212.0 2338.7   8.21    0.0    0.0  0.00 200 200
2019-01-30T01_58_57 2450 11.03  212.4 2343.2   8.21    0.0    0.0  0.00 200 200
2019-01-30T01_59_00 2451 11.03  212.0 2338.7   8.21    0.0    0.0  0.00 200 200
2019-01-30T01_59_02 2452 11.03  212.0 2338.7   8.21    0.0    0.0  0.00 200 200
2019-01-30T01_59_05 2453 11.03  212.0 2338.7   8.21    0.0    0.0  0.00 200 200
2019-01-30T01_59_07 2454 11.03  212.4 2343.2   8.21    0.0    0.0  0.00 200 200
2019-01-30T01_59_09 2455 11.03  212.0 2338.7   8.21    0.0    0.0  0.00 200 200
2019-01-30T01_59_12 2456 11.03  212.0 2338.7   8.21    0.0    0.0  0.00 200 200
2019-01-30T01_59_14 2457 11.03  212.4 2343.2   8.21    0.0    0.0  0.00 200 200
2019-01-30T01_59_17 2458 11.03  212.0 2338.7   8.21    0.0    0.0  0.00 200 200
2019-01-30T01_59_19 2459 11.03  212.0 2338.7   8.21    0.0    0.0  0.00 200 200
2019-01-30T01_59_22 2460 11.03  212.4 2343.2   8.21    0.0    0.0  0.00 200 200
2019-01-30T01_59_24 2461 11.03  212.0 2338.7   8.21    0.0    0.0  0.00 200 200
2019-01-30T01_59_27 2462 11.03  212.0 2338.7   8.21    0.0    0.0  0.00 200 200
2019-01-30T01_59_29 2463 11.03  212.0 2338.7   8.21    0.0    0.0  0.00 200 200
2019-01-30T01_59_32 2464 11.03  212.0 2338.7   8.21    0.0    0.0  0.00 200 200
2019-01-30T01_59_34 2465 11.03  212.4 2343.2   8.21    0.0    0.0  0.00 200 200
2019-01-30T01_59_37 2466 11.03  212.0 2338.7   8.21    0.0    0.0  0.00 200 200
2019-01-30T01_59_39 2467 11.03  212.0 2338.7   8.21    0.0    0.0  0.00 200 200
2019-01-30T01_59_41 2468 11.03  212.4 2343.2   8.21    0.0    0.0  0.00 200 200
2019-01-30T01_59_44 2469 11.03  212.0 2338.7   8.21    0.0    0.0  0.00 200 200
2019-01-30T01_59_46 2470 11.03  212.0 2338.7   8.21    0.0    0.0  0.00 200 200
2019-01-30T01_59_49 2471 11.03  212.0 2338.7   8.21    0.0    0.0  0.00 200 200
2019-01-30T01_59_51 2472 11.03  212.0 2338.7   8.21    0.0    0.0  0.00 200 200
2019-01-30T01_59_54 2473 11.03  212.4 2343.2   8.21    0.0    0.0  0.00 200 200
2019-01-30T01_59_56 2474 11.03  212.0 2338.7   8.21    0.0    0.0  0.00 200 200
2019-01-30T01_59_59 2475 11.03  212.0 2338.7   8.21    0.0    0.0  0.00 200 200
2019-01-30T02_00_01 2476 11.02  224.4 2473.7   8.20    0.0    0.0  0.00 200 200
2019-01-30T02_00_04 2477 11.03  212.0 2338.7   8.21    0.0    0.0  0.00 200 200
2019-01-30T02_00_06 2478 11.03  212.4 2343.2   8.21    0.0    0.0  0.00 200 200
2019-01-30T02_00_09 2479 11.03  212.4 2343.2   8.21    0.0    0.0  0.00 200 200
2019-01-30T02_00_11 2480 11.03  212.4 2343.2   8.21    0.0    0.0  0.00 200 200
2019-01-30T02_00_13 2481 11.03  212.4 2343.2   8.21    0.0    0.0  0.00 200 200
2019-01-30T02_00_16 2482 11.03  214.0 2360.8   8.20    0.0    0.0  0.00 200 200
2019-01-30T02_00_18 2483 11.03  212.4 2343.2   8.21    0.0    0.0  0.00 200 200
2019-01-30T02_00_21 2484 11.03  212.8 2347.6   8.21    0.0    0.0  0.00 200 200
2019-01-30T02_00_23 2485 11.03  212.0 2338.7   8.21    0.0    0.0  0.00 200 200
2019-01-30T02_00_26 2486 11.03  212.8 2347.6   8.21    0.0    0.0  0.00 200 200
2019-01-30T02_00_28 2487 11.03  212.4 2343.2   8.21    0.0    0.0  0.00 200 200
2019-01-30T02_00_31 2488 11.03  212.4 2343.2   8.21    0.0    0.0  0.00 200 200