2019-02-03T15_50_28 -6050 11.14  212.8 2369.7   7.86    0.0    0.0  0.00 190 190
2019-02-03T15_51_28 -6025 11.14  212.8 2369.7   7.86    0.0    0.0  0.00 190 190
2019-02-03T15_52_28 -6000 11.14  212.8 2369.7   7.86    0.0    0.0  0.00 190 190
2019-02-03T15_53_28 -5975 11.14  212.8 2369.7   7.86    0.0    0.0  0.00 190 190
2019-02-03T15_54_28 -5950 11.14  212.8 2369.7   7.86    0.0    0.0  0.00 190 190
2019-02-03T15_55_28 -5925 11.14  212.8 2369.7   7.86    0.0    0.0  0.00 190 190
2019-02-03T15_56_29 -5900 11.14  212.8 2369.7   7.86    0.0    0.0  0.00 190 190
2019-02-03T15_57_29 -5875 11.14  212.8 2369.7   7.86    0.0    0.0  0.00 190 190
2019-02-03T15_58_29 -5850 11.14  212.8 2369.7   7.86    0.0    0.0  0.00 190 190
2019-02-03T15_59_29 -5825 11.14  213.2 2374.2   7.86    0.0    0.0  0.00 190 190
2019-02-03T16_00_29 -5800 11.14  212.8 2369.7   7.86    0.0    0.0  0.00 190 190
2019-02-03T16_01_29 -5775 11.14  212.4 2365.2   7.86    0.0    0.0  0.00 190 190
2019-02-03T16_02_29 -5750 11.14  212.8 2369.7   7.86    0.0    0.0  0.00 190 190
2019-02-03T16_03_29 -5725 11.14  213.2 2374.2   7.86    0.0    0.0  0.00 190 190
2019-02-03T16_04_29 -5700 11.14  212.4 2365.2   7.86    0.0    0.0  0.00 190 190
2019-02-03T16_05_30 -5675 11.14  212.8 2369.7   7.86    0.0    0.0  0.00 190 190
2019-02-03T16_06_30 -5650 11.14  212.8 2369.7   7.86    0.0    0.0  0.00 190 190
2019-02-03T16_07_30 -5625 11.14  212.4 2365.2   7.86    0.0    0.0  0.00 190 190
2019-02-03T16_08_30 -5600 11.14  212.4 2365.2   7.86    0.0    0.0  0.00 190 190
2019-02-03T16_09_30 -5575 11.14  212.4 2365.2   7.86    0.0    0.0  0.00 190 190
2019-02-03T16_10_30 -5550 11.14  212.8 2369.7   7.86    0.0    0.0  0.00 190 190
2019-02-03T16_11_30 -5525 11.14  212.4 2365.2   7.86    0.0    0.0  0.00 190 190
2019-02-03T16_12_30 -5500 11.14  213.2 2374.2   7.86    0.0    0.0  0.00 190 190
2019-02-03T16_13_30 -5475 11.14  212.4 2365.2   7.86    0.0    0.0  0.00 190 190
2019-02-03T16_14_31 -5450 11.14  212.4 2365.2   7.86    0.0    0.0  0.00 190 190
2019-02-03T16_15_31 -5425 11.14  212.4 2365.2   7.86    0.0    0.0  0.00 190 190
2019-02-03T16_16_31 -5400 11.14  212.4 2365.2   7.86    0.0    0.0  0.00 190 190
2019-02-03T16_17_31 -5375 11.14  212.4 2365.2   7.86    0.0    0.0  0.00 190 190
2019-02-03T16_18_31 -5350 11.14  212.8 2369.7   7.86    0.0    0.0  0.00 190 190
2019-02-03T16_19_31 -5325 11.14  212.4 2365.2   7.86    0.0    0.0  0.00 190 190
2019-02-03T16_20_31 -5300 11.14  212.4 2365.2   7.86    0.0    0.0  0.00 190 190
2019-02-03T16_21_31 -5275 11.14  213.2 2374.2   7.86    0.0    0.0  0.00 190 190
2019-02-03T16_22_31 -5250 11.14  213.2 2374.2   7.86    0.0    0.0  0.00 190 190
2019-02-03T16_23_31 -5225 11.14  212.8 2369.7   7.86    0.0    0.0  0.00 190 190
2019-02-03T16_24_32 -5200 11.14  212.8 2369.7   7.86    0.0    0.0  0.00 190 190
2019-02-03T16_25_32 -5175 11.14  212.4 2365.2   7.86    0.0    0.0  0.00 190 190
2019-02-03T16_26_32 -5150 11.14  212.8 2369.7   7.86    0.0    0.0  0.00 190 190
2019-02-03T16_27_32 -5125 11.14  212.4 2365.2   7.86    0.0    0.0  0.00 190 190
2019-02-03T16_28_32 -5100 11.14  212.4 2365.2   7.86    0.0    0.0  0.00 190 190
2019-02-03T16_29_32 -5075 11.14  212.8 2369.7   7.86    0.0    0.0  0.00 190 190
2019-02-03T16_30_32 -5050 11.14  212.4 2365.2   7.86    0.0    0.0  0.00 190 190
2019-02-03T16_31_32 -5025 11.14  212.8 2369.7   7.86    0.0    0.0  0.00 190 190
2019-02-03T16_32_32 -5000 11.14  212.8 2369.7   7.86    0.0    0.0  0.00 190 190
2019-02-03T16_33_33 -4975 11.14  212.4 2365.2   7.86    0.0    0.0  0.00 190 190
2019-02-03T16_34_33 -4950 11.14  212.4 2365.2   7.86    0.0    0.0  0.00 190 190
2019-02-03T16_35_33 -4925 11.14  212.8 2369.7   7.86    0.0    0.0  0.00 190 190
2019-02-03T16_36_33 -4900 11.14  212.8 2369.7   7.86    0.0    0.0  0.00 190 190
2019-02-03T16_37_33 -4875 11.14  212.8 2369.7   7.86    0.0    0.0  0.00 190 190
2019-02-03T16_38_33 -4850 11.14  212.8 2369.7   7.86    0.0    0.0  0.00 190 190
2019-02-03T16_39_33 -4825 11.14  212.8 2369.7   7.86    0.0    0.0  0.00 190 190
2019-02-03T16_40_33 -4800 11.14  212.8 2369.7   7.86    0.0    0.0  0.00 190 190
2019-02-03T16_41_33 -4775 11.14  212.8 2369.7   7.86    0.0    0.0  0.00 190 190
2019-02-03T16_42_34 -4750 11.14  212.8 2369.7   7.86    0.0    0.0  0.00 190 190
2019-02-03T16_43_34 -4725 11.14  212.4 2365.2   7.86    0.0    0.0  0.00 190 190
2019-02-03T16_44_34 -4700 11.14  212.8 2369.7   7.86    0.0    0.0  0.00 190 190
2019-02-03T16_45_34 -4675 11.14  213.6 2378.6   7.86    0.0    0.0  0.00 190 190
2019-02-03T16_46_34 -4650 11.14  213.2 2374.2   7.86    0.0    0.0  0.00 190 190
2019-02-03T16_47_34 -4625 11.14  212.8 2369.7   7.86    0.0    0.0  0.00 190 190
2019-02-03T16_48_34 -4600 11.14  212.8 2369.7   7.86    0.0    0.0  0.00 190 190
2019-02-03T16_49_34 -4575 11.14  212.8 2369.7   7.86    0.0    0.0  0.00 190 190