2019-01-30T22_50_45 131 11.05  213.2 2355.4   8.22    0.0    0.0  0.00 200 200
2019-01-30T22_50_47 132 11.05  213.2 2355.4   8.22    0.0    0.0  0.00 200 200
2019-01-30T22_50_50 133 11.05  213.2 2355.4   8.22    0.0    0.0  0.00 200 200
2019-01-30T22_50_52 134 11.05  213.2 2355.4   8.22    0.0    0.0  0.00 200 200
2019-01-30T22_50_55 135 11.05  213.2 2355.4   8.22    0.0    0.0  0.00 200 200
2019-01-30T22_50_57 136 11.05  213.6 2359.8   8.22    0.0    0.0  0.00 200 200
2019-01-30T22_51_00 137 11.05  213.2 2355.4   8.22    0.0    0.0  0.00 200 200
2019-01-30T22_51_02 138 11.05  213.2 2355.4   8.22    0.0    0.0  0.00 200 200
2019-01-30T22_51_05 139 11.05  214.0 2364.2   8.22    0.0    0.0  0.00 200 200
2019-01-30T22_51_07 140 11.05  213.2 2355.4   8.22    0.0    0.0  0.00 200 200
2019-01-30T22_51_09 141 11.05  213.2 2355.4   8.22    0.0    0.0  0.00 200 200
2019-01-30T22_51_12 142 11.05  213.2 2355.4   8.22    0.0    0.0  0.00 200 200
2019-01-30T22_51_14 143 11.05  213.2 2355.4   8.22    0.0    0.0  0.00 200 200
2019-01-30T22_51_17 144 11.05  213.2 2355.4   8.22    0.0    0.0  0.00 200 200
2019-01-30T22_51_19 145 11.05  213.2 2355.4   8.22    0.0    0.0  0.00 200 200
2019-01-30T22_51_22 146 11.05  213.2 2355.4   8.22    0.0    0.0  0.00 200 200
2019-01-30T22_51_24 147 11.05  213.6 2359.8   8.22    0.0    0.0  0.00 200 200
2019-01-30T22_51_27 148 11.05  213.2 2355.4   8.22    0.0    0.0  0.00 200 200
2019-01-30T22_51_29 149 11.05  213.2 2355.4   8.22    0.0    0.0  0.00 200 200
2019-01-30T22_51_32 150 11.05  213.6 2359.8   8.22    0.0    0.0  0.00 200 200
2019-01-30T22_51_34 151 11.05  213.2 2355.4   8.22    0.0    0.0  0.00 200 200
2019-01-30T22_51_36 152 11.05  213.2 2355.4   8.22    0.0    0.0  0.00 200 200
2019-01-30T22_51_39 153 11.05  213.2 2355.4   8.22    0.0    0.0  0.00 200 200
2019-01-30T22_51_41 154 11.05  213.2 2355.4   8.22    0.0    0.0  0.00 200 200
2019-01-30T22_51_44 155 11.05  213.2 2355.4   8.22    0.0    0.0  0.00 200 200
2019-01-30T22_51_46 156 11.05  213.2 2355.4   8.22    0.0    0.0  0.00 200 200
2019-01-30T22_51_49 157 11.05  213.2 2355.4   8.22    0.0    0.0  0.00 200 200
2019-01-30T22_51_51 158 11.05  213.2 2355.4   8.22    0.0    0.0  0.00 200 200
2019-01-30T22_51_54 159 11.05  213.2 2355.4   8.22    0.0    0.0  0.00 200 200
2019-01-30T22_51_56 160 11.05  213.2 2355.4   8.22    0.0    0.0  0.00 200 200
2019-01-30T22_51_59 161 11.05  214.0 2364.2   8.22    0.0    0.0  0.00 200 200
2019-01-30T22_52_01 162 11.05  213.2 2355.4   8.22    0.0    0.0  0.00 200 200
2019-01-30T22_52_03 163 11.05  213.2 2355.4   8.22    0.0    0.0  0.00 200 200
2019-01-30T22_52_06 164 11.05  213.2 2355.4   8.22    0.0    0.0  0.00 200 200
2019-01-30T22_52_08 165 11.03  225.6 2488.8   8.22    0.0    0.0  0.00 200 200
2019-01-30T22_52_11 166 11.05  213.2 2355.4   8.22    0.0    0.0  0.00 200 200
2019-01-30T22_52_13 167 11.05  213.2 2355.4   8.22    0.0    0.0  0.00 200 200
2019-01-30T22_52_16 168 11.05  213.2 2355.4   8.22    0.0    0.0  0.00 200 200
2019-01-30T22_52_18 169 11.05  213.2 2355.4   8.22    0.0    0.0  0.00 200 200
2019-01-30T22_52_21 170 11.05  213.2 2355.4   8.22    0.0    0.0  0.00 200 200
2019-01-30T22_52_23 171 11.05  213.2 2355.4   8.22    0.0    0.0  0.00 200 200
2019-01-30T22_52_26 172 11.05  214.0 2364.2   8.22    0.0    0.0  0.00 200 200
2019-01-30T22_52_28 173 11.05  213.2 2355.4   8.22    0.0    0.0  0.00 200 200
2019-01-30T22_52_31 174 11.05  213.2 2355.4   8.22    0.0    0.0  0.00 200 200
2019-01-30T22_52_33 175 11.05  213.2 2355.4   8.22    0.0    0.0  0.00 200 200
2019-01-30T22_52_35 176 11.05  213.2 2355.4   8.22    0.0    0.0  0.00 200 200
2019-01-30T22_52_38 177 11.05  213.2 2355.4   8.22    0.0    0.0  0.00 200 200
2019-01-30T22_52_40 178 11.05  213.2 2355.4   8.22    0.0    0.0  0.00 200 200
2019-01-30T22_52_43 179 11.05  213.2 2355.4   8.22    0.0    0.0  0.00 200 200
2019-01-30T22_52_45 180 11.05  213.2 2355.4   8.22    0.0    0.0  0.00 200 200
2019-01-30T22_52_48 181 11.05  213.2 2355.4   8.22    0.0    0.0  0.00 200 200