2019-01-30T01_16_40 1418 11.03  213.6 2356.4   8.20    0.0    0.0  0.00 200 200
2019-01-30T01_16_42 1419 11.03  214.0 2360.8   8.20    0.0    0.0  0.00 200 200
2019-01-30T01_16_45 1420 11.03  213.2 2352.0   8.20    0.0    0.0  0.00 200 200
2019-01-30T01_16_47 1421 11.03  214.0 2360.8   8.20    0.0    0.0  0.00 200 200
2019-01-30T01_16_50 1422 11.03  213.2 2352.0   8.20    0.0    0.0  0.00 200 200
2019-01-30T01_16_52 1423 11.03  213.6 2356.4   8.20    0.0    0.0  0.00 200 200
2019-01-30T01_16_55 1424 11.03  214.0 2360.8   8.20    0.0    0.0  0.00 200 200
2019-01-30T01_16_57 1425 11.03  213.2 2352.0   8.20    0.0    0.0  0.00 200 200
2019-01-30T01_16_59 1426 11.03  213.6 2356.4   8.20    0.0    0.0  0.00 200 200
2019-01-30T01_17_02 1427 11.02  221.2 2438.5   8.20    0.0    0.0  0.00 200 200
2019-01-30T01_17_04 1428 11.03  215.2 2374.0   8.20    0.0    0.0  0.00 200 200
2019-01-30T01_17_07 1429 11.03  213.6 2356.4   8.20    0.0    0.0  0.00 200 200
2019-01-30T01_17_09 1430 11.03  214.0 2360.8   8.20    0.0    0.0  0.00 200 200
2019-01-30T01_17_12 1431 11.03  213.2 2352.0   8.20    0.0    0.0  0.00 200 200
2019-01-30T01_17_14 1432 11.03  213.6 2356.4   8.20    0.0    0.0  0.00 200 200
2019-01-30T01_17_17 1433 11.03  213.2 2352.0   8.21    0.0    0.0  0.00 200 200
2019-01-30T01_17_19 1434 11.03  213.2 2352.0   8.20    0.0    0.0  0.00 200 200
2019-01-30T01_17_22 1435 11.03  214.4 2365.2   8.20    0.0    0.0  0.00 200 200
2019-01-30T01_17_24 1436 11.03  213.2 2352.0   8.20    0.0    0.0  0.00 200 200
2019-01-30T01_17_26 1437 11.03  213.6 2356.4   8.20    0.0    0.0  0.00 200 200
2019-01-30T01_17_29 1438 11.03  213.2 2352.0   8.21    0.0    0.0  0.00 200 200
2019-01-30T01_17_31 1439 11.03  213.2 2352.0   8.20    0.0    0.0  0.00 200 200
2019-01-30T01_17_34 1440 11.03  213.2 2352.0   8.20    0.0    0.0  0.00 200 200
2019-01-30T01_17_36 1441 11.03  213.2 2352.0   8.21    0.0    0.0  0.00 200 200
2019-01-30T01_17_39 1442 11.03  213.2 2352.0   8.20    0.0    0.0  0.00 200 200
2019-01-30T01_17_41 1443 11.03  213.6 2356.4   8.20    0.0    0.0  0.00 200 200
2019-01-30T01_17_44 1444 11.03  213.2 2352.0   8.21    0.0    0.0  0.00 200 200
2019-01-30T01_17_46 1445 11.03  213.2 2352.0   8.21    0.0    0.0  0.00 200 200
2019-01-30T01_17_49 1446 11.03  213.6 2356.4   8.21    0.0    0.0  0.00 200 200
2019-01-30T01_17_51 1447 11.03  213.2 2352.0   8.21    0.0    0.0  0.00 200 200
2019-01-30T01_17_54 1448 11.03  213.6 2356.4   8.21    0.0    0.0  0.00 200 200
2019-01-30T01_17_56 1449 11.03  213.2 2352.0   8.21    0.0    0.0  0.00 200 200
2019-01-30T01_17_58 1450 11.03  213.2 2352.0   8.21    0.0    0.0  0.00 200 200
2019-01-30T01_18_01 1451 11.03  213.2 2352.0   8.21    0.0    0.0  0.00 200 200
2019-01-30T01_18_03 1452 11.03  213.2 2352.0   8.21    0.0    0.0  0.00 200 200
2019-01-30T01_18_06 1453 11.03  213.2 2352.0   8.21    0.0    0.0  0.00 200 200
2019-01-30T01_18_08 1454 11.03  213.2 2352.0   8.21    0.0    0.0  0.00 200 200
2019-01-30T01_18_11 1455 11.03  213.2 2352.0   8.21    0.0    0.0  0.00 200 200
2019-01-30T01_18_13 1456 11.03  213.2 2352.0   8.21    0.0    0.0  0.00 200 200
2019-01-30T01_18_16 1457 11.03  213.6 2356.4   8.20    0.0    0.0  0.00 200 200
2019-01-30T01_18_18 1458 11.03  213.2 2352.0   8.21    0.0    0.0  0.00 200 200
2019-01-30T01_18_21 1459 11.03  213.2 2352.0   8.21    0.0    0.0  0.00 200 200
2019-01-30T01_18_23 1460 11.03  213.2 2352.0   8.21    0.0    0.0  0.00 200 200
2019-01-30T01_18_25 1461 11.03  213.2 2352.0   8.21    0.0    0.0  0.00 200 200
2019-01-30T01_18_28 1462 11.03  213.2 2352.0   8.21    0.0    0.0  0.00 200 200
2019-01-30T01_18_30 1463 11.03  212.8 2347.6   8.21    0.0    0.0  0.00 200 200
2019-01-30T01_18_33 1464 11.03  213.2 2352.0   8.21    0.0    0.0  0.00 200 200
2019-01-30T01_18_35 1465 11.03  213.2 2352.0   8.21    0.0    0.0  0.00 200 200
2019-01-30T01_18_38 1466 11.03  213.6 2356.4   8.21    0.0    0.0  0.00 200 200
2019-01-30T01_18_40 1467 11.03  213.2 2352.0   8.21    0.0    0.0  0.00 200 200
2019-01-30T01_18_43 1468 11.03  213.6 2356.4   8.21    0.0    0.0  0.00 200 200