2019-01-30T01_20_51 1520 11.03  213.2 2352.0   8.21    0.0    0.0  0.00 200 200
2019-01-30T01_20_53 1521 11.03  213.2 2352.0   8.21    0.0    0.0  0.00 200 200
2019-01-30T01_20_55 1522 11.03  213.2 2352.0   8.21    0.0    0.0  0.00 200 200
2019-01-30T01_20_58 1523 11.03  213.2 2352.0   8.21    0.0    0.0  0.00 200 200
2019-01-30T01_21_00 1524 11.02  216.4 2385.5   8.20    0.0    0.0  0.00 200 200
2019-01-30T01_21_03 1525 11.03  213.2 2352.0   8.21    0.0    0.0  0.00 200 200
2019-01-30T01_21_05 1526 11.03  213.6 2356.4   8.20    0.0    0.0  0.00 200 200
2019-01-30T01_21_08 1527 11.03  213.2 2352.0   8.21    0.0    0.0  0.00 200 200
2019-01-30T01_21_10 1528 11.03  213.2 2352.0   8.21    0.0    0.0  0.00 200 200
2019-01-30T01_21_13 1529 11.03  214.0 2360.8   8.20    0.0    0.0  0.00 200 200
2019-01-30T01_21_15 1530 11.03  213.2 2352.0   8.21    0.0    0.0  0.00 200 200
2019-01-30T01_21_18 1531 11.03  213.2 2352.0   8.21    0.0    0.0  0.00 200 200
2019-01-30T01_21_20 1532 11.03  213.2 2352.0   8.21    0.0    0.0  0.00 200 200
2019-01-30T01_21_23 1533 11.03  213.6 2356.4   8.21    0.0    0.0  0.00 200 200
2019-01-30T01_21_25 1534 11.03  213.6 2356.4   8.21    0.0    0.0  0.00 200 200
2019-01-30T01_21_27 1535 11.03  213.2 2352.0   8.21    0.0    0.0  0.00 200 200
2019-01-30T01_21_30 1536 11.03  213.2 2352.0   8.21    0.0    0.0  0.00 200 200
2019-01-30T01_21_32 1537 11.03  213.6 2356.4   8.20    0.0    0.0  0.00 200 200
2019-01-30T01_21_35 1538 11.03  213.2 2352.0   8.21    0.0    0.0  0.00 200 200
2019-01-30T01_21_37 1539 11.03  213.2 2352.0   8.21    0.0    0.0  0.00 200 200
2019-01-30T01_21_40 1540 11.03  214.4 2365.2   8.20    0.0    0.0  0.00 200 200
2019-01-30T01_21_42 1541 11.03  213.2 2352.0   8.21    0.0    0.0  0.00 200 200
2019-01-30T01_21_45 1542 11.03  213.2 2352.0   8.21    0.0    0.0  0.00 200 200
2019-01-30T01_21_47 1543 11.03  213.2 2352.0   8.21    0.0    0.0  0.00 200 200
2019-01-30T01_21_50 1544 11.03  213.2 2352.0   8.20    0.0    0.0  0.00 200 200
2019-01-30T01_21_52 1545 11.03  213.2 2352.0   8.21    0.0    0.0  0.00 200 200
2019-01-30T01_21_54 1546 11.03  213.2 2352.0   8.20    0.0    0.0  0.00 200 200
2019-01-30T01_21_57 1547 11.03  213.6 2356.4   8.20    0.0    0.0  0.00 200 200
2019-01-30T01_21_59 1548 11.03  213.6 2356.4   8.20    0.0    0.0  0.00 200 200
2019-01-30T01_22_02 1549 11.03  213.2 2352.0   8.20    0.0    0.0  0.00 200 200
2019-01-30T01_22_04 1550 11.03  213.6 2356.4   8.20    0.0    0.0  0.00 200 200
2019-01-30T01_22_07 1551 11.03  214.4 2365.2   8.20    0.0    0.0  0.00 200 200
2019-01-30T01_22_09 1552 11.03  213.6 2356.4   8.20    0.0    0.0  0.00 200 200
2019-01-30T01_22_12 1553 11.03  213.6 2356.4   8.20    0.0    0.0  0.00 200 200
2019-01-30T01_22_14 1554 11.03  213.6 2356.4   8.20    0.0    0.0  0.00 200 200
2019-01-30T01_22_17 1555 11.03  213.6 2356.4   8.20    0.0    0.0  0.00 200 200
2019-01-30T01_22_19 1556 11.03  213.6 2356.4   8.20    0.0    0.0  0.00 200 200
2019-01-30T01_22_22 1557 11.03  213.6 2356.4   8.20    0.0    0.0  0.00 200 200
2019-01-30T01_22_24 1558 11.03  213.6 2356.4   8.20    0.0    0.0  0.00 200 200
2019-01-30T01_22_26 1559 11.03  213.6 2356.4   8.20    0.0    0.0  0.00 200 200
2019-01-30T01_22_29 1560 11.03  213.6 2356.4   8.20    0.0    0.0  0.00 200 200
2019-01-30T01_22_31 1561 11.03  213.6 2356.4   8.20    0.0    0.0  0.00 200 200
2019-01-30T01_22_34 1562 11.03  214.0 2360.8   8.20    0.0    0.0  0.00 200 200
2019-01-30T01_22_36 1563 11.03  213.6 2356.4   8.20    0.0    0.0  0.00 200 200
2019-01-30T01_22_39 1564 11.03  213.6 2356.4   8.20    0.0    0.0  0.00 200 200
2019-01-30T01_22_41 1565 11.03  213.6 2356.4   8.20    0.0    0.0  0.00 200 200
2019-01-30T01_22_44 1566 11.03  214.0 2360.8   8.20    0.0    0.0  0.00 200 200
2019-01-30T01_22_46 1567 11.03  213.2 2352.0   8.20    0.0    0.0  0.00 200 200
2019-01-30T01_22_49 1568 11.03  213.6 2356.4   8.20    0.0    0.0  0.00 200 200
2019-01-30T01_22_51 1569 11.03  213.2 2352.0   8.20    0.0    0.0  0.00 200 200
2019-01-30T01_22_53 1570 11.03  213.6 2356.4   8.20    0.0    0.0  0.00 200 200