2019-02-01T00_11_20 2098 11.01  247.2 2721.1   8.19    0.0    0.0  0.00 200 200
2019-02-01T00_11_23 2099 11.01  247.6 2725.5   8.19    0.0    0.0  0.00 200 200
2019-01-31T00_11_17 2100 11.01  247.6 2725.5   8.19    0.0    0.0  0.00 200 200
2019-01-31T00_11_20 2101 11.01  248.0 2729.9   8.19    0.0    0.0  0.00 200 200
2019-01-31T00_11_22 2102 11.02  244.0 2687.9   8.19    0.0    0.0  0.00 200 200
2019-01-31T00_11_25 2103 11.02  243.6 2683.5   8.19    0.0    0.0  0.00 200 200
2019-01-31T00_11_27 2104 11.02  242.0 2665.8   8.19    0.0    0.0  0.00 200 200
2019-01-31T00_11_30 2105 11.02  242.8 2674.6   8.19    0.0    0.0  0.00 200 200
2019-01-31T00_11_32 2106 11.02  244.0 2687.9   8.19    0.0    0.0  0.00 200 200
2019-01-31T00_11_34 2107 11.02  244.0 2687.9   8.19    0.0    0.0  0.00 200 200
2019-01-31T00_11_37 2108 11.02  242.8 2674.6   8.19    0.0    0.0  0.00 200 200
2019-01-31T00_11_39 2109 11.02  243.2 2679.0   8.19    0.0    0.0  0.00 200 200
2019-01-31T00_11_42 2110 11.02  243.2 2679.0   8.19    0.0    0.0  0.00 200 200
2019-01-31T00_11_44 2111 11.02  243.2 2679.0   8.19    0.0    0.0  0.00 200 200
2019-01-31T00_11_47 2112 11.01  245.6 2703.5   8.19    0.0    0.0  0.00 200 200
2019-01-31T00_11_49 2113 11.02  246.4 2714.3   8.19    0.0    0.0  0.00 200 200
2019-01-31T00_11_52 2114 11.02  245.2 2701.1   8.19    0.0    0.0  0.00 200 200
2019-01-31T00_11_54 2115 11.02  246.8 2718.7   8.19    0.0    0.0  0.00 200 200
2019-01-31T00_11_57 2116 11.02  243.2 2679.0   8.19    0.0    0.0  0.00 200 200
2019-01-31T00_11_59 2117 11.04  212.8 2349.3   8.22    0.0    0.0  0.00 200 200
2019-01-31T00_12_01 2118 11.04  214.0 2362.5   8.21    0.0    0.0  0.00 200 200
2019-01-31T00_12_04 2119 11.04  213.2 2353.7   8.22    0.0    0.0  0.00 200 200
2019-01-31T00_12_06 2120 11.04  212.4 2344.9   8.22    0.0    0.0  0.00 200 200
2019-01-31T00_12_09 2121 11.04  212.4 2344.9   8.22    0.0    0.0  0.00 200 200
2019-01-31T00_12_11 2122 11.04  212.4 2344.9   8.22    0.0    0.0  0.00 200 200
2019-01-31T00_12_14 2123 11.04  213.2 2353.7   8.22    0.0    0.0  0.00 200 200
2019-01-31T00_12_16 2124 11.04  213.2 2353.7   8.22    0.0    0.0  0.00 200 200
2019-01-31T00_12_19 2125 11.04  214.0 2362.5   8.22    0.0    0.0  0.00 200 200
2019-01-31T00_12_21 2126 11.04  212.4 2344.9   8.22    0.0    0.0  0.00 200 200
2019-01-31T00_12_24 2127 11.04  212.4 2344.9   8.22    0.0    0.0  0.00 200 200
2019-01-31T00_12_26 2128 11.04  213.2 2353.7   8.22    0.0    0.0  0.00 200 200
2019-01-31T00_12_29 2129 11.04  213.6 2358.1   8.21    0.0    0.0  0.00 200 200
2019-01-31T00_12_31 2130 11.04  212.8 2349.3   8.22    0.0    0.0  0.00 200 200
2019-01-31T00_12_33 2131 11.04  212.4 2344.9   8.22    0.0    0.0  0.00 200 200
2019-01-31T00_12_36 2132 11.04  212.8 2349.3   8.22    0.0    0.0  0.00 200 200
2019-01-31T00_12_38 2133 11.04  213.2 2353.7   8.22    0.0    0.0  0.00 200 200
2019-01-31T00_12_41 2134 11.04  213.6 2358.1   8.22    0.0    0.0  0.00 200 200
2019-01-31T00_12_43 2135 11.04  214.8 2371.3   8.21    0.0    0.0  0.00 200 200
2019-01-31T00_12_46 2136 11.04  212.8 2349.3   8.22    0.0    0.0  0.00 200 200
2019-01-31T00_12_48 2137 11.04  213.2 2353.7   8.22    0.0    0.0  0.00 200 200
2019-01-31T00_12_51 2138 11.04  212.8 2349.3   8.22    0.0    0.0  0.00 200 200
2019-01-31T00_12_53 2139 11.04  213.2 2353.7   8.22    0.0    0.0  0.00 200 200
2019-01-31T00_12_56 2140 11.04  214.4 2366.9   8.21    0.0    0.0  0.00 200 200
2019-01-31T00_12_58 2141 11.04  212.8 2349.3   8.22    0.0    0.0  0.00 200 200
2019-01-31T00_13_00 2142 11.01  248.0 2729.9   8.18    0.0    0.0  0.00 200 200
2019-01-31T00_13_03 2143 11.01  247.6 2725.5   8.19    0.0    0.0  0.00 200 200
2019-01-31T00_13_05 2144 11.01  248.0 2729.9   8.18    0.0    0.0  0.00 200 200
2019-01-31T00_13_08 2145 11.01  246.8 2716.7   8.19    0.0    0.0  0.00 200 200
2019-01-31T00_13_10 2146 11.02  245.6 2705.5   8.19    0.0    0.0  0.00 200 200
2019-01-31T00_13_13 2147 11.01  247.6 2725.5   8.19    0.0    0.0  0.00 200 200
2019-01-31T00_13_15 2148 11.01  247.6 2725.5   8.19    0.0    0.0  0.00 200 200