2019-01-30T01_27_07 1673 11.03  212.4 2343.2   8.21    0.0    0.0  0.00 200 200
2019-01-30T01_27_09 1674 11.03  212.4 2343.2   8.21    0.0    0.0  0.00 200 200
2019-01-30T01_27_12 1675 11.03  212.4 2343.2   8.21    0.0    0.0  0.00 200 200
2019-01-30T01_27_14 1676 11.03  212.4 2343.2   8.21    0.0    0.0  0.00 200 200
2019-01-30T01_27_17 1677 11.03  212.4 2343.2   8.21    0.0    0.0  0.00 200 200
2019-01-30T01_27_19 1678 11.03  212.8 2347.6   8.21    0.0    0.0  0.00 200 200
2019-01-30T01_27_21 1679 11.03  212.4 2343.2   8.21    0.0    0.0  0.00 200 200
2019-01-30T01_27_24 1680 11.03  212.4 2343.2   8.21    0.0    0.0  0.00 200 200
2019-01-30T01_27_26 1681 11.03  212.4 2343.2   8.21    0.0    0.0  0.00 200 200
2019-01-30T01_27_29 1682 11.03  212.8 2347.6   8.20    0.0    0.0  0.00 200 200
2019-01-30T01_27_31 1683 11.03  212.4 2343.2   8.21    0.0    0.0  0.00 200 200
2019-01-30T01_27_34 1684 11.03  212.4 2343.2   8.21    0.0    0.0  0.00 200 200
2019-01-30T01_27_36 1685 11.03  212.4 2343.2   8.21    0.0    0.0  0.00 200 200
2019-01-30T01_27_39 1686 11.03  212.4 2343.2   8.21    0.0    0.0  0.00 200 200
2019-01-30T01_27_41 1687 11.03  212.4 2343.2   8.21    0.0    0.0  0.00 200 200
2019-01-30T01_27_44 1688 11.03  212.4 2343.2   8.21    0.0    0.0  0.00 200 200
2019-01-30T01_27_46 1689 11.03  212.8 2347.6   8.20    0.0    0.0  0.00 200 200
2019-01-30T01_27_49 1690 11.03  212.4 2343.2   8.21    0.0    0.0  0.00 200 200
2019-01-30T01_27_51 1691 11.03  212.0 2338.7   8.21    0.0    0.0  0.00 200 200
2019-01-30T01_27_53 1692 11.03  213.2 2352.0   8.21    0.0    0.0  0.00 200 200
2019-01-30T01_27_56 1693 11.03  212.0 2338.7   8.21    0.0    0.0  0.00 200 200
2019-01-30T01_27_58 1694 11.03  212.4 2343.2   8.21    0.0    0.0  0.00 200 200
2019-01-30T01_28_01 1695 11.03  212.4 2343.2   8.21    0.0    0.0  0.00 200 200
2019-01-30T01_28_03 1696 11.03  212.4 2343.2   8.21    0.0    0.0  0.00 200 200
2019-01-30T01_28_06 1697 11.03  212.4 2343.2   8.21    0.0    0.0  0.00 200 200
2019-01-30T01_28_08 1698 11.03  212.4 2343.2   8.21    0.0    0.0  0.00 200 200
2019-01-30T01_28_11 1699 11.03  212.4 2343.2   8.21    0.0    0.0  0.00 200 200
2019-01-30T01_28_13 1700 11.03  212.4 2343.2   8.21    0.0    0.0  0.00 200 200
2019-01-30T01_28_16 1701 11.03  212.4 2343.2   8.21    0.0    0.0  0.00 200 200
2019-01-30T01_28_18 1702 11.03  212.4 2343.2   8.21    0.0    0.0  0.00 200 200
2019-01-30T01_28_21 1703 11.03  213.6 2356.4   8.20    0.0    0.0  0.00 200 200
2019-01-30T01_28_23 1704 11.03  212.4 2343.2   8.21    0.0    0.0  0.00 200 200
2019-01-30T01_28_25 1705 11.03  212.4 2343.2   8.21    0.0    0.0  0.00 200 200
2019-01-30T01_28_28 1706 11.03  212.4 2343.2   8.21    0.0    0.0  0.00 200 200
2019-01-30T01_28_30 1707 11.03  212.4 2343.2   8.21    0.0    0.0  0.00 200 200
2019-01-30T01_28_33 1708 11.03  212.4 2343.2   8.21    0.0    0.0  0.00 200 200
2019-01-30T01_28_35 1709 11.03  212.4 2343.2   8.21    0.0    0.0  0.00 200 200
2019-01-30T01_28_38 1710 11.03  212.4 2343.2   8.21    0.0    0.0  0.00 200 200
2019-01-30T01_28_40 1711 11.03  212.4 2343.2   8.21    0.0    0.0  0.00 200 200
2019-01-30T01_28_43 1712 11.03  212.4 2343.2   8.21    0.0    0.0  0.00 200 200
2019-01-30T01_28_45 1713 11.03  212.0 2338.7   8.21    0.0    0.0  0.00 200 200
2019-01-30T01_28_48 1714 11.03  213.2 2352.0   8.21    0.0    0.0  0.00 200 200
2019-01-30T01_28_50 1715 11.03  212.0 2338.7   8.21    0.0    0.0  0.00 200 200
2019-01-30T01_28_52 1716 11.03  212.0 2338.7   8.21    0.0    0.0  0.00 200 200
2019-01-30T01_28_55 1717 11.03  212.0 2338.7   8.21    0.0    0.0  0.00 200 200
2019-01-30T01_28_57 1718 11.03  212.0 2338.7   8.21    0.0    0.0  0.00 200 200
2019-01-30T01_29_00 1719 11.03  212.0 2338.7   8.21    0.0    0.0  0.00 200 200
2019-01-30T01_29_02 1720 11.03  212.0 2338.7   8.21    0.0    0.0  0.00 200 200
2019-01-30T01_29_05 1721 11.03  212.0 2338.7   8.21    0.0    0.0  0.00 200 200
2019-01-30T01_29_07 1722 11.03  212.0 2338.7   8.21    0.0    0.0  0.00 200 200
2019-01-30T01_29_10 1723 11.03  212.0 2338.7   8.21    0.0    0.0  0.00 200 200