2019-02-01T02_43_19 11816  4.00    0.0    0.0   7.85  161.2 1265.1  inf 210 210
2019-02-01T02_43_21 11817  4.00    0.0    0.0   7.85  157.6 1236.8  inf 210 210
2019-02-01T02_43_24 11818  4.00    0.0    0.0   7.85  156.4 1227.4  inf 210 210
2019-02-01T02_43_26 11819  3.99    0.0    0.0   7.85  156.0 1224.2  inf 210 210
2019-02-01T02_43_29 11820  4.00    0.0    0.0   7.85  156.8 1230.5  inf 210 210
2019-02-01T02_43_31 11821  4.00    0.0    0.0   7.85  156.4 1227.4  inf 210 210
2019-02-01T02_43_34 11822  3.98    0.0    0.0   7.85  156.8 1230.5  inf 210 210
2019-02-01T02_43_36 11823  4.00    0.0    0.0   7.81  216.8 1692.7  inf 210 210
2019-02-01T02_43_39 11824  4.00    0.0    0.0   7.85  156.8 1230.5  inf 210 210
2019-02-01T02_43_41 11825  3.98    0.0    0.0   7.85  156.4 1227.4  inf 210 210
2019-02-01T02_43_44 11826  4.00    0.0    0.0   7.85  156.8 1230.5  inf 210 210
2019-02-01T02_43_46 11827  4.01    0.0    0.0   7.82  205.2 1603.8  inf 210 210
2019-02-01T02_43_48 11828  4.00    0.0    0.0   7.83  175.2 1372.1  inf 210 210
2019-02-01T02_43_51 11829  4.00    0.0    0.0   7.83  174.8 1369.0  inf 210 210
2019-02-01T02_43_53 11830  3.99    0.0    0.0   7.85  156.4 1227.4  inf 210 210
2019-02-01T02_43_56 11831  4.00    0.0    0.0   7.85  156.8 1230.5  inf 210 210
2019-02-01T02_43_58 11832  4.00    0.0    0.0   7.85  156.4 1227.4  inf 210 210
2019-02-01T02_44_01 11833  4.00    0.0    0.0   7.85  156.4 1227.4  inf 210 210
2019-02-01T02_44_03 11834  3.99    0.0    0.0   7.82  195.6 1530.3  inf 210 210
2019-02-01T02_44_06 11835  4.00    0.0    0.0   7.85  156.4 1227.4  inf 210 210
2019-02-01T02_44_08 11836  3.99    0.0    0.0   7.83  174.8 1369.0  inf 210 210
2019-02-01T02_44_11 11837  3.99    0.0    0.0   7.85  156.4 1227.4  inf 210 210
2019-02-01T02_44_13 11838  3.98    0.0    0.0   7.84  165.2 1295.1  inf 210 210
2019-02-01T02_44_15 11839  3.98    0.0    0.0   7.85  157.2 1233.7  inf 210 210
2019-02-01T02_44_18 11840  3.98    0.0    0.0   7.85  156.8 1230.5  inf 210 210
2019-02-01T02_44_20 11841  3.98    0.0    0.0   7.85  156.4 1227.4  inf 210 210
2019-02-01T02_44_23 11842  3.99    0.0    0.0   7.82  203.6 1591.3  inf 210 210
2019-02-01T02_44_25 11843  4.00    0.0    0.0   7.82  212.0 1656.9  inf 210 210
2019-02-01T02_44_28 11844  4.00    0.0    0.0   7.82  206.4 1613.2  inf 210 210
2019-02-01T02_44_30 11845  4.00    0.0    0.0   7.82  203.6 1591.3  inf 210 210
2019-02-01T02_44_33 11846  3.98    0.0    0.0   7.81  210.8 1645.9  inf 210 210
2019-02-01T02_44_35 11847  4.00    0.0    0.0   7.82  194.8 1522.5  inf 210 210
2019-02-01T02_44_38 11848  3.99    0.0    0.0   7.81  211.6 1652.1  inf 210 210
2019-02-01T02_44_40 11849  4.00    0.0    0.0   7.82  204.4 1597.5  inf 210 210
2019-02-01T02_44_43 11850  3.98    0.0    0.0   7.82  186.8 1461.5  inf 210 210
2019-02-01T02_44_45 11851  3.99    0.0    0.0   7.85  156.4 1227.4  inf 210 210
2019-02-01T02_44_47 11852  4.00    0.0    0.0   7.85  156.4 1227.4  inf 210 210
2019-02-01T02_44_50 11853  3.99    0.0    0.0   7.85  156.8 1230.5  inf 210 210
2019-02-01T02_44_52 11854  3.99    0.0    0.0   7.85  156.4 1227.4  inf 210 210
2019-02-01T02_44_55 11855  3.98    0.0    0.0   7.85  156.4 1227.4  inf 210 210
2019-02-01T02_44_57 11856  3.99    0.0    0.0   7.85  157.2 1233.7  inf 210 210
2019-02-01T02_45_00 11857  4.00    0.0    0.0   7.85  156.4 1227.4  inf 210 210
2019-02-01T02_45_02 11858  3.98    0.0    0.0   7.85  156.4 1227.4  inf 210 210
2019-02-01T02_45_05 11859  3.99    0.0    0.0   7.85  158.0 1239.9  inf 210 210
2019-02-01T02_45_07 11860  3.99    0.0    0.0   7.81  208.8 1630.3  inf 210 210
2019-02-01T02_45_10 11861  4.00    0.0    0.0   7.82  182.0 1423.9  inf 210 210
2019-02-01T02_45_12 11862  3.98    0.0    0.0   7.85  156.8 1230.5  inf 210 210
2019-02-01T02_45_15 11863  4.00    0.0    0.0   7.84  165.2 1295.1  inf 210 210
2019-02-01T02_45_17 11864  3.99    0.0    0.0   7.83  180.4 1412.8  inf 210 210
2019-02-01T02_45_19 11865  4.00    0.0    0.0   7.85  156.4 1227.4  inf 210 210
2019-02-01T02_45_22 11866  3.99    0.0    0.0   7.84  160.0 1254.4  inf 210 210