2019-01-30T22_48_40 80 11.05  213.2 2355.4   8.22    0.0    0.0  0.00 200 200
2019-01-30T22_48_42 81 11.05  213.6 2359.8   8.22    0.0    0.0  0.00 200 200
2019-01-30T22_48_44 82 11.05  213.2 2355.4   8.22    0.0    0.0  0.00 200 200
2019-01-30T22_48_47 83 11.05  213.2 2355.4   8.22    0.0    0.0  0.00 200 200
2019-01-30T22_48_49 84 11.05  213.2 2355.4   8.22    0.0    0.0  0.00 200 200
2019-01-30T22_48_52 85 11.05  213.2 2355.4   8.22    0.0    0.0  0.00 200 200
2019-01-30T22_48_54 86 11.05  213.2 2355.4   8.22    0.0    0.0  0.00 200 200
2019-01-30T22_48_57 87 11.05  213.2 2355.4   8.22    0.0    0.0  0.00 200 200
2019-01-30T22_48_59 88 11.05  213.2 2355.4   8.22    0.0    0.0  0.00 200 200
2019-01-30T22_49_02 89 11.05  213.2 2355.4   8.22    0.0    0.0  0.00 200 200
2019-01-30T22_49_04 90 11.05  213.2 2355.4   8.22    0.0    0.0  0.00 200 200
2019-01-30T22_49_07 91 11.05  213.2 2355.4   8.22    0.0    0.0  0.00 200 200
2019-01-30T22_49_09 92 11.05  213.6 2359.8   8.22    0.0    0.0  0.00 200 200
2019-01-30T22_49_11 93 11.05  213.2 2355.4   8.22    0.0    0.0  0.00 200 200
2019-01-30T22_49_14 94 11.05  213.2 2355.4   8.22    0.0    0.0  0.00 200 200
2019-01-30T22_49_16 95 11.05  213.2 2355.4   8.22    0.0    0.0  0.00 200 200
2019-01-30T22_49_19 96 11.05  213.2 2355.4   8.22    0.0    0.0  0.00 200 200
2019-01-30T22_49_21 97 11.05  213.2 2355.4   8.22    0.0    0.0  0.00 200 200
2019-01-30T22_49_24 98 11.05  213.2 2355.4   8.22    0.0    0.0  0.00 200 200
2019-01-30T22_49_26 99 11.05  213.2 2355.4   8.22    0.0    0.0  0.00 200 200
2019-01-30T22_49_29 100 11.05  213.6 2359.8   8.22    0.0    0.0  0.00 200 200
2019-01-30T22_49_31 101 11.05  213.2 2355.4   8.22    0.0    0.0  0.00 200 200
2019-01-30T22_49_34 102 11.05  213.2 2355.4   8.22    0.0    0.0  0.00 200 200
2019-01-30T22_49_36 103 11.05  213.6 2359.8   8.22    0.0    0.0  0.00 200 200
2019-01-30T22_49_38 104 11.05  213.2 2355.4   8.22    0.0    0.0  0.00 200 200
2019-01-30T22_49_41 105 11.05  213.2 2355.4   8.22    0.0    0.0  0.00 200 200
2019-01-30T22_49_43 106 11.05  213.2 2355.4   8.22    0.0    0.0  0.00 200 200
2019-01-30T22_49_46 107 11.05  213.2 2355.4   8.22    0.0    0.0  0.00 200 200
2019-01-30T22_49_48 108 11.05  213.2 2355.4   8.22    0.0    0.0  0.00 200 200
2019-01-30T22_49_51 109 11.05  213.2 2355.4   8.22    0.0    0.0  0.00 200 200
2019-01-30T22_49_53 110 11.05  213.2 2355.4   8.22    0.0    0.0  0.00 200 200
2019-01-30T22_49_56 111 11.05  213.2 2355.4   8.22    0.0    0.0  0.00 200 200
2019-01-30T22_49_58 112 11.05  213.2 2355.4   8.22    0.0    0.0  0.00 200 200
2019-01-30T22_50_01 113 11.05  213.2 2355.4   8.22    0.0    0.0  0.00 200 200
2019-01-30T22_50_03 114 11.05  213.6 2359.8   8.22    0.0    0.0  0.00 200 200
2019-01-30T22_50_06 115 11.05  213.2 2355.4   8.22    0.0    0.0  0.00 200 200
2019-01-30T22_50_08 116 11.04  225.6 2490.6   8.21    0.0    0.0  0.00 200 200
2019-01-30T22_50_10 117 11.05  214.0 2364.2   8.22    0.0    0.0  0.00 200 200
2019-01-30T22_50_13 118 11.05  213.2 2355.4   8.22    0.0    0.0  0.00 200 200
2019-01-30T22_50_15 119 11.05  213.2 2355.4   8.22    0.0    0.0  0.00 200 200
2019-01-30T22_50_18 120 11.05  213.2 2355.4   8.22    0.0    0.0  0.00 200 200
2019-01-30T22_50_20 121 11.05  213.2 2355.4   8.22    0.0    0.0  0.00 200 200
2019-01-30T22_50_23 122 11.05  213.2 2355.4   8.22    0.0    0.0  0.00 200 200
2019-01-30T22_50_25 123 11.05  213.2 2355.4   8.22    0.0    0.0  0.00 200 200
2019-01-30T22_50_28 124 11.05  213.2 2355.4   8.22    0.0    0.0  0.00 200 200
2019-01-30T22_50_30 125 11.05  213.2 2355.4   8.22    0.0    0.0  0.00 200 200
2019-01-30T22_50_33 126 11.05  213.2 2355.4   8.22    0.0    0.0  0.00 200 200
2019-01-30T22_50_35 127 11.05  213.2 2355.4   8.22    0.0    0.0  0.00 200 200
2019-01-30T22_50_37 128 11.05  214.8 2373.1   8.22    0.0    0.0  0.00 200 200
2019-01-30T22_50_40 129 11.05  214.0 2364.2   8.22    0.0    0.0  0.00 200 200
2019-01-30T22_50_42 130 11.05  213.2 2355.4   8.22    0.0    0.0  0.00 200 200