2019-01-30T23_17_54 794 11.05  212.0 2342.1   8.22    0.0    0.0  0.00 200 200
2019-01-30T23_17_57 795 11.04  212.0 2340.4   8.22    0.0    0.0  0.00 200 200
2019-01-30T23_17_59 796 11.05  211.6 2337.7   8.22    0.0    0.0  0.00 200 200
2019-01-30T23_18_02 797 11.05  211.6 2337.7   8.22    0.0    0.0  0.00 200 200
2019-01-30T23_18_04 798 11.04  213.2 2353.7   8.22    0.0    0.0  0.00 200 200
2019-01-30T23_18_07 799 11.05  212.0 2342.1   8.22    0.0    0.0  0.00 200 200
2019-01-30T23_18_09 800 11.05  211.6 2337.7   8.22    0.0    0.0  0.00 200 200
2019-01-30T23_18_12 801 11.05  212.0 2342.1   8.22    0.0    0.0  0.00 200 200
2019-01-30T23_18_14 802 11.05  211.6 2337.7   8.22    0.0    0.0  0.00 200 200
2019-01-30T23_18_16 803 11.04  212.0 2340.4   8.22    0.0    0.0  0.00 200 200
2019-01-30T23_18_19 804 11.05  212.0 2342.1   8.22    0.0    0.0  0.00 200 200
2019-01-30T23_18_21 805 11.04  212.4 2344.9   8.22    0.0    0.0  0.00 200 200
2019-01-30T23_18_24 806 11.04  212.0 2340.4   8.22    0.0    0.0  0.00 200 200
2019-01-30T23_18_26 807 11.05  211.6 2337.7   8.22    0.0    0.0  0.00 200 200
2019-01-30T23_18_29 808 11.05  211.6 2337.7   8.22    0.0    0.0  0.00 200 200
2019-01-30T23_18_31 809 11.04  212.4 2344.9   8.22    0.0    0.0  0.00 200 200
2019-01-30T23_18_34 810 11.05  211.6 2337.7   8.22    0.0    0.0  0.00 200 200
2019-01-30T23_18_36 811 11.05  211.6 2337.7   8.22    0.0    0.0  0.00 200 200
2019-01-30T23_18_39 812 11.05  212.0 2342.1   8.22    0.0    0.0  0.00 200 200
2019-01-30T23_18_41 813 11.05  211.6 2337.7   8.22    0.0    0.0  0.00 200 200
2019-01-30T23_18_43 814 11.05  212.0 2342.1   8.22    0.0    0.0  0.00 200 200
2019-01-30T23_18_46 815 11.05  211.6 2337.7   8.22    0.0    0.0  0.00 200 200
2019-01-30T23_18_48 816 11.05  211.6 2337.7   8.22    0.0    0.0  0.00 200 200
2019-01-30T23_18_51 817 11.05  212.0 2342.1   8.22    0.0    0.0  0.00 200 200
2019-01-30T23_18_53 818 11.05  211.6 2337.7   8.22    0.0    0.0  0.00 200 200
2019-01-30T23_18_56 819 11.05  211.6 2337.7   8.22    0.0    0.0  0.00 200 200
2019-01-30T23_18_58 820 11.04  212.4 2344.9   8.22    0.0    0.0  0.00 200 200
2019-01-30T23_19_01 821 11.05  211.6 2337.7   8.22    0.0    0.0  0.00 200 200
2019-01-30T23_19_03 822 11.05  211.6 2337.7   8.22    0.0    0.0  0.00 200 200
2019-01-30T23_19_06 823 11.05  211.6 2337.7   8.22    0.0    0.0  0.00 200 200
2019-01-30T23_19_08 824 11.04  215.6 2380.2   8.22    0.0    0.0  0.00 200 200
2019-01-30T23_19_10 825 11.05  212.0 2342.1   8.22    0.0    0.0  0.00 200 200
2019-01-30T23_19_13 826 11.05  211.6 2337.7   8.22    0.0    0.0  0.00 200 200
2019-01-30T23_19_15 827 11.05  211.6 2337.7   8.22    0.0    0.0  0.00 200 200
2019-01-30T23_19_18 828 11.05  212.0 2342.1   8.22    0.0    0.0  0.00 200 200
2019-01-30T23_19_20 829 11.05  211.6 2337.7   8.22    0.0    0.0  0.00 200 200
2019-01-30T23_19_23 830 11.05  211.6 2337.7   8.22    0.0    0.0  0.00 200 200
2019-01-30T23_19_25 831 11.04  212.4 2344.9   8.22    0.0    0.0  0.00 200 200
2019-01-30T23_19_28 832 11.05  211.6 2337.7   8.22    0.0    0.0  0.00 200 200
2019-01-30T23_19_30 833 11.04  212.0 2340.4   8.22    0.0    0.0  0.00 200 200
2019-01-30T23_19_33 834 11.05  211.6 2337.7   8.22    0.0    0.0  0.00 200 200
2019-01-30T23_19_35 835 11.05  211.6 2337.7   8.22    0.0    0.0  0.00 200 200
2019-01-30T23_19_38 836 11.05  211.6 2337.7   8.22    0.0    0.0  0.00 200 200
2019-01-30T23_19_40 837 11.05  212.0 2342.1   8.22    0.0    0.0  0.00 200 200
2019-01-30T23_19_42 838 11.05  211.6 2337.7   8.22    0.0    0.0  0.00 200 200
2019-01-30T23_19_45 839 11.04  212.0 2340.4   8.22    0.0    0.0  0.00 200 200
2019-01-30T23_19_47 840 11.05  211.6 2337.7   8.22    0.0    0.0  0.00 200 200
2019-01-30T23_19_50 841 11.05  211.6 2337.7   8.22    0.0    0.0  0.00 200 200
2019-01-30T23_19_52 842 11.04  212.8 2349.3   8.22    0.0    0.0  0.00 200 200
2019-01-30T23_19_55 843 11.05  211.6 2337.7   8.22    0.0    0.0  0.00 200 200
2019-01-30T23_19_57 844 11.04  211.6 2336.0   8.22    0.0    0.0  0.00 200 200