2019-01-30T23_45_04 1457 11.04  213.2 2353.7   8.22    0.0    0.0  0.00 200 200
2019-01-30T23_45_07 1458 11.04  213.2 2353.7   8.22    0.0    0.0  0.00 200 200
2019-01-30T23_45_09 1459 11.04  216.8 2393.4   8.21    0.0    0.0  0.00 200 200
2019-01-30T23_45_12 1460 11.04  213.2 2353.7   8.22    0.0    0.0  0.00 200 200
2019-01-30T23_45_14 1461 11.04  213.2 2353.7   8.22    0.0    0.0  0.00 200 200
2019-01-30T23_45_17 1462 11.04  213.2 2353.7   8.22    0.0    0.0  0.00 200 200
2019-01-30T23_45_19 1463 11.04  213.2 2353.7   8.22    0.0    0.0  0.00 200 200
2019-01-30T23_45_21 1464 11.04  213.2 2353.7   8.22    0.0    0.0  0.00 200 200
2019-01-30T23_45_24 1465 11.04  213.2 2353.7   8.22    0.0    0.0  0.00 200 200
2019-01-30T23_45_26 1466 11.04  214.0 2362.5   8.22    0.0    0.0  0.00 200 200
2019-01-30T23_45_29 1467 11.04  213.2 2353.7   8.22    0.0    0.0  0.00 200 200
2019-01-30T23_45_31 1468 11.04  213.6 2358.1   8.22    0.0    0.0  0.00 200 200
2019-01-30T23_45_34 1469 11.04  213.2 2353.7   8.22    0.0    0.0  0.00 200 200
2019-01-30T23_45_36 1470 11.04  213.2 2353.7   8.22    0.0    0.0  0.00 200 200
2019-01-30T23_45_39 1471 11.04  213.2 2353.7   8.22    0.0    0.0  0.00 200 200
2019-01-30T23_45_41 1472 11.04  213.2 2353.7   8.22    0.0    0.0  0.00 200 200
2019-01-30T23_45_44 1473 11.04  213.2 2353.7   8.22    0.0    0.0  0.00 200 200
2019-01-30T23_45_46 1474 11.04  213.2 2353.7   8.22    0.0    0.0  0.00 200 200
2019-01-30T23_45_48 1475 11.04  213.2 2353.7   8.22    0.0    0.0  0.00 200 200
2019-01-30T23_45_51 1476 11.04  213.2 2353.7   8.22    0.0    0.0  0.00 200 200
2019-01-30T23_45_53 1477 11.04  213.6 2358.1   8.22    0.0    0.0  0.00 200 200
2019-01-30T23_45_56 1478 11.04  213.2 2353.7   8.22    0.0    0.0  0.00 200 200
2019-01-30T23_45_58 1479 11.04  213.6 2358.1   8.22    0.0    0.0  0.00 200 200
2019-01-30T23_46_01 1480 11.04  213.2 2353.7   8.22    0.0    0.0  0.00 200 200
2019-01-30T23_46_03 1481 11.04  213.2 2353.7   8.22    0.0    0.0  0.00 200 200
2019-01-30T23_46_06 1482 11.04  213.2 2353.7   8.22    0.0    0.0  0.00 200 200
2019-01-30T23_46_08 1483 11.04  218.8 2415.5   8.21    0.0    0.0  0.00 200 200
2019-01-30T23_46_11 1484 11.04  213.2 2353.7   8.22    0.0    0.0  0.00 200 200
2019-01-30T23_46_13 1485 11.04  213.2 2353.7   8.22    0.0    0.0  0.00 200 200
2019-01-30T23_46_16 1486 11.04  213.2 2353.7   8.22    0.0    0.0  0.00 200 200
2019-01-30T23_46_18 1487 11.04  213.2 2353.7   8.22    0.0    0.0  0.00 200 200
2019-01-30T23_46_20 1488 11.04  213.6 2358.1   8.22    0.0    0.0  0.00 200 200
2019-01-30T23_46_23 1489 11.04  213.2 2353.7   8.22    0.0    0.0  0.00 200 200
2019-01-30T23_46_25 1490 11.04  213.2 2353.7   8.22    0.0    0.0  0.00 200 200
2019-01-30T23_46_28 1491 11.04  214.0 2362.5   8.22    0.0    0.0  0.00 200 200
2019-01-30T23_46_30 1492 11.04  213.2 2353.7   8.22    0.0    0.0  0.00 200 200
2019-01-30T23_46_33 1493 11.04  213.2 2353.7   8.22    0.0    0.0  0.00 200 200
2019-01-30T23_46_35 1494 11.04  213.2 2353.7   8.22    0.0    0.0  0.00 200 200
2019-01-30T23_46_38 1495 11.04  213.2 2353.7   8.22    0.0    0.0  0.00 200 200
2019-01-30T23_46_40 1496 11.04  213.2 2353.7   8.22    0.0    0.0  0.00 200 200
2019-01-30T23_46_43 1497 11.04  213.2 2353.7   8.22    0.0    0.0  0.00 200 200
2019-01-30T23_46_45 1498 11.04  213.2 2353.7   8.22    0.0    0.0  0.00 200 200
2019-01-30T23_46_48 1499 11.04  213.6 2358.1   8.22    0.0    0.0  0.00 200 200
2019-01-30T23_46_50 1500 11.04  213.2 2353.7   8.22    0.0    0.0  0.00 200 200
2019-01-30T23_46_52 1501 11.04  213.2 2353.7   8.22    0.0    0.0  0.00 200 200
2019-01-30T23_46_55 1502 11.04  214.4 2366.9   8.22    0.0    0.0  0.00 200 200
2019-01-30T23_46_57 1503 11.04  213.2 2353.7   8.22    0.0    0.0  0.00 200 200
2019-01-30T23_47_00 1504 11.04  213.2 2353.7   8.22    0.0    0.0  0.00 200 200
2019-01-30T23_47_02 1505 11.04  213.2 2353.7   8.22    0.0    0.0  0.00 200 200
2019-01-30T23_47_05 1506 11.04  213.2 2353.7   8.22    0.0    0.0  0.00 200 200
2019-01-30T23_47_07 1507 11.04  213.2 2353.7   8.22    0.0    0.0  0.00 200 200