2019-01-30T23_28_21 1049 11.04  213.6 2358.1   8.22    0.0    0.0  0.00 200 200
2019-01-30T23_28_24 1050 11.04  212.4 2344.9   8.22    0.0    0.0  0.00 200 200
2019-01-30T23_28_26 1051 11.04  212.4 2344.9   8.22    0.0    0.0  0.00 200 200
2019-01-30T23_28_28 1052 11.04  212.4 2344.9   8.22    0.0    0.0  0.00 200 200
2019-01-30T23_28_31 1053 11.04  212.4 2344.9   8.22    0.0    0.0  0.00 200 200
2019-01-30T23_28_33 1054 11.04  212.4 2344.9   8.22    0.0    0.0  0.00 200 200
2019-01-30T23_28_36 1055 11.04  212.4 2344.9   8.22    0.0    0.0  0.00 200 200
2019-01-30T23_28_38 1056 11.04  212.4 2344.9   8.22    0.0    0.0  0.00 200 200
2019-01-30T23_28_41 1057 11.04  212.4 2344.9   8.22    0.0    0.0  0.00 200 200
2019-01-30T23_28_43 1058 11.04  212.4 2344.9   8.22    0.0    0.0  0.00 200 200
2019-01-30T23_28_46 1059 11.04  212.4 2344.9   8.22    0.0    0.0  0.00 200 200
2019-01-30T23_28_48 1060 11.04  213.6 2358.1   8.22    0.0    0.0  0.00 200 200
2019-01-30T23_28_51 1061 11.04  212.4 2344.9   8.22    0.0    0.0  0.00 200 200
2019-01-30T23_28_53 1062 11.04  212.4 2344.9   8.22    0.0    0.0  0.00 200 200
2019-01-30T23_28_55 1063 11.04  212.8 2349.3   8.22    0.0    0.0  0.00 200 200
2019-01-30T23_28_58 1064 11.04  212.8 2349.3   8.22    0.0    0.0  0.00 200 200
2019-01-30T23_29_00 1065 11.04  212.8 2349.3   8.22    0.0    0.0  0.00 200 200
2019-01-30T23_29_03 1066 11.04  212.4 2344.9   8.22    0.0    0.0  0.00 200 200
2019-01-30T23_29_05 1067 11.04  212.4 2344.9   8.22    0.0    0.0  0.00 200 200
2019-01-30T23_29_08 1068 11.04  212.8 2349.3   8.22    0.0    0.0  0.00 200 200
2019-01-30T23_29_10 1069 11.04  212.8 2349.3   8.22    0.0    0.0  0.00 200 200
2019-01-30T23_29_13 1070 11.04  212.8 2349.3   8.22    0.0    0.0  0.00 200 200
2019-01-30T23_29_15 1071 11.04  213.6 2358.1   8.22    0.0    0.0  0.00 200 200
2019-01-30T23_29_18 1072 11.04  212.8 2349.3   8.22    0.0    0.0  0.00 200 200
2019-01-30T23_29_20 1073 11.04  212.8 2349.3   8.22    0.0    0.0  0.00 200 200
2019-01-30T23_29_23 1074 11.04  212.8 2349.3   8.22    0.0    0.0  0.00 200 200
2019-01-30T23_29_25 1075 11.04  212.8 2349.3   8.22    0.0    0.0  0.00 200 200
2019-01-30T23_29_27 1076 11.04  212.8 2349.3   8.22    0.0    0.0  0.00 200 200
2019-01-30T23_29_30 1077 11.04  212.8 2349.3   8.22    0.0    0.0  0.00 200 200
2019-01-30T23_29_32 1078 11.04  212.8 2349.3   8.22    0.0    0.0  0.00 200 200
2019-01-30T23_29_35 1079 11.04  212.8 2349.3   8.22    0.0    0.0  0.00 200 200
2019-01-30T23_29_37 1080 11.04  212.8 2349.3   8.22    0.0    0.0  0.00 200 200
2019-01-30T23_29_40 1081 11.04  212.8 2349.3   8.22    0.0    0.0  0.00 200 200
2019-01-30T23_29_42 1082 11.04  213.6 2358.1   8.22    0.0    0.0  0.00 200 200
2019-01-30T23_29_45 1083 11.04  212.8 2349.3   8.22    0.0    0.0  0.00 200 200
2019-01-30T23_29_47 1084 11.04  213.2 2353.7   8.22    0.0    0.0  0.00 200 200
2019-01-30T23_29_50 1085 11.04  212.8 2349.3   8.22    0.0    0.0  0.00 200 200
2019-01-30T23_29_52 1086 11.04  212.8 2349.3   8.22    0.0    0.0  0.00 200 200
2019-01-30T23_29_55 1087 11.04  212.8 2349.3   8.22    0.0    0.0  0.00 200 200
2019-01-30T23_29_57 1088 11.04  212.8 2349.3   8.22    0.0    0.0  0.00 200 200
2019-01-30T23_29_59 1089 11.04  212.8 2349.3   8.22    0.0    0.0  0.00 200 200
2019-01-30T23_30_02 1090 11.04  213.2 2353.7   8.22    0.0    0.0  0.00 200 200
2019-01-30T23_30_04 1091 11.04  212.8 2349.3   8.22    0.0    0.0  0.00 200 200
2019-01-30T23_30_07 1092 11.04  212.8 2349.3   8.22    0.0    0.0  0.00 200 200
2019-01-30T23_30_09 1093 11.04  213.2 2353.7   8.22    0.0    0.0  0.00 200 200
2019-01-30T23_30_12 1094 11.04  213.2 2353.7   8.22    0.0    0.0  0.00 200 200
2019-01-30T23_30_14 1095 11.04  212.8 2349.3   8.22    0.0    0.0  0.00 200 200
2019-01-30T23_30_17 1096 11.04  214.4 2366.9   8.22    0.0    0.0  0.00 200 200
2019-01-30T23_30_19 1097 11.04  212.8 2349.3   8.22    0.0    0.0  0.00 200 200
2019-01-30T23_30_22 1098 11.04  213.2 2353.7   8.22    0.0    0.0  0.00 200 200
2019-01-30T23_30_24 1099 11.04  213.2 2353.7   8.22    0.0    0.0  0.00 200 200