2019-02-05T02_07_46 1446 11.11  244.8 2720.2   8.26    0.0    0.0  0.00 200 200
2019-02-05T02_07_51 1448 11.14  214.8 2392.0   8.29    0.0    0.0  0.00 200 200
2019-02-05T02_07_56 1450 11.14  212.8 2369.7   8.29    0.0    0.0  0.00 200 200
2019-02-05T02_08_00 1452 11.14  212.4 2365.2   8.29    0.0    0.0  0.00 200 200
2019-02-05T02_08_05 1454 11.14  212.0 2360.8   8.29    0.0    0.0  0.00 200 200
2019-02-05T02_08_10 1456 11.14  211.6 2356.3   8.29    0.0    0.0  0.00 200 200
2019-02-05T02_08_15 1458 11.14  213.2 2374.2   8.29    0.0    0.0  0.00 200 200
2019-02-05T02_08_20 1460 11.10  247.6 2749.3   8.26    0.0    0.0  0.00 200 200
2019-02-05T02_08_25 1462 11.10  245.2 2722.7   8.26    0.0    0.0  0.00 200 200
2019-02-05T02_08_29 1464 11.10  247.2 2744.9   8.26    0.0    0.0  0.00 200 200
2019-02-05T02_08_34 1466 11.10  247.6 2749.3   8.26    0.0    0.0  0.00 200 200
2019-02-05T02_08_39 1468 11.11  244.8 2720.2   8.27    0.0    0.0  0.00 200 200
2019-02-05T02_08_44 1470 11.11  242.8 2697.9   8.27    0.0    0.0  0.00 200 200
2019-02-05T02_08_49 1472 11.11  243.2 2702.4   8.27    0.0    0.0  0.00 200 200
2019-02-05T02_08_53 1474 11.11  244.0 2711.3   8.27    0.0    0.0  0.00 200 200
2019-02-05T02_08_58 1476 11.11  245.6 2729.1   8.26    0.0    0.0  0.00 200 200
2019-02-05T02_09_03 1478 11.11  245.2 2724.6   8.26    0.0    0.0  0.00 200 200
2019-02-05T02_09_08 1480 11.11  241.6 2684.6   8.27    0.0    0.0  0.00 200 200
2019-02-05T02_09_13 1482 11.14  212.4 2365.2   8.29    0.0    0.0  0.00 200 200
2019-02-05T02_09_17 1484 11.14  212.0 2360.8   8.29    0.0    0.0  0.00 200 200
2019-02-05T02_09_22 1486 11.14  211.6 2356.3   8.29    0.0    0.0  0.00 200 200
2019-02-05T02_09_27 1488 11.14  213.6 2378.6   8.29    0.0    0.0  0.00 200 200
2019-02-05T02_09_32 1490 11.10  246.8 2740.4   8.26    0.0    0.0  0.00 200 200
2019-02-05T02_09_37 1492 11.10  246.4 2736.0   8.26    0.0    0.0  0.00 200 200
2019-02-05T02_09_41 1494 11.10  246.8 2740.4   8.26    0.0    0.0  0.00 200 200
2019-02-05T02_09_46 1496 11.10  245.6 2727.1   8.26    0.0    0.0  0.00 200 200
2019-02-05T02_09_51 1498 11.11  242.8 2697.9   8.27    0.0    0.0  0.00 200 200
2019-02-05T02_09_56 1500 11.11  242.0 2689.1   8.27    0.0    0.0  0.00 200 200
2019-02-05T02_10_01 1502 11.11  242.8 2697.9   8.27    0.0    0.0  0.00 200 200
2019-02-05T02_10_05 1504 11.11  241.6 2684.6   8.27    0.0    0.0  0.00 200 200
2019-02-05T02_10_10 1506 11.10  245.6 2727.1   8.26    0.0    0.0  0.00 200 200
2019-02-05T02_10_15 1508 11.10  245.2 2722.7   8.26    0.0    0.0  0.00 200 200
2019-02-05T02_10_20 1510 11.14  214.4 2387.5   8.29    0.0    0.0  0.00 200 200
2019-02-05T02_10_25 1512 11.14  212.8 2369.7   8.29    0.0    0.0  0.00 200 200
2019-02-05T02_10_30 1514 11.14  212.4 2365.2   8.29    0.0    0.0  0.00 200 200
2019-02-05T02_10_34 1516 11.14  213.6 2378.6   8.29    0.0    0.0  0.00 200 200
2019-02-05T02_10_39 1518 11.14  213.2 2374.2   8.29    0.0    0.0  0.00 200 200
2019-02-05T02_10_44 1520 11.14  213.6 2378.6   8.29    0.0    0.0  0.00 200 200
2019-02-05T02_10_49 1522 11.14  213.2 2374.2   8.29    0.0    0.0  0.00 200 200
2019-02-05T02_10_54 1524 11.14  213.2 2374.2   8.29    0.0    0.0  0.00 200 200
2019-02-05T02_10_58 1526 11.14  213.2 2374.2   8.29    0.0    0.0  0.00 200 200
2019-02-05T02_11_03 1528 11.14  212.8 2369.7   8.29    0.0    0.0  0.00 200 200
2019-02-05T02_11_08 1530 11.14  212.8 2369.7   8.29    0.0    0.0  0.00 200 200
2019-02-05T02_11_13 1532 11.14  212.8 2369.7   8.29    0.0    0.0  0.00 200 200
2019-02-05T02_11_18 1534 11.14  212.4 2365.2   8.29    0.0    0.0  0.00 200 200
2019-02-05T02_11_22 1536 11.14  213.2 2374.2   8.29    0.0    0.0  0.00 200 200
2019-02-05T02_11_27 1538 11.14  212.4 2365.2   8.29    0.0    0.0  0.00 200 200
2019-02-05T02_11_32 1540 11.14  212.4 2365.2   8.29    0.0    0.0  0.00 200 200
2019-02-05T02_11_37 1542 11.10  246.8 2740.4   8.26    0.0    0.0  0.00 200 200
2019-02-05T02_11_42 1544 11.10  247.2 2744.9   8.26    0.0    0.0  0.00 200 200
2019-02-05T02_11_46 1546 11.10  246.4 2736.0   8.26    0.0    0.0  0.00 200 200
2019-02-05T02_11_51 1548 11.10  247.2 2744.9   8.26    0.0    0.0  0.00 200 200
2019-02-05T02_11_56 1550 11.10  246.8 2740.4   8.26    0.0    0.0  0.00 200 200
2019-02-05T02_12_01 1552 11.10  246.8 2740.4   8.26    0.0    0.0  0.00 200 200
2019-02-05T02_12_06 1554 11.11  242.4 2693.5   8.27    0.0    0.0  0.00 200 200
2019-02-05T02_12_10 1556 11.11  242.8 2697.9   8.26    0.0    0.0  0.00 200 200
2019-02-05T02_12_15 1558 11.11  245.6 2729.1   8.26    0.0    0.0  0.00 200 200
2019-02-05T02_12_20 1560 11.10  244.8 2718.2   8.26    0.0    0.0  0.00 200 200
2019-02-05T02_12_25 1562 11.10  245.2 2722.7   8.26    0.0    0.0  0.00 200 200
2019-02-05T02_12_30 1564 11.14  212.8 2369.7   8.29    0.0    0.0  0.00 200 200
2019-02-05T02_12_34 1566 11.14  213.2 2374.2   8.29    0.0    0.0  0.00 200 200
2019-02-05T02_12_39 1568 11.14  213.6 2378.6   8.29    0.0    0.0  0.00 200 200
2019-02-05T02_12_44 1570 11.14  212.8 2369.7   8.29    0.0    0.0  0.00 200 200
2019-02-05T02_12_49 1572 11.10  247.2 2744.9   8.26    0.0    0.0  0.00 200 200
2019-02-05T02_12_54 1574 11.10  244.8 2718.2   8.26    0.0    0.0  0.00 200 200
2019-02-05T02_12_58 1576 11.10  247.2 2744.9   8.26    0.0    0.0  0.00 200 200
2019-02-05T02_13_03 1578 11.10  247.6 2749.3   8.26    0.0    0.0  0.00 200 200
2019-02-05T02_13_08 1580 11.10  246.8 2740.4   8.26    0.0    0.0  0.00 200 200
2019-02-05T02_13_13 1582 11.11  242.4 2693.5   8.27    0.0    0.0  0.00 200 200
2019-02-05T02_13_18 1584 11.11  242.4 2693.5   8.27    0.0    0.0  0.00 200 200
2019-02-05T02_13_23 1586 11.11  242.4 2693.5   8.27    0.0    0.0  0.00 200 200
2019-02-05T02_13_27 1588 11.11  245.6 2729.1   8.26    0.0    0.0  0.00 200 200
2019-02-05T02_13_32 1590 11.11  245.6 2729.1   8.26    0.0    0.0  0.00 200 200
2019-02-05T02_13_37 1592 11.10  244.0 2709.3   8.26    0.0    0.0  0.00 200 200
2019-02-05T02_13_42 1594 11.14  212.0 2360.8   8.29    0.0    0.0  0.00 200 200
2019-02-05T02_13_47 1596 11.14  212.8 2369.7   8.29    0.0    0.0  0.00 200 200
2019-02-05T02_13_51 1598 11.14  213.2 2374.2   8.29    0.0    0.0  0.00 200 200
2019-02-05T02_13_56 1600 11.14  213.6 2378.6   8.29    0.0    0.0  0.00 200 200
2019-02-05T02_14_01 1602 11.14  212.4 2365.2   8.29    0.0    0.0  0.00 200 200
2019-02-05T02_14_06 1604 11.14  212.0 2360.8   8.29    0.0    0.0  0.00 200 200
2019-02-05T02_14_11 1606 11.14  213.2 2374.2   8.29    0.0    0.0  0.00 200 200
2019-02-05T02_14_15 1608 11.14  213.2 2374.2   8.29    0.0    0.0  0.00 200 200
2019-02-05T02_14_20 1610 11.14  212.8 2369.7   8.29    0.0    0.0  0.00 200 200
2019-02-05T02_14_25 1612 11.14  212.4 2365.2   8.29    0.0    0.0  0.00 200 200
2019-02-05T02_14_30 1614 11.14  212.0 2360.8   8.29    0.0    0.0  0.00 200 200
2019-02-05T02_14_35 1616 11.14  212.8 2369.7   8.29    0.0    0.0  0.00 200 200
2019-02-05T02_14_39 1618 11.14  213.2 2374.2   8.29    0.0    0.0  0.00 200 200
2019-02-05T02_14_44 1620 11.14  212.8 2369.7   8.29    0.0    0.0  0.00 200 200
2019-02-05T02_14_49 1622 11.14  212.4 2365.2   8.29    0.0    0.0  0.00 200 200
2019-02-05T02_14_54 1624 11.10  247.2 2744.9   8.26    0.0    0.0  0.00 200 200
2019-02-05T02_14_59 1626 11.10  247.2 2744.9   8.26    0.0    0.0  0.00 200 200
2019-02-05T02_15_03 1628 11.10  246.8 2740.4   8.26    0.0    0.0  0.00 200 200
2019-02-05T02_15_08 1630 11.10  247.2 2744.9   8.26    0.0    0.0  0.00 200 200
2019-02-05T02_15_13 1632 11.10  246.8 2740.4   8.26    0.0    0.0  0.00 200 200
2019-02-05T02_15_18 1634 11.10  246.4 2736.0   8.26    0.0    0.0  0.00 200 200
2019-02-05T02_15_23 1636 11.11  241.6 2684.6   8.27    0.0    0.0  0.00 200 200
2019-02-05T02_15_27 1638 11.11  243.2 2702.4   8.27    0.0    0.0  0.00 200 200
2019-02-05T02_15_32 1640 11.10  244.8 2718.2   8.26    0.0    0.0  0.00 200 200