2019-01-30T01_22_56 1571 11.03  213.2 2352.0   8.20    0.0    0.0  0.00 200 200
2019-01-30T01_22_58 1572 11.03  213.2 2352.0   8.20    0.0    0.0  0.00 200 200
2019-01-30T01_23_01 1573 11.03  213.6 2356.4   8.20    0.0    0.0  0.00 200 200
2019-01-30T01_23_03 1574 11.03  213.2 2352.0   8.20    0.0    0.0  0.00 200 200
2019-01-30T01_23_06 1575 11.03  213.2 2352.0   8.20    0.0    0.0  0.00 200 200
2019-01-30T01_23_08 1576 11.03  213.2 2352.0   8.20    0.0    0.0  0.00 200 200
2019-01-30T01_23_11 1577 11.03  213.2 2352.0   8.20    0.0    0.0  0.00 200 200
2019-01-30T01_23_13 1578 11.03  213.2 2352.0   8.20    0.0    0.0  0.00 200 200
2019-01-30T01_23_16 1579 11.03  213.2 2352.0   8.20    0.0    0.0  0.00 200 200
2019-01-30T01_23_18 1580 11.03  213.2 2352.0   8.20    0.0    0.0  0.00 200 200
2019-01-30T01_23_21 1581 11.03  213.2 2352.0   8.20    0.0    0.0  0.00 200 200
2019-01-30T01_23_23 1582 11.03  213.2 2352.0   8.20    0.0    0.0  0.00 200 200
2019-01-30T01_23_25 1583 11.03  213.2 2352.0   8.20    0.0    0.0  0.00 200 200
2019-01-30T01_23_28 1584 11.03  213.6 2356.4   8.20    0.0    0.0  0.00 200 200
2019-01-30T01_23_30 1585 11.03  213.2 2352.0   8.20    0.0    0.0  0.00 200 200
2019-01-30T01_23_33 1586 11.03  213.6 2356.4   8.20    0.0    0.0  0.00 200 200
2019-01-30T01_23_35 1587 11.03  214.0 2360.8   8.20    0.0    0.0  0.00 200 200
2019-01-30T01_23_38 1588 11.03  213.2 2352.0   8.20    0.0    0.0  0.00 200 200
2019-01-30T01_23_40 1589 11.03  213.2 2352.0   8.20    0.0    0.0  0.00 200 200
2019-01-30T01_23_43 1590 11.03  213.2 2352.0   8.20    0.0    0.0  0.00 200 200
2019-01-30T01_23_45 1591 11.03  213.2 2352.0   8.20    0.0    0.0  0.00 200 200
2019-01-30T01_23_48 1592 11.03  213.2 2352.0   8.20    0.0    0.0  0.00 200 200
2019-01-30T01_23_50 1593 11.03  213.2 2352.0   8.20    0.0    0.0  0.00 200 200
2019-01-30T01_23_52 1594 11.03  213.2 2352.0   8.20    0.0    0.0  0.00 200 200
2019-01-30T01_23_55 1595 11.03  213.6 2356.4   8.20    0.0    0.0  0.00 200 200
2019-01-30T01_23_57 1596 11.03  213.2 2352.0   8.20    0.0    0.0  0.00 200 200
2019-01-30T01_24_00 1597 11.03  213.2 2352.0   8.20    0.0    0.0  0.00 200 200
2019-01-30T01_24_02 1598 11.03  214.0 2360.8   8.20    0.0    0.0  0.00 200 200
2019-01-30T01_24_05 1599 11.03  213.2 2352.0   8.20    0.0    0.0  0.00 200 200
2019-01-30T01_24_07 1600 11.03  213.2 2352.0   8.20    0.0    0.0  0.00 200 200
2019-01-30T01_24_10 1601 11.03  213.2 2352.0   8.20    0.0    0.0  0.00 200 200
2019-01-30T01_24_12 1602 11.03  213.2 2352.0   8.20    0.0    0.0  0.00 200 200
2019-01-30T01_24_15 1603 11.03  213.2 2352.0   8.20    0.0    0.0  0.00 200 200
2019-01-30T01_24_17 1604 11.03  213.2 2352.0   8.20    0.0    0.0  0.00 200 200
2019-01-30T01_24_20 1605 11.03  213.2 2352.0   8.20    0.0    0.0  0.00 200 200
2019-01-30T01_24_22 1606 11.03  213.2 2352.0   8.20    0.0    0.0  0.00 200 200
2019-01-30T01_24_24 1607 11.03  213.2 2352.0   8.20    0.0    0.0  0.00 200 200
2019-01-30T01_24_27 1608 11.03  213.2 2352.0   8.20    0.0    0.0  0.00 200 200
2019-01-30T01_24_29 1609 11.03  214.0 2360.8   8.20    0.0    0.0  0.00 200 200
2019-01-30T01_24_32 1610 11.03  213.2 2352.0   8.20    0.0    0.0  0.00 200 200
2019-01-30T01_24_34 1611 11.03  213.6 2356.4   8.20    0.0    0.0  0.00 200 200
2019-01-30T01_24_37 1612 11.03  211.6 2334.3   8.21    0.0    0.0  0.00 200 200
2019-01-30T01_24_39 1613 11.03  212.0 2338.7   8.21    0.0    0.0  0.00 200 200
2019-01-30T01_24_42 1614 11.03  212.0 2338.7   8.21    0.0    0.0  0.00 200 200
2019-01-30T01_24_44 1615 11.03  211.6 2334.3   8.21    0.0    0.0  0.00 200 200
2019-01-30T01_24_47 1616 11.03  212.0 2338.7   8.21    0.0    0.0  0.00 200 200
2019-01-30T01_24_49 1617 11.03  212.0 2338.7   8.21    0.0    0.0  0.00 200 200
2019-01-30T01_24_52 1618 11.03  212.0 2338.7   8.21    0.0    0.0  0.00 200 200
2019-01-30T01_24_54 1619 11.03  212.0 2338.7   8.21    0.0    0.0  0.00 200 200
2019-01-30T01_24_56 1620 11.03  212.4 2343.2   8.21    0.0    0.0  0.00 200 200
2019-01-30T01_24_59 1621 11.03  212.0 2338.7   8.21    0.0    0.0  0.00 200 200