2019-01-30T23_49_15 1559 11.04  212.8 2349.3   8.22    0.0    0.0  0.00 200 200
2019-01-30T23_49_17 1560 11.04  213.6 2358.1   8.22    0.0    0.0  0.00 200 200
2019-01-30T23_49_20 1561 11.04  212.8 2349.3   8.22    0.0    0.0  0.00 200 200
2019-01-30T23_49_22 1562 11.04  212.8 2349.3   8.22    0.0    0.0  0.00 200 200
2019-01-30T23_49_25 1563 11.04  212.8 2349.3   8.22    0.0    0.0  0.00 200 200
2019-01-30T23_49_27 1564 11.04  212.8 2349.3   8.22    0.0    0.0  0.00 200 200
2019-01-30T23_49_30 1565 11.04  213.2 2353.7   8.22    0.0    0.0  0.00 200 200
2019-01-30T23_49_32 1566 11.04  212.8 2349.3   8.22    0.0    0.0  0.00 200 200
2019-01-30T23_49_35 1567 11.04  212.8 2349.3   8.22    0.0    0.0  0.00 200 200
2019-01-30T23_49_37 1568 11.04  212.8 2349.3   8.22    0.0    0.0  0.00 200 200
2019-01-30T23_49_40 1569 11.04  212.8 2349.3   8.22    0.0    0.0  0.00 200 200
2019-01-30T23_49_42 1570 11.04  212.8 2349.3   8.22    0.0    0.0  0.00 200 200
2019-01-30T23_49_45 1571 11.04  213.2 2353.7   8.22    0.0    0.0  0.00 200 200
2019-01-30T23_49_47 1572 11.04  212.8 2349.3   8.22    0.0    0.0  0.00 200 200
2019-01-30T23_49_49 1573 11.04  212.8 2349.3   8.22    0.0    0.0  0.00 200 200
2019-01-30T23_49_52 1574 11.04  212.8 2349.3   8.22    0.0    0.0  0.00 200 200
2019-01-30T23_49_54 1575 11.04  212.8 2349.3   8.22    0.0    0.0  0.00 200 200
2019-01-30T23_49_57 1576 11.04  212.8 2349.3   8.22    0.0    0.0  0.00 200 200
2019-01-30T23_49_59 1577 11.04  212.8 2349.3   8.22    0.0    0.0  0.00 200 200
2019-01-30T23_50_02 1578 11.04  212.8 2349.3   8.22    0.0    0.0  0.00 200 200
2019-01-30T23_50_04 1579 11.04  212.8 2349.3   8.22    0.0    0.0  0.00 200 200
2019-01-30T23_50_07 1580 11.04  212.8 2349.3   8.22    0.0    0.0  0.00 200 200
2019-01-30T23_50_09 1581 11.04  212.8 2349.3   8.22    0.0    0.0  0.00 200 200
2019-01-30T23_50_12 1582 11.04  213.2 2353.7   8.22    0.0    0.0  0.00 200 200
2019-01-30T23_50_14 1583 11.04  212.8 2349.3   8.22    0.0    0.0  0.00 200 200
2019-01-30T23_50_16 1584 11.04  212.8 2349.3   8.22    0.0    0.0  0.00 200 200
2019-01-30T23_50_19 1585 11.04  212.8 2349.3   8.22    0.0    0.0  0.00 200 200
2019-01-30T23_50_21 1586 11.04  212.8 2349.3   8.22    0.0    0.0  0.00 200 200
2019-01-30T23_50_24 1587 11.04  212.8 2349.3   8.22    0.0    0.0  0.00 200 200
2019-01-30T23_50_26 1588 11.04  212.8 2349.3   8.22    0.0    0.0  0.00 200 200
2019-01-30T23_50_29 1589 11.04  212.8 2349.3   8.22    0.0    0.0  0.00 200 200
2019-01-30T23_50_31 1590 11.04  212.8 2349.3   8.22    0.0    0.0  0.00 200 200
2019-01-30T23_50_34 1591 11.04  213.6 2358.1   8.22    0.0    0.0  0.00 200 200
2019-01-30T23_50_36 1592 11.04  212.8 2349.3   8.22    0.0    0.0  0.00 200 200
2019-01-30T23_50_39 1593 11.04  213.2 2353.7   8.22    0.0    0.0  0.00 200 200
2019-01-30T23_50_41 1594 11.04  213.2 2353.7   8.22    0.0    0.0  0.00 200 200
2019-01-30T23_50_44 1595 11.04  212.8 2349.3   8.22    0.0    0.0  0.00 200 200
2019-01-30T23_50_46 1596 11.04  214.4 2366.9   8.22    0.0    0.0  0.00 200 200
2019-01-30T23_50_48 1597 11.04  212.8 2349.3   8.22    0.0    0.0  0.00 200 200
2019-01-30T23_50_51 1598 11.04  212.8 2349.3   8.22    0.0    0.0  0.00 200 200
2019-01-30T23_50_53 1599 11.04  213.2 2353.7   8.22    0.0    0.0  0.00 200 200
2019-01-30T23_50_56 1600 11.04  213.2 2353.7   8.22    0.0    0.0  0.00 200 200
2019-01-30T23_50_58 1601 11.04  212.8 2349.3   8.22    0.0    0.0  0.00 200 200
2019-01-30T23_51_01 1602 11.04  212.8 2349.3   8.22    0.0    0.0  0.00 200 200
2019-01-30T23_51_03 1603 11.04  212.8 2349.3   8.22    0.0    0.0  0.00 200 200
2019-01-30T23_51_06 1604 11.04  213.6 2358.1   8.22    0.0    0.0  0.00 200 200
2019-01-30T23_51_08 1605 11.04  216.0 2384.6   8.21    0.0    0.0  0.00 200 200
2019-01-30T23_51_11 1606 11.04  213.2 2353.7   8.22    0.0    0.0  0.00 200 200
2019-01-30T23_51_13 1607 11.04  214.0 2362.5   8.22    0.0    0.0  0.00 200 200
2019-01-30T23_51_16 1608 11.04  213.2 2353.7   8.22    0.0    0.0  0.00 200 200
2019-01-30T23_51_18 1609 11.04  213.2 2353.7   8.22    0.0    0.0  0.00 200 200