2019-01-30T23_26_16 998 11.04  212.0 2340.4   8.22    0.0    0.0  0.00 200 200
2019-01-30T23_26_18 999 11.04  212.4 2344.9   8.22    0.0    0.0  0.00 200 200
2019-01-30T23_26_21 1000 11.04  212.0 2340.4   8.22    0.0    0.0  0.00 200 200
2019-01-30T23_26_23 1001 11.04  212.0 2340.4   8.22    0.0    0.0  0.00 200 200
2019-01-30T23_26_26 1002 11.04  213.2 2353.7   8.22    0.0    0.0  0.00 200 200
2019-01-30T23_26_28 1003 11.04  212.0 2340.4   8.22    0.0    0.0  0.00 200 200
2019-01-30T23_26_30 1004 11.04  212.4 2344.9   8.22    0.0    0.0  0.00 200 200
2019-01-30T23_26_33 1005 11.04  212.4 2344.9   8.22    0.0    0.0  0.00 200 200
2019-01-30T23_26_35 1006 11.04  212.4 2344.9   8.22    0.0    0.0  0.00 200 200
2019-01-30T23_26_38 1007 11.04  212.4 2344.9   8.22    0.0    0.0  0.00 200 200
2019-01-30T23_26_40 1008 11.04  212.4 2344.9   8.22    0.0    0.0  0.00 200 200
2019-01-30T23_26_43 1009 11.04  212.4 2344.9   8.22    0.0    0.0  0.00 200 200
2019-01-30T23_26_45 1010 11.04  212.4 2344.9   8.22    0.0    0.0  0.00 200 200
2019-01-30T23_26_48 1011 11.04  212.4 2344.9   8.22    0.0    0.0  0.00 200 200
2019-01-30T23_26_50 1012 11.04  212.4 2344.9   8.22    0.0    0.0  0.00 200 200
2019-01-30T23_26_53 1013 11.04  213.2 2353.7   8.22    0.0    0.0  0.00 200 200
2019-01-30T23_26_55 1014 11.04  212.4 2344.9   8.22    0.0    0.0  0.00 200 200
2019-01-30T23_26_57 1015 11.04  212.4 2344.9   8.22    0.0    0.0  0.00 200 200
2019-01-30T23_27_00 1016 11.04  212.4 2344.9   8.22    0.0    0.0  0.00 200 200
2019-01-30T23_27_02 1017 11.04  212.4 2344.9   8.22    0.0    0.0  0.00 200 200
2019-01-30T23_27_05 1018 11.04  212.4 2344.9   8.22    0.0    0.0  0.00 200 200
2019-01-30T23_27_07 1019 11.04  212.4 2344.9   8.22    0.0    0.0  0.00 200 200
2019-01-30T23_27_10 1020 11.04  212.4 2344.9   8.22    0.0    0.0  0.00 200 200
2019-01-30T23_27_12 1021 11.04  212.8 2349.3   8.22    0.0    0.0  0.00 200 200
2019-01-30T23_27_15 1022 11.04  212.4 2344.9   8.22    0.0    0.0  0.00 200 200
2019-01-30T23_27_17 1023 11.04  212.4 2344.9   8.22    0.0    0.0  0.00 200 200
2019-01-30T23_27_20 1024 11.04  213.2 2353.7   8.22    0.0    0.0  0.00 200 200
2019-01-30T23_27_22 1025 11.04  212.8 2349.3   8.22    0.0    0.0  0.00 200 200
2019-01-30T23_27_25 1026 11.04  212.4 2344.9   8.22    0.0    0.0  0.00 200 200
2019-01-30T23_27_27 1027 11.04  212.8 2349.3   8.22    0.0    0.0  0.00 200 200
2019-01-30T23_27_29 1028 11.04  212.4 2344.9   8.22    0.0    0.0  0.00 200 200
2019-01-30T23_27_32 1029 11.04  212.4 2344.9   8.22    0.0    0.0  0.00 200 200
2019-01-30T23_27_34 1030 11.04  212.4 2344.9   8.22    0.0    0.0  0.00 200 200
2019-01-30T23_27_37 1031 11.04  212.4 2344.9   8.22    0.0    0.0  0.00 200 200
2019-01-30T23_27_39 1032 11.04  212.4 2344.9   8.22    0.0    0.0  0.00 200 200
2019-01-30T23_27_42 1033 11.04  212.4 2344.9   8.22    0.0    0.0  0.00 200 200
2019-01-30T23_27_44 1034 11.04  212.4 2344.9   8.22    0.0    0.0  0.00 200 200
2019-01-30T23_27_47 1035 11.04  212.8 2349.3   8.22    0.0    0.0  0.00 200 200
2019-01-30T23_27_49 1036 11.04  212.4 2344.9   8.22    0.0    0.0  0.00 200 200
2019-01-30T23_27_52 1037 11.04  212.4 2344.9   8.22    0.0    0.0  0.00 200 200
2019-01-30T23_27_54 1038 11.04  214.0 2362.5   8.22    0.0    0.0  0.00 200 200
2019-01-30T23_27_56 1039 11.04  212.4 2344.9   8.22    0.0    0.0  0.00 200 200
2019-01-30T23_27_59 1040 11.04  212.4 2344.9   8.22    0.0    0.0  0.00 200 200
2019-01-30T23_28_01 1041 11.04  212.4 2344.9   8.22    0.0    0.0  0.00 200 200
2019-01-30T23_28_04 1042 11.04  212.4 2344.9   8.22    0.0    0.0  0.00 200 200
2019-01-30T23_28_06 1043 11.04  212.4 2344.9   8.22    0.0    0.0  0.00 200 200
2019-01-30T23_28_09 1044 11.04  212.4 2344.9   8.22    0.0    0.0  0.00 200 200
2019-01-30T23_28_11 1045 11.04  212.8 2349.3   8.22    0.0    0.0  0.00 200 200
2019-01-30T23_28_14 1046 11.04  212.8 2349.3   8.22    0.0    0.0  0.00 200 200
2019-01-30T23_28_16 1047 11.04  212.4 2344.9   8.22    0.0    0.0  0.00 200 200
2019-01-30T23_28_19 1048 11.04  212.4 2344.9   8.22    0.0    0.0  0.00 200 200