2019-01-30T22_46_34 29 11.05  214.4 2368.6   8.22    0.0    0.0  0.00 200 200
2019-01-30T22_46_37 30 11.02  238.0 2623.7   8.21    0.0    0.0  0.00 200 200
2019-01-30T22_46_39 31 11.05  213.6 2359.8   8.22    0.0    0.0  0.00 200 200
2019-01-30T22_46_42 32 11.02  250.8 2762.8   8.19    0.0    0.0  0.00 200 200
2019-01-30T22_46_44 33 11.05  213.6 2359.8   8.22    0.0    0.0  0.00 200 200
2019-01-30T22_46_47 34 11.05  213.6 2359.8   8.22    0.0    0.0  0.00 200 200
2019-01-30T22_46_49 35 11.05  213.6 2359.8   8.22    0.0    0.0  0.00 200 200
2019-01-30T22_46_51 36 11.05  213.2 2355.4   8.22    0.0    0.0  0.00 200 200
2019-01-30T22_46_54 37 11.05  214.0 2364.2   8.22    0.0    0.0  0.00 200 200
2019-01-30T22_46_56 38 11.05  213.2 2355.4   8.22    0.0    0.0  0.00 200 200
2019-01-30T22_46_59 39 11.05  213.2 2355.4   8.22    0.0    0.0  0.00 200 200
2019-01-30T22_47_01 40 11.05  213.6 2359.8   8.22    0.0    0.0  0.00 200 200
2019-01-30T22_47_04 41 11.05  213.6 2359.8   8.22    0.0    0.0  0.00 200 200
2019-01-30T22_47_06 42 11.03  226.0 2493.2   8.21    0.0    0.0  0.00 200 200
2019-01-30T22_47_09 43 11.05  213.6 2359.8   8.22    0.0    0.0  0.00 200 200
2019-01-30T22_47_11 44 11.05  213.2 2355.4   8.22    0.0    0.0  0.00 200 200
2019-01-30T22_47_14 45 11.05  213.6 2359.8   8.22    0.0    0.0  0.00 200 200
2019-01-30T22_47_16 46 11.05  213.2 2355.4   8.22    0.0    0.0  0.00 200 200
2019-01-30T22_47_18 47 11.05  213.2 2355.4   8.22    0.0    0.0  0.00 200 200
2019-01-30T22_47_21 48 11.05  213.6 2359.8   8.22    0.0    0.0  0.00 200 200
2019-01-30T22_47_23 49 11.05  213.6 2359.8   8.22    0.0    0.0  0.00 200 200
2019-01-30T22_47_26 50 11.05  213.2 2355.4   8.22    0.0    0.0  0.00 200 200
2019-01-30T22_47_28 51 11.05  213.2 2355.4   8.22    0.0    0.0  0.00 200 200
2019-01-30T22_47_31 52 11.05  213.6 2359.8   8.22    0.0    0.0  0.00 200 200
2019-01-30T22_47_33 53 11.05  213.6 2359.8   8.22    0.0    0.0  0.00 200 200
2019-01-30T22_47_36 54 11.05  213.2 2355.4   8.22    0.0    0.0  0.00 200 200
2019-01-30T22_47_38 55 11.05  213.2 2355.4   8.22    0.0    0.0  0.00 200 200
2019-01-30T22_47_41 56 11.05  213.6 2359.8   8.22    0.0    0.0  0.00 200 200
2019-01-30T22_47_43 57 11.05  214.0 2364.2   8.22    0.0    0.0  0.00 200 200
2019-01-30T22_47_45 58 11.05  213.2 2355.4   8.22    0.0    0.0  0.00 200 200
2019-01-30T22_47_48 59 11.05  213.6 2359.8   8.22    0.0    0.0  0.00 200 200
2019-01-30T22_47_50 60 11.05  213.2 2355.4   8.22    0.0    0.0  0.00 200 200
2019-01-30T22_47_53 61 11.05  213.2 2355.4   8.22    0.0    0.0  0.00 200 200
2019-01-30T22_47_55 62 11.05  213.2 2355.4   8.22    0.0    0.0  0.00 200 200
2019-01-30T22_47_58 63 11.05  213.2 2355.4   8.22    0.0    0.0  0.00 200 200
2019-01-30T22_48_00 64 11.05  213.2 2355.4   8.22    0.0    0.0  0.00 200 200
2019-01-30T22_48_03 65 11.05  213.2 2355.4   8.22    0.0    0.0  0.00 200 200
2019-01-30T22_48_05 66 11.05  213.6 2359.8   8.22    0.0    0.0  0.00 200 200
2019-01-30T22_48_08 67 11.05  213.6 2359.8   8.22    0.0    0.0  0.00 200 200
2019-01-30T22_48_10 68 11.05  213.2 2355.4   8.22    0.0    0.0  0.00 200 200
2019-01-30T22_48_12 69 11.05  213.2 2355.4   8.22    0.0    0.0  0.00 200 200
2019-01-30T22_48_15 70 11.05  213.6 2359.8   8.22    0.0    0.0  0.00 200 200
2019-01-30T22_48_17 71 11.05  213.2 2355.4   8.22    0.0    0.0  0.00 200 200
2019-01-30T22_48_20 72 11.05  213.2 2355.4   8.22    0.0    0.0  0.00 200 200
2019-01-30T22_48_22 73 11.05  213.2 2355.4   8.22    0.0    0.0  0.00 200 200
2019-01-30T22_48_25 74 11.05  213.2 2355.4   8.22    0.0    0.0  0.00 200 200
2019-01-30T22_48_27 75 11.05  213.2 2355.4   8.22    0.0    0.0  0.00 200 200
2019-01-30T22_48_30 76 11.05  213.2 2355.4   8.22    0.0    0.0  0.00 200 200
2019-01-30T22_48_32 77 11.05  213.2 2355.4   8.22    0.0    0.0  0.00 200 200
2019-01-30T22_48_35 78 11.05  213.6 2359.8   8.22    0.0    0.0  0.00 200 200
2019-01-30T22_48_37 79 11.05  213.2 2355.4   8.22    0.0    0.0  0.00 200 200