2019-01-30T01_43_50 2081 11.03  212.0 2338.7   8.21    0.0    0.0  0.00 200 200
2019-01-30T01_43_52 2082 11.03  211.6 2334.3   8.21    0.0    0.0  0.00 200 200
2019-01-30T01_43_55 2083 11.03  211.6 2334.3   8.21    0.0    0.0  0.00 200 200
2019-01-30T01_43_57 2084 11.03  212.0 2338.7   8.21    0.0    0.0  0.00 200 200
2019-01-30T01_44_00 2085 11.03  211.6 2334.3   8.21    0.0    0.0  0.00 200 200
2019-01-30T01_44_02 2086 11.03  211.6 2334.3   8.21    0.0    0.0  0.00 200 200
2019-01-30T01_44_05 2087 11.03  213.6 2356.4   8.21    0.0    0.0  0.00 200 200
2019-01-30T01_44_07 2088 11.03  211.6 2334.3   8.21    0.0    0.0  0.00 200 200
2019-01-30T01_44_10 2089 11.03  211.6 2334.3   8.21    0.0    0.0  0.00 200 200
2019-01-30T01_44_12 2090 11.03  211.6 2334.3   8.21    0.0    0.0  0.00 200 200
2019-01-30T01_44_15 2091 11.03  211.6 2334.3   8.21    0.0    0.0  0.00 200 200
2019-01-30T01_44_17 2092 11.03  211.6 2334.3   8.21    0.0    0.0  0.00 200 200
2019-01-30T01_44_19 2093 11.03  211.6 2334.3   8.21    0.0    0.0  0.00 200 200
2019-01-30T01_44_22 2094 11.03  211.6 2334.3   8.21    0.0    0.0  0.00 200 200
2019-01-30T01_44_24 2095 11.03  211.6 2334.3   8.21    0.0    0.0  0.00 200 200
2019-01-30T01_44_27 2096 11.03  211.6 2334.3   8.21    0.0    0.0  0.00 200 200
2019-01-30T01_44_29 2097 11.03  211.6 2334.3   8.21    0.0    0.0  0.00 200 200
2019-01-30T01_44_32 2098 11.03  212.4 2343.2   8.21    0.0    0.0  0.00 200 200
2019-01-30T01_44_34 2099 11.03  211.6 2334.3   8.21    0.0    0.0  0.00 200 200
2019-01-30T01_44_37 2100 11.03  211.6 2334.3   8.21    0.0    0.0  0.00 200 200
2019-01-30T01_44_39 2101 11.03  211.6 2334.3   8.21    0.0    0.0  0.00 200 200
2019-01-30T01_44_42 2102 11.03  211.6 2334.3   8.21    0.0    0.0  0.00 200 200
2019-01-30T01_44_44 2103 11.03  211.6 2334.3   8.21    0.0    0.0  0.00 200 200
2019-01-30T01_44_46 2104 11.03  211.6 2334.3   8.21    0.0    0.0  0.00 200 200
2019-01-30T01_44_49 2105 11.03  211.6 2334.3   8.21    0.0    0.0  0.00 200 200
2019-01-30T01_44_51 2106 11.03  211.6 2334.3   8.21    0.0    0.0  0.00 200 200
2019-01-30T01_44_54 2107 11.03  211.6 2334.3   8.21    0.0    0.0  0.00 200 200
2019-01-30T01_44_56 2108 11.03  211.6 2334.3   8.21    0.0    0.0  0.00 200 200
2019-01-30T01_44_59 2109 11.03  212.0 2338.7   8.21    0.0    0.0  0.00 200 200
2019-01-30T01_45_01 2110 11.02  223.6 2464.9   8.20    0.0    0.0  0.00 200 200
2019-01-30T01_45_04 2111 11.03  211.6 2334.3   8.21    0.0    0.0  0.00 200 200
2019-01-30T01_45_06 2112 11.03  211.6 2334.3   8.21    0.0    0.0  0.00 200 200
2019-01-30T01_45_09 2113 11.03  211.6 2334.3   8.21    0.0    0.0  0.00 200 200
2019-01-30T01_45_11 2114 11.03  211.6 2334.3   8.21    0.0    0.0  0.00 200 200
2019-01-30T01_45_14 2115 11.03  211.6 2334.3   8.21    0.0    0.0  0.00 200 200
2019-01-30T01_45_16 2116 11.03  211.6 2334.3   8.21    0.0    0.0  0.00 200 200
2019-01-30T01_45_18 2117 11.03  211.6 2334.3   8.21    0.0    0.0  0.00 200 200
2019-01-30T01_45_21 2118 11.03  211.6 2334.3   8.21    0.0    0.0  0.00 200 200
2019-01-30T01_45_23 2119 11.03  211.6 2334.3   8.21    0.0    0.0  0.00 200 200
2019-01-30T01_45_26 2120 11.03  211.6 2334.3   8.21    0.0    0.0  0.00 200 200
2019-01-30T01_45_28 2121 11.03  211.6 2334.3   8.21    0.0    0.0  0.00 200 200
2019-01-30T01_45_31 2122 11.03  211.6 2334.3   8.21    0.0    0.0  0.00 200 200
2019-01-30T01_45_33 2123 11.03  211.6 2334.3   8.21    0.0    0.0  0.00 200 200
2019-01-30T01_45_36 2124 11.03  211.6 2334.3   8.21    0.0    0.0  0.00 200 200
2019-01-30T01_45_38 2125 11.03  211.2 2329.9   8.21    0.0    0.0  0.00 200 200
2019-01-30T01_45_41 2126 11.03  211.2 2329.9   8.21    0.0    0.0  0.00 200 200
2019-01-30T01_45_43 2127 11.03  211.6 2334.3   8.21    0.0    0.0  0.00 200 200
2019-01-30T01_45_45 2128 11.03  211.6 2334.3   8.21    0.0    0.0  0.00 200 200
2019-01-30T01_45_48 2129 11.03  211.2 2329.9   8.21    0.0    0.0  0.00 200 200
2019-01-30T01_45_50 2130 11.03  211.6 2334.3   8.21    0.0    0.0  0.00 200 200
2019-01-30T01_45_53 2131 11.03  211.6 2334.3   8.21    0.0    0.0  0.00 200 200