2019-01-30T01_37_34 1928 11.03  211.6 2334.3   8.21    0.0    0.0  0.00 200 200
2019-01-30T01_37_36 1929 11.03  211.6 2334.3   8.21    0.0    0.0  0.00 200 200
2019-01-30T01_37_39 1930 11.03  211.6 2334.3   8.21    0.0    0.0  0.00 200 200
2019-01-30T01_37_41 1931 11.03  211.6 2334.3   8.21    0.0    0.0  0.00 200 200
2019-01-30T01_37_44 1932 11.03  211.6 2334.3   8.21    0.0    0.0  0.00 200 200
2019-01-30T01_37_46 1933 11.03  211.6 2334.3   8.21    0.0    0.0  0.00 200 200
2019-01-30T01_37_48 1934 11.03  211.6 2334.3   8.21    0.0    0.0  0.00 200 200
2019-01-30T01_37_51 1935 11.03  212.4 2343.2   8.21    0.0    0.0  0.00 200 200
2019-01-30T01_37_53 1936 11.03  211.6 2334.3   8.21    0.0    0.0  0.00 200 200
2019-01-30T01_37_56 1937 11.03  211.6 2334.3   8.21    0.0    0.0  0.00 200 200
2019-01-30T01_37_58 1938 11.03  211.6 2334.3   8.21    0.0    0.0  0.00 200 200
2019-01-30T01_38_01 1939 11.03  211.6 2334.3   8.21    0.0    0.0  0.00 200 200
2019-01-30T01_38_03 1940 11.03  211.6 2334.3   8.21    0.0    0.0  0.00 200 200
2019-01-30T01_38_06 1941 11.03  211.6 2334.3   8.21    0.0    0.0  0.00 200 200
2019-01-30T01_38_08 1942 11.03  211.6 2334.3   8.21    0.0    0.0  0.00 200 200
2019-01-30T01_38_11 1943 11.03  211.6 2334.3   8.21    0.0    0.0  0.00 200 200
2019-01-30T01_38_13 1944 11.03  211.6 2334.3   8.21    0.0    0.0  0.00 200 200
2019-01-30T01_38_16 1945 11.03  211.6 2334.3   8.21    0.0    0.0  0.00 200 200
2019-01-30T01_38_18 1946 11.03  212.0 2338.7   8.21    0.0    0.0  0.00 200 200
2019-01-30T01_38_20 1947 11.03  211.6 2334.3   8.21    0.0    0.0  0.00 200 200
2019-01-30T01_38_23 1948 11.03  211.6 2334.3   8.21    0.0    0.0  0.00 200 200
2019-01-30T01_38_25 1949 11.03  211.2 2329.9   8.21    0.0    0.0  0.00 200 200
2019-01-30T01_38_28 1950 11.03  211.2 2329.9   8.21    0.0    0.0  0.00 200 200
2019-01-30T01_38_30 1951 11.03  211.6 2334.3   8.21    0.0    0.0  0.00 200 200
2019-01-30T01_38_33 1952 11.03  211.6 2334.3   8.21    0.0    0.0  0.00 200 200
2019-01-30T01_38_35 1953 11.03  211.2 2329.9   8.21    0.0    0.0  0.00 200 200
2019-01-30T01_38_38 1954 11.03  211.6 2334.3   8.21    0.0    0.0  0.00 200 200
2019-01-30T01_38_40 1955 11.03  211.2 2329.9   8.21    0.0    0.0  0.00 200 200
2019-01-30T01_38_43 1956 11.03  211.2 2329.9   8.21    0.0    0.0  0.00 200 200
2019-01-30T01_38_45 1957 11.03  212.0 2338.7   8.21    0.0    0.0  0.00 200 200
2019-01-30T01_38_47 1958 11.03  211.6 2334.3   8.21    0.0    0.0  0.00 200 200
2019-01-30T01_38_50 1959 11.03  211.6 2334.3   8.21    0.0    0.0  0.00 200 200
2019-01-30T01_38_52 1960 11.03  211.2 2329.9   8.21    0.0    0.0  0.00 200 200
2019-01-30T01_38_55 1961 11.03  211.2 2329.9   8.21    0.0    0.0  0.00 200 200
2019-01-30T01_38_57 1962 11.03  211.6 2334.3   8.21    0.0    0.0  0.00 200 200
2019-01-30T01_39_00 1963 11.03  211.6 2334.3   8.21    0.0    0.0  0.00 200 200
2019-01-30T01_39_02 1964 11.03  211.6 2334.3   8.21    0.0    0.0  0.00 200 200
2019-01-30T01_39_05 1965 11.03  211.6 2334.3   8.21    0.0    0.0  0.00 200 200
2019-01-30T01_39_07 1966 11.03  211.2 2329.9   8.21    0.0    0.0  0.00 200 200
2019-01-30T01_39_10 1967 11.03  211.6 2334.3   8.21    0.0    0.0  0.00 200 200
2019-01-30T01_39_12 1968 11.03  212.0 2338.7   8.21    0.0    0.0  0.00 200 200
2019-01-30T01_39_15 1969 11.03  211.6 2334.3   8.21    0.0    0.0  0.00 200 200
2019-01-30T01_39_17 1970 11.03  211.6 2334.3   8.21    0.0    0.0  0.00 200 200
2019-01-30T01_39_19 1971 11.03  212.8 2347.6   8.20    0.0    0.0  0.00 200 200
2019-01-30T01_39_22 1972 11.03  211.6 2334.3   8.21    0.0    0.0  0.00 200 200
2019-01-30T01_39_24 1973 11.03  211.6 2334.3   8.21    0.0    0.0  0.00 200 200
2019-01-30T01_39_27 1974 11.03  211.2 2329.9   8.21    0.0    0.0  0.00 200 200
2019-01-30T01_39_29 1975 11.03  211.6 2334.3   8.21    0.0    0.0  0.00 200 200
2019-01-30T01_39_32 1976 11.03  211.6 2334.3   8.21    0.0    0.0  0.00 200 200
2019-01-30T01_39_34 1977 11.03  211.6 2334.3   8.21    0.0    0.0  0.00 200 200
2019-01-30T01_39_37 1978 11.03  211.6 2334.3   8.21    0.0    0.0  0.00 200 200