2019-01-30T23_20_00 845 11.05  211.6 2337.7   8.22    0.0    0.0  0.00 200 200
2019-01-30T23_20_02 846 11.05  211.6 2337.7   8.22    0.0    0.0  0.00 200 200
2019-01-30T23_20_05 847 11.05  212.0 2342.1   8.22    0.0    0.0  0.00 200 200
2019-01-30T23_20_07 848 11.05  211.6 2337.7   8.22    0.0    0.0  0.00 200 200
2019-01-30T23_20_09 849 11.05  211.6 2337.7   8.22    0.0    0.0  0.00 200 200
2019-01-30T23_20_12 850 11.04  212.0 2340.4   8.22    0.0    0.0  0.00 200 200
2019-01-30T23_20_14 851 11.05  211.6 2337.7   8.22    0.0    0.0  0.00 200 200
2019-01-30T23_20_17 852 11.05  211.6 2337.7   8.22    0.0    0.0  0.00 200 200
2019-01-30T23_20_19 853 11.04  212.4 2344.9   8.22    0.0    0.0  0.00 200 200
2019-01-30T23_20_22 854 11.05  211.6 2337.7   8.22    0.0    0.0  0.00 200 200
2019-01-30T23_20_24 855 11.05  211.6 2337.7   8.22    0.0    0.0  0.00 200 200
2019-01-30T23_20_27 856 11.05  211.6 2337.7   8.22    0.0    0.0  0.00 200 200
2019-01-30T23_20_29 857 11.05  211.6 2337.7   8.22    0.0    0.0  0.00 200 200
2019-01-30T23_20_32 858 11.05  212.0 2342.1   8.22    0.0    0.0  0.00 200 200
2019-01-30T23_20_34 859 11.05  212.0 2342.1   8.22    0.0    0.0  0.00 200 200
2019-01-30T23_20_37 860 11.04  212.4 2344.9   8.22    0.0    0.0  0.00 200 200
2019-01-30T23_20_39 861 11.05  212.0 2342.1   8.22    0.0    0.0  0.00 200 200
2019-01-30T23_20_41 862 11.05  211.6 2337.7   8.22    0.0    0.0  0.00 200 200
2019-01-30T23_20_44 863 11.05  211.6 2337.7   8.22    0.0    0.0  0.00 200 200
2019-01-30T23_20_46 864 11.04  212.4 2344.9   8.22    0.0    0.0  0.00 200 200
2019-01-30T23_20_49 865 11.05  211.6 2337.7   8.22    0.0    0.0  0.00 200 200
2019-01-30T23_20_51 866 11.05  211.6 2337.7   8.22    0.0    0.0  0.00 200 200
2019-01-30T23_20_54 867 11.05  211.6 2337.7   8.22    0.0    0.0  0.00 200 200
2019-01-30T23_20_56 868 11.05  211.6 2337.7   8.22    0.0    0.0  0.00 200 200
2019-01-30T23_20_59 869 11.05  211.6 2337.7   8.22    0.0    0.0  0.00 200 200
2019-01-30T23_21_01 870 11.05  211.6 2337.7   8.22    0.0    0.0  0.00 200 200
2019-01-30T23_21_04 871 11.05  211.6 2337.7   8.22    0.0    0.0  0.00 200 200
2019-01-30T23_21_06 872 11.05  211.6 2337.7   8.22    0.0    0.0  0.00 200 200
2019-01-30T23_21_08 873 11.05  212.0 2342.1   8.22    0.0    0.0  0.00 200 200
2019-01-30T23_21_11 874 11.05  211.6 2337.7   8.22    0.0    0.0  0.00 200 200
2019-01-30T23_21_13 875 11.04  212.0 2340.4   8.22    0.0    0.0  0.00 200 200
2019-01-30T23_21_16 876 11.05  211.6 2337.7   8.22    0.0    0.0  0.00 200 200
2019-01-30T23_21_18 877 11.05  211.6 2337.7   8.22    0.0    0.0  0.00 200 200
2019-01-30T23_21_21 878 11.05  212.4 2346.6   8.22    0.0    0.0  0.00 200 200
2019-01-30T23_21_23 879 11.05  211.6 2337.7   8.22    0.0    0.0  0.00 200 200
2019-01-30T23_21_26 880 11.05  211.6 2337.7   8.22    0.0    0.0  0.00 200 200
2019-01-30T23_21_28 881 11.05  211.6 2337.7   8.22    0.0    0.0  0.00 200 200
2019-01-30T23_21_31 882 11.05  211.6 2337.7   8.22    0.0    0.0  0.00 200 200
2019-01-30T23_21_33 883 11.05  211.6 2337.7   8.22    0.0    0.0  0.00 200 200
2019-01-30T23_21_35 884 11.05  211.6 2337.7   8.22    0.0    0.0  0.00 200 200
2019-01-30T23_21_38 885 11.05  211.6 2337.7   8.22    0.0    0.0  0.00 200 200
2019-01-30T23_21_40 886 11.04  212.0 2340.4   8.22    0.0    0.0  0.00 200 200
2019-01-30T23_21_43 887 11.05  211.6 2337.7   8.22    0.0    0.0  0.00 200 200
2019-01-30T23_21_45 888 11.05  211.6 2337.7   8.22    0.0    0.0  0.00 200 200
2019-01-30T23_21_48 889 11.04  213.2 2353.7   8.22    0.0    0.0  0.00 200 200
2019-01-30T23_21_50 890 11.05  211.6 2337.7   8.22    0.0    0.0  0.00 200 200
2019-01-30T23_21_53 891 11.05  211.6 2337.7   8.22    0.0    0.0  0.00 200 200
2019-01-30T23_21_55 892 11.04  211.6 2336.0   8.22    0.0    0.0  0.00 200 200
2019-01-30T23_21_58 893 11.05  211.6 2337.7   8.22    0.0    0.0  0.00 200 200
2019-01-30T23_22_00 894 11.04  212.0 2340.4   8.22    0.0    0.0  0.00 200 200
2019-01-30T23_22_03 895 11.05  211.6 2337.7   8.22    0.0    0.0  0.00 200 200