2019-01-30T01_35_28 1877 11.03  212.4 2343.2   8.20    0.0    0.0  0.00 200 200
2019-01-30T01_35_31 1878 11.03  212.0 2338.7   8.21    0.0    0.0  0.00 200 200
2019-01-30T01_35_33 1879 11.03  211.6 2334.3   8.21    0.0    0.0  0.00 200 200
2019-01-30T01_35_36 1880 11.03  211.6 2334.3   8.21    0.0    0.0  0.00 200 200
2019-01-30T01_35_38 1881 11.03  211.6 2334.3   8.21    0.0    0.0  0.00 200 200
2019-01-30T01_35_41 1882 11.03  211.6 2334.3   8.21    0.0    0.0  0.00 200 200
2019-01-30T01_35_43 1883 11.03  211.6 2334.3   8.21    0.0    0.0  0.00 200 200
2019-01-30T01_35_46 1884 11.03  211.6 2334.3   8.21    0.0    0.0  0.00 200 200
2019-01-30T01_35_48 1885 11.03  211.6 2334.3   8.21    0.0    0.0  0.00 200 200
2019-01-30T01_35_50 1886 11.03  211.6 2334.3   8.21    0.0    0.0  0.00 200 200
2019-01-30T01_35_53 1887 11.03  211.6 2334.3   8.21    0.0    0.0  0.00 200 200
2019-01-30T01_35_55 1888 11.03  212.4 2343.2   8.21    0.0    0.0  0.00 200 200
2019-01-30T01_35_58 1889 11.03  211.6 2334.3   8.21    0.0    0.0  0.00 200 200
2019-01-30T01_36_00 1890 11.03  211.6 2334.3   8.21    0.0    0.0  0.00 200 200
2019-01-30T01_36_03 1891 11.03  211.6 2334.3   8.21    0.0    0.0  0.00 200 200
2019-01-30T01_36_05 1892 11.03  211.6 2334.3   8.21    0.0    0.0  0.00 200 200
2019-01-30T01_36_08 1893 11.03  211.6 2334.3   8.21    0.0    0.0  0.00 200 200
2019-01-30T01_36_10 1894 11.03  211.6 2334.3   8.21    0.0    0.0  0.00 200 200
2019-01-30T01_36_13 1895 11.03  211.6 2334.3   8.21    0.0    0.0  0.00 200 200
2019-01-30T01_36_15 1896 11.03  211.6 2334.3   8.21    0.0    0.0  0.00 200 200
2019-01-30T01_36_18 1897 11.03  211.6 2334.3   8.21    0.0    0.0  0.00 200 200
2019-01-30T01_36_20 1898 11.03  211.6 2334.3   8.21    0.0    0.0  0.00 200 200
2019-01-30T01_36_22 1899 11.03  212.4 2343.2   8.21    0.0    0.0  0.00 200 200
2019-01-30T01_36_25 1900 11.03  211.6 2334.3   8.21    0.0    0.0  0.00 200 200
2019-01-30T01_36_27 1901 11.03  211.6 2334.3   8.21    0.0    0.0  0.00 200 200
2019-01-30T01_36_30 1902 11.03  211.6 2334.3   8.21    0.0    0.0  0.00 200 200
2019-01-30T01_36_32 1903 11.03  212.0 2338.7   8.21    0.0    0.0  0.00 200 200
2019-01-30T01_36_35 1904 11.03  211.6 2334.3   8.21    0.0    0.0  0.00 200 200
2019-01-30T01_36_37 1905 11.03  211.6 2334.3   8.21    0.0    0.0  0.00 200 200
2019-01-30T01_36_40 1906 11.03  211.6 2334.3   8.21    0.0    0.0  0.00 200 200
2019-01-30T01_36_42 1907 11.03  211.6 2334.3   8.21    0.0    0.0  0.00 200 200
2019-01-30T01_36_45 1908 11.03  211.6 2334.3   8.21    0.0    0.0  0.00 200 200
2019-01-30T01_36_47 1909 11.03  211.6 2334.3   8.21    0.0    0.0  0.00 200 200
2019-01-30T01_36_49 1910 11.03  212.0 2338.7   8.21    0.0    0.0  0.00 200 200
2019-01-30T01_36_52 1911 11.03  211.6 2334.3   8.21    0.0    0.0  0.00 200 200
2019-01-30T01_36_54 1912 11.03  211.6 2334.3   8.21    0.0    0.0  0.00 200 200
2019-01-30T01_36_57 1913 11.03  212.4 2343.2   8.21    0.0    0.0  0.00 200 200
2019-01-30T01_36_59 1914 11.03  212.4 2343.2   8.21    0.0    0.0  0.00 200 200
2019-01-30T01_37_02 1915 11.03  211.6 2334.3   8.21    0.0    0.0  0.00 200 200
2019-01-30T01_37_04 1916 11.03  211.6 2334.3   8.21    0.0    0.0  0.00 200 200
2019-01-30T01_37_07 1917 11.03  211.6 2334.3   8.21    0.0    0.0  0.00 200 200
2019-01-30T01_37_09 1918 11.03  211.6 2334.3   8.21    0.0    0.0  0.00 200 200
2019-01-30T01_37_12 1919 11.03  211.6 2334.3   8.21    0.0    0.0  0.00 200 200
2019-01-30T01_37_14 1920 11.03  211.6 2334.3   8.21    0.0    0.0  0.00 200 200
2019-01-30T01_37_17 1921 11.03  211.6 2334.3   8.21    0.0    0.0  0.00 200 200
2019-01-30T01_37_19 1922 11.03  211.6 2334.3   8.21    0.0    0.0  0.00 200 200
2019-01-30T01_37_21 1923 11.03  211.6 2334.3   8.21    0.0    0.0  0.00 200 200
2019-01-30T01_37_24 1924 11.03  212.4 2343.2   8.21    0.0    0.0  0.00 200 200
2019-01-30T01_37_26 1925 11.03  211.6 2334.3   8.21    0.0    0.0  0.00 200 200
2019-01-30T01_37_29 1926 11.03  211.6 2334.3   8.21    0.0    0.0  0.00 200 200
2019-01-30T01_37_31 1927 11.03  211.6 2334.3   8.21    0.0    0.0  0.00 200 200