2019-01-30T22_54_56 233 11.05  212.8 2351.0   8.22    0.0    0.0  0.00 200 200
2019-01-30T22_54_58 234 11.05  212.4 2346.6   8.22    0.0    0.0  0.00 200 200
2019-01-30T22_55_00 235 11.05  212.4 2346.6   8.22    0.0    0.0  0.00 200 200
2019-01-30T22_55_03 236 11.05  212.4 2346.6   8.22    0.0    0.0  0.00 200 200
2019-01-30T22_55_05 237 11.05  212.4 2346.6   8.22    0.0    0.0  0.00 200 200
2019-01-30T22_55_08 238 11.04  219.2 2419.9   8.22    0.0    0.0  0.00 200 200
2019-01-30T22_55_10 239 11.05  212.4 2346.6   8.22    0.0    0.0  0.00 200 200
2019-01-30T22_55_13 240 11.05  212.4 2346.6   8.22    0.0    0.0  0.00 200 200
2019-01-30T22_55_15 241 11.05  213.2 2355.4   8.22    0.0    0.0  0.00 200 200
2019-01-30T22_55_18 242 11.05  212.4 2346.6   8.22    0.0    0.0  0.00 200 200
2019-01-30T22_55_20 243 11.05  213.2 2355.4   8.22    0.0    0.0  0.00 200 200
2019-01-30T22_55_23 244 11.05  212.4 2346.6   8.22    0.0    0.0  0.00 200 200
2019-01-30T22_55_25 245 11.05  212.4 2346.6   8.22    0.0    0.0  0.00 200 200
2019-01-30T22_55_27 246 11.05  212.4 2346.6   8.22    0.0    0.0  0.00 200 200
2019-01-30T22_55_30 247 11.05  213.2 2355.4   8.22    0.0    0.0  0.00 200 200
2019-01-30T22_55_32 248 11.05  212.4 2346.6   8.22    0.0    0.0  0.00 200 200
2019-01-30T22_55_35 249 11.05  212.4 2346.6   8.22    0.0    0.0  0.00 200 200
2019-01-30T22_55_37 250 11.05  212.4 2346.6   8.22    0.0    0.0  0.00 200 200
2019-01-30T22_55_40 251 11.05  212.4 2346.6   8.22    0.0    0.0  0.00 200 200
2019-01-30T22_55_42 252 11.05  213.2 2355.4   8.22    0.0    0.0  0.00 200 200
2019-01-30T22_55_45 253 11.05  212.4 2346.6   8.22    0.0    0.0  0.00 200 200
2019-01-30T22_55_47 254 11.05  212.4 2346.6   8.22    0.0    0.0  0.00 200 200
2019-01-30T22_55_50 255 11.05  212.4 2346.6   8.22    0.0    0.0  0.00 200 200
2019-01-30T22_55_52 256 11.05  212.4 2346.6   8.22    0.0    0.0  0.00 200 200
2019-01-30T22_55_55 257 11.05  212.4 2346.6   8.22    0.0    0.0  0.00 200 200
2019-01-30T22_55_57 258 11.05  212.4 2346.6   8.22    0.0    0.0  0.00 200 200
2019-01-30T22_55_59 259 11.05  212.4 2346.6   8.22    0.0    0.0  0.00 200 200
2019-01-30T22_56_02 260 11.05  212.8 2351.0   8.22    0.0    0.0  0.00 200 200
2019-01-30T22_56_04 261 11.05  212.4 2346.6   8.22    0.0    0.0  0.00 200 200
2019-01-30T22_56_07 262 11.05  211.2 2333.3   8.22    0.0    0.0  0.00 200 200
2019-01-30T22_56_09 263 11.05  212.0 2342.1   8.22    0.0    0.0  0.00 200 200
2019-01-30T22_56_12 264 11.05  211.2 2333.3   8.22    0.0    0.0  0.00 200 200
2019-01-30T22_56_14 265 11.05  211.2 2333.3   8.22    0.0    0.0  0.00 200 200
2019-01-30T22_56_17 266 11.05  211.2 2333.3   8.22    0.0    0.0  0.00 200 200
2019-01-30T22_56_19 267 11.05  211.2 2333.3   8.22    0.0    0.0  0.00 200 200
2019-01-30T22_56_22 268 11.05  211.2 2333.3   8.22    0.0    0.0  0.00 200 200
2019-01-30T22_56_24 269 11.05  211.2 2333.3   8.22    0.0    0.0  0.00 200 200
2019-01-30T22_56_26 270 11.05  211.2 2333.3   8.22    0.0    0.0  0.00 200 200
2019-01-30T22_56_29 271 11.05  211.2 2333.3   8.22    0.0    0.0  0.00 200 200
2019-01-30T22_56_31 272 11.05  211.2 2333.3   8.22    0.0    0.0  0.00 200 200
2019-01-30T22_56_34 273 11.05  211.2 2333.3   8.22    0.0    0.0  0.00 200 200
2019-01-30T22_56_36 274 11.05  212.0 2342.1   8.22    0.0    0.0  0.00 200 200
2019-01-30T22_56_39 275 11.05  211.2 2333.3   8.22    0.0    0.0  0.00 200 200
2019-01-30T22_56_41 276 11.05  211.2 2333.3   8.22    0.0    0.0  0.00 200 200
2019-01-30T22_56_44 277 11.05  211.2 2333.3   8.22    0.0    0.0  0.00 200 200
2019-01-30T22_56_46 278 11.05  211.2 2333.3   8.22    0.0    0.0  0.00 200 200
2019-01-30T22_56_49 279 11.05  211.2 2333.3   8.22    0.0    0.0  0.00 200 200
2019-01-30T22_56_51 280 11.05  211.2 2333.3   8.22    0.0    0.0  0.00 200 200
2019-01-30T22_56_53 281 11.05  211.2 2333.3   8.22    0.0    0.0  0.00 200 200
2019-01-30T22_56_56 282 11.05  211.2 2333.3   8.22    0.0    0.0  0.00 200 200
2019-01-30T22_56_58 283 11.05  211.2 2333.3   8.22    0.0    0.0  0.00 200 200