2019-01-30T23_13_44 692 11.05  212.4 2346.6   8.22    0.0    0.0  0.00 200 200
2019-01-30T23_13_46 693 11.04  213.2 2353.7   8.22    0.0    0.0  0.00 200 200
2019-01-30T23_13_49 694 11.05  212.4 2346.6   8.22    0.0    0.0  0.00 200 200
2019-01-30T23_13_51 695 11.05  212.4 2346.6   8.22    0.0    0.0  0.00 200 200
2019-01-30T23_13_53 696 11.04  212.8 2349.3   8.22    0.0    0.0  0.00 200 200
2019-01-30T23_13_56 697 11.05  212.4 2346.6   8.22    0.0    0.0  0.00 200 200
2019-01-30T23_13_58 698 11.05  212.4 2346.6   8.22    0.0    0.0  0.00 200 200
2019-01-30T23_14_01 699 11.05  212.4 2346.6   8.22    0.0    0.0  0.00 200 200
2019-01-30T23_14_03 700 11.05  212.4 2346.6   8.22    0.0    0.0  0.00 200 200
2019-01-30T23_14_06 701 11.05  212.4 2346.6   8.22    0.0    0.0  0.00 200 200
2019-01-30T23_14_08 702 11.04  213.2 2353.7   8.22    0.0    0.0  0.00 200 200
2019-01-30T23_14_11 703 11.05  212.4 2346.6   8.22    0.0    0.0  0.00 200 200
2019-01-30T23_14_13 704 11.04  212.8 2349.3   8.22    0.0    0.0  0.00 200 200
2019-01-30T23_14_16 705 11.05  212.4 2346.6   8.22    0.0    0.0  0.00 200 200
2019-01-30T23_14_18 706 11.05  212.4 2346.6   8.22    0.0    0.0  0.00 200 200
2019-01-30T23_14_20 707 11.04  213.2 2353.7   8.22    0.0    0.0  0.00 200 200
2019-01-30T23_14_23 708 11.05  212.4 2346.6   8.22    0.0    0.0  0.00 200 200
2019-01-30T23_14_25 709 11.05  212.4 2346.6   8.22    0.0    0.0  0.00 200 200
2019-01-30T23_14_28 710 11.05  212.4 2346.6   8.22    0.0    0.0  0.00 200 200
2019-01-30T23_14_30 711 11.05  212.4 2346.6   8.22    0.0    0.0  0.00 200 200
2019-01-30T23_14_33 712 11.05  212.4 2346.6   8.22    0.0    0.0  0.00 200 200
2019-01-30T23_14_35 713 11.05  212.4 2346.6   8.22    0.0    0.0  0.00 200 200
2019-01-30T23_14_38 714 11.05  212.4 2346.6   8.22    0.0    0.0  0.00 200 200
2019-01-30T23_14_40 715 11.04  212.4 2344.9   8.22    0.0    0.0  0.00 200 200
2019-01-30T23_14_43 716 11.05  212.4 2346.6   8.22    0.0    0.0  0.00 200 200
2019-01-30T23_14_45 717 11.05  212.4 2346.6   8.22    0.0    0.0  0.00 200 200
2019-01-30T23_14_48 718 11.04  213.2 2353.7   8.22    0.0    0.0  0.00 200 200
2019-01-30T23_14_50 719 11.04  212.4 2344.9   8.22    0.0    0.0  0.00 200 200
2019-01-30T23_14_52 720 11.05  212.4 2346.6   8.22    0.0    0.0  0.00 200 200
2019-01-30T23_14_55 721 11.05  212.4 2346.6   8.22    0.0    0.0  0.00 200 200
2019-01-30T23_14_57 722 11.05  212.4 2346.6   8.22    0.0    0.0  0.00 200 200
2019-01-30T23_15_00 723 11.04  212.8 2349.3   8.22    0.0    0.0  0.00 200 200
2019-01-30T23_15_02 724 11.04  212.4 2344.9   8.22    0.0    0.0  0.00 200 200
2019-01-30T23_15_05 725 11.04  212.4 2344.9   8.22    0.0    0.0  0.00 200 200
2019-01-30T23_15_07 726 11.04  212.8 2349.3   8.22    0.0    0.0  0.00 200 200
2019-01-30T23_15_10 727 11.05  212.4 2346.6   8.22    0.0    0.0  0.00 200 200
2019-01-30T23_15_12 728 11.04  212.4 2344.9   8.22    0.0    0.0  0.00 200 200
2019-01-30T23_15_15 729 11.04  213.2 2353.7   8.22    0.0    0.0  0.00 200 200
2019-01-30T23_15_17 730 11.04  212.4 2344.9   8.22    0.0    0.0  0.00 200 200
2019-01-30T23_15_19 731 11.05  212.4 2346.6   8.22    0.0    0.0  0.00 200 200
2019-01-30T23_15_22 732 11.04  212.4 2344.9   8.22    0.0    0.0  0.00 200 200
2019-01-30T23_15_24 733 11.05  212.4 2346.6   8.22    0.0    0.0  0.00 200 200
2019-01-30T23_15_27 734 11.05  212.4 2346.6   8.22    0.0    0.0  0.00 200 200
2019-01-30T23_15_29 735 11.05  212.4 2346.6   8.22    0.0    0.0  0.00 200 200
2019-01-30T23_15_32 736 11.05  212.4 2346.6   8.22    0.0    0.0  0.00 200 200
2019-01-30T23_15_34 737 11.04  212.4 2344.9   8.22    0.0    0.0  0.00 200 200
2019-01-30T23_15_37 738 11.05  212.0 2342.1   8.22    0.0    0.0  0.00 200 200
2019-01-30T23_15_39 739 11.05  212.0 2342.1   8.22    0.0    0.0  0.00 200 200
2019-01-30T23_15_42 740 11.04  212.8 2349.3   8.22    0.0    0.0  0.00 200 200
2019-01-30T23_15_44 741 11.05  212.0 2342.1   8.22    0.0    0.0  0.00 200 200
2019-01-30T23_15_46 742 11.05  212.0 2342.1   8.22    0.0    0.0  0.00 200 200