2019-01-30T23_24_10 947 11.04  211.6 2336.0   8.22    0.0    0.0  0.00 200 200
2019-01-30T23_24_13 948 11.04  211.6 2336.0   8.22    0.0    0.0  0.00 200 200
2019-01-30T23_24_15 949 11.04  211.6 2336.0   8.22    0.0    0.0  0.00 200 200
2019-01-30T23_24_18 950 11.04  211.6 2336.0   8.22    0.0    0.0  0.00 200 200
2019-01-30T23_24_20 951 11.05  211.6 2337.7   8.22    0.0    0.0  0.00 200 200
2019-01-30T23_24_23 952 11.04  211.6 2336.0   8.22    0.0    0.0  0.00 200 200
2019-01-30T23_24_25 953 11.04  211.6 2336.0   8.22    0.0    0.0  0.00 200 200
2019-01-30T23_24_28 954 11.04  211.6 2336.0   8.22    0.0    0.0  0.00 200 200
2019-01-30T23_24_30 955 11.04  212.0 2340.4   8.22    0.0    0.0  0.00 200 200
2019-01-30T23_24_32 956 11.04  211.6 2336.0   8.22    0.0    0.0  0.00 200 200
2019-01-30T23_24_35 957 11.04  212.0 2340.4   8.22    0.0    0.0  0.00 200 200
2019-01-30T23_24_37 958 11.04  211.6 2336.0   8.22    0.0    0.0  0.00 200 200
2019-01-30T23_24_40 959 11.04  212.0 2340.4   8.22    0.0    0.0  0.00 200 200
2019-01-30T23_24_42 960 11.04  211.6 2336.0   8.22    0.0    0.0  0.00 200 200
2019-01-30T23_24_45 961 11.04  211.6 2336.0   8.22    0.0    0.0  0.00 200 200
2019-01-30T23_24_47 962 11.04  212.0 2340.4   8.22    0.0    0.0  0.00 200 200
2019-01-30T23_24_50 963 11.04  212.0 2340.4   8.22    0.0    0.0  0.00 200 200
2019-01-30T23_24_52 964 11.04  212.0 2340.4   8.22    0.0    0.0  0.00 200 200
2019-01-30T23_24_55 965 11.04  212.0 2340.4   8.22    0.0    0.0  0.00 200 200
2019-01-30T23_24_57 966 11.04  212.4 2344.9   8.22    0.0    0.0  0.00 200 200
2019-01-30T23_24_59 967 11.04  212.0 2340.4   8.22    0.0    0.0  0.00 200 200
2019-01-30T23_25_02 968 11.04  212.0 2340.4   8.22    0.0    0.0  0.00 200 200
2019-01-30T23_25_04 969 11.04  212.8 2349.3   8.22    0.0    0.0  0.00 200 200
2019-01-30T23_25_07 970 11.04  212.4 2344.9   8.22    0.0    0.0  0.00 200 200
2019-01-30T23_25_09 971 11.04  212.0 2340.4   8.22    0.0    0.0  0.00 200 200
2019-01-30T23_25_12 972 11.04  212.8 2349.3   8.22    0.0    0.0  0.00 200 200
2019-01-30T23_25_14 973 11.04  212.0 2340.4   8.22    0.0    0.0  0.00 200 200
2019-01-30T23_25_17 974 11.04  212.0 2340.4   8.22    0.0    0.0  0.00 200 200
2019-01-30T23_25_19 975 11.04  212.0 2340.4   8.22    0.0    0.0  0.00 200 200
2019-01-30T23_25_22 976 11.04  212.0 2340.4   8.22    0.0    0.0  0.00 200 200
2019-01-30T23_25_24 977 11.04  212.4 2344.9   8.22    0.0    0.0  0.00 200 200
2019-01-30T23_25_27 978 11.04  212.0 2340.4   8.22    0.0    0.0  0.00 200 200
2019-01-30T23_25_29 979 11.04  212.0 2340.4   8.22    0.0    0.0  0.00 200 200
2019-01-30T23_25_31 980 11.04  213.6 2358.1   8.22    0.0    0.0  0.00 200 200
2019-01-30T23_25_34 981 11.04  212.0 2340.4   8.22    0.0    0.0  0.00 200 200
2019-01-30T23_25_36 982 11.04  212.0 2340.4   8.22    0.0    0.0  0.00 200 200
2019-01-30T23_25_39 983 11.04  212.0 2340.4   8.22    0.0    0.0  0.00 200 200
2019-01-30T23_25_41 984 11.04  212.0 2340.4   8.22    0.0    0.0  0.00 200 200
2019-01-30T23_25_44 985 11.04  212.0 2340.4   8.22    0.0    0.0  0.00 200 200
2019-01-30T23_25_46 986 11.04  212.0 2340.4   8.22    0.0    0.0  0.00 200 200
2019-01-30T23_25_49 987 11.04  212.0 2340.4   8.22    0.0    0.0  0.00 200 200
2019-01-30T23_25_51 988 11.04  212.4 2344.9   8.22    0.0    0.0  0.00 200 200
2019-01-30T23_25_54 989 11.04  212.0 2340.4   8.22    0.0    0.0  0.00 200 200
2019-01-30T23_25_56 990 11.04  212.0 2340.4   8.22    0.0    0.0  0.00 200 200
2019-01-30T23_25_58 991 11.04  212.8 2349.3   8.22    0.0    0.0  0.00 200 200
2019-01-30T23_26_01 992 11.04  212.0 2340.4   8.22    0.0    0.0  0.00 200 200
2019-01-30T23_26_03 993 11.04  212.0 2340.4   8.22    0.0    0.0  0.00 200 200
2019-01-30T23_26_06 994 11.04  212.0 2340.4   8.22    0.0    0.0  0.00 200 200
2019-01-30T23_26_08 995 11.04  212.4 2344.9   8.22    0.0    0.0  0.00 200 200
2019-01-30T23_26_11 996 11.04  212.0 2340.4   8.22    0.0    0.0  0.00 200 200
2019-01-30T23_26_13 997 11.04  212.0 2340.4   8.22    0.0    0.0  0.00 200 200