2019-01-30T01_18_45 1469 11.03  213.2 2352.0   8.21    0.0    0.0  0.00 200 200
2019-01-30T01_18_48 1470 11.03  213.2 2352.0   8.21    0.0    0.0  0.00 200 200
2019-01-30T01_18_50 1471 11.03  214.8 2369.6   8.20    0.0    0.0  0.00 200 200
2019-01-30T01_18_53 1472 11.03  213.2 2352.0   8.21    0.0    0.0  0.00 200 200
2019-01-30T01_18_55 1473 11.03  213.2 2352.0   8.21    0.0    0.0  0.00 200 200
2019-01-30T01_18_57 1474 11.03  213.2 2352.0   8.21    0.0    0.0  0.00 200 200
2019-01-30T01_19_00 1475 11.03  212.8 2347.6   8.21    0.0    0.0  0.00 200 200
2019-01-30T01_19_02 1476 11.03  213.2 2352.0   8.21    0.0    0.0  0.00 200 200
2019-01-30T01_19_05 1477 11.03  213.2 2352.0   8.21    0.0    0.0  0.00 200 200
2019-01-30T01_19_07 1478 11.03  213.2 2352.0   8.21    0.0    0.0  0.00 200 200
2019-01-30T01_19_10 1479 11.03  213.6 2356.4   8.20    0.0    0.0  0.00 200 200
2019-01-30T01_19_12 1480 11.03  213.2 2352.0   8.21    0.0    0.0  0.00 200 200
2019-01-30T01_19_15 1481 11.03  213.2 2352.0   8.21    0.0    0.0  0.00 200 200
2019-01-30T01_19_17 1482 11.03  214.0 2360.8   8.20    0.0    0.0  0.00 200 200
2019-01-30T01_19_20 1483 11.03  213.2 2352.0   8.21    0.0    0.0  0.00 200 200
2019-01-30T01_19_22 1484 11.03  213.2 2352.0   8.21    0.0    0.0  0.00 200 200
2019-01-30T01_19_24 1485 11.03  213.2 2352.0   8.21    0.0    0.0  0.00 200 200
2019-01-30T01_19_27 1486 11.03  213.2 2352.0   8.21    0.0    0.0  0.00 200 200
2019-01-30T01_19_29 1487 11.03  213.2 2352.0   8.21    0.0    0.0  0.00 200 200
2019-01-30T01_19_32 1488 11.03  213.2 2352.0   8.21    0.0    0.0  0.00 200 200
2019-01-30T01_19_34 1489 11.03  213.2 2352.0   8.21    0.0    0.0  0.00 200 200
2019-01-30T01_19_37 1490 11.03  213.2 2352.0   8.21    0.0    0.0  0.00 200 200
2019-01-30T01_19_39 1491 11.03  213.2 2352.0   8.21    0.0    0.0  0.00 200 200
2019-01-30T01_19_42 1492 11.03  213.2 2352.0   8.21    0.0    0.0  0.00 200 200
2019-01-30T01_19_44 1493 11.03  214.0 2360.8   8.20    0.0    0.0  0.00 200 200
2019-01-30T01_19_47 1494 11.03  213.2 2352.0   8.21    0.0    0.0  0.00 200 200
2019-01-30T01_19_49 1495 11.03  213.2 2352.0   8.21    0.0    0.0  0.00 200 200
2019-01-30T01_19_52 1496 11.03  213.2 2352.0   8.21    0.0    0.0  0.00 200 200
2019-01-30T01_19_54 1497 11.03  213.2 2352.0   8.21    0.0    0.0  0.00 200 200
2019-01-30T01_19_56 1498 11.03  213.2 2352.0   8.21    0.0    0.0  0.00 200 200
2019-01-30T01_19_59 1499 11.03  213.2 2352.0   8.21    0.0    0.0  0.00 200 200
2019-01-30T01_20_01 1500 11.02  225.6 2485.2   8.19    0.0    0.0  0.00 200 200
2019-01-30T01_20_04 1501 11.03  213.2 2352.0   8.21    0.0    0.0  0.00 200 200
2019-01-30T01_20_06 1502 11.03  213.2 2352.0   8.21    0.0    0.0  0.00 200 200
2019-01-30T01_20_09 1503 11.03  213.2 2352.0   8.21    0.0    0.0  0.00 200 200
2019-01-30T01_20_11 1504 11.03  213.6 2356.4   8.21    0.0    0.0  0.00 200 200
2019-01-30T01_20_14 1505 11.03  213.2 2352.0   8.21    0.0    0.0  0.00 200 200
2019-01-30T01_20_16 1506 11.03  213.2 2352.0   8.21    0.0    0.0  0.00 200 200
2019-01-30T01_20_19 1507 11.03  213.2 2352.0   8.21    0.0    0.0  0.00 200 200
2019-01-30T01_20_21 1508 11.03  213.2 2352.0   8.21    0.0    0.0  0.00 200 200
2019-01-30T01_20_24 1509 11.03  214.0 2360.8   8.20    0.0    0.0  0.00 200 200
2019-01-30T01_20_26 1510 11.03  213.2 2352.0   8.21    0.0    0.0  0.00 200 200
2019-01-30T01_20_28 1511 11.03  213.2 2352.0   8.21    0.0    0.0  0.00 200 200
2019-01-30T01_20_31 1512 11.03  213.2 2352.0   8.21    0.0    0.0  0.00 200 200
2019-01-30T01_20_33 1513 11.03  213.2 2352.0   8.21    0.0    0.0  0.00 200 200
2019-01-30T01_20_36 1514 11.03  213.2 2352.0   8.21    0.0    0.0  0.00 200 200
2019-01-30T01_20_38 1515 11.03  213.6 2356.4   8.21    0.0    0.0  0.00 200 200
2019-01-30T01_20_41 1516 11.03  213.2 2352.0   8.21    0.0    0.0  0.00 200 200
2019-01-30T01_20_43 1517 11.03  213.2 2352.0   8.21    0.0    0.0  0.00 200 200
2019-01-30T01_20_46 1518 11.03  213.2 2352.0   8.21    0.0    0.0  0.00 200 200
2019-01-30T01_20_48 1519 11.03  213.2 2352.0   8.21    0.0    0.0  0.00 200 200