2019-01-30T01_25_01 1622 11.03  212.0 2338.7   8.21    0.0    0.0  0.00 200 200
2019-01-30T01_25_04 1623 11.03  212.0 2338.7   8.21    0.0    0.0  0.00 200 200
2019-01-30T01_25_06 1624 11.03  212.0 2338.7   8.21    0.0    0.0  0.00 200 200
2019-01-30T01_25_09 1625 11.03  212.0 2338.7   8.21    0.0    0.0  0.00 200 200
2019-01-30T01_25_11 1626 11.03  212.0 2338.7   8.21    0.0    0.0  0.00 200 200
2019-01-30T01_25_14 1627 11.03  212.0 2338.7   8.21    0.0    0.0  0.00 200 200
2019-01-30T01_25_16 1628 11.03  212.0 2338.7   8.21    0.0    0.0  0.00 200 200
2019-01-30T01_25_19 1629 11.03  211.6 2334.3   8.21    0.0    0.0  0.00 200 200
2019-01-30T01_25_21 1630 11.03  212.0 2338.7   8.21    0.0    0.0  0.00 200 200
2019-01-30T01_25_23 1631 11.03  212.0 2338.7   8.21    0.0    0.0  0.00 200 200
2019-01-30T01_25_26 1632 11.03  212.0 2338.7   8.21    0.0    0.0  0.00 200 200
2019-01-30T01_25_28 1633 11.03  212.0 2338.7   8.21    0.0    0.0  0.00 200 200
2019-01-30T01_25_31 1634 11.03  212.8 2347.6   8.21    0.0    0.0  0.00 200 200
2019-01-30T01_25_33 1635 11.03  212.0 2338.7   8.21    0.0    0.0  0.00 200 200
2019-01-30T01_25_36 1636 11.03  212.8 2347.6   8.20    0.0    0.0  0.00 200 200
2019-01-30T01_25_38 1637 11.03  212.0 2338.7   8.21    0.0    0.0  0.00 200 200
2019-01-30T01_25_41 1638 11.03  212.0 2338.7   8.21    0.0    0.0  0.00 200 200
2019-01-30T01_25_43 1639 11.03  212.4 2343.2   8.21    0.0    0.0  0.00 200 200
2019-01-30T01_25_46 1640 11.03  212.0 2338.7   8.21    0.0    0.0  0.00 200 200
2019-01-30T01_25_48 1641 11.03  212.0 2338.7   8.21    0.0    0.0  0.00 200 200
2019-01-30T01_25_51 1642 11.03  212.4 2343.2   8.21    0.0    0.0  0.00 200 200
2019-01-30T01_25_53 1643 11.03  212.0 2338.7   8.21    0.0    0.0  0.00 200 200
2019-01-30T01_25_55 1644 11.03  212.4 2343.2   8.21    0.0    0.0  0.00 200 200
2019-01-30T01_25_58 1645 11.03  213.2 2352.0   8.20    0.0    0.0  0.00 200 200
2019-01-30T01_26_00 1646 11.02  220.8 2434.1   8.20    0.0    0.0  0.00 200 200
2019-01-30T01_26_03 1647 11.03  212.4 2343.2   8.21    0.0    0.0  0.00 200 200
2019-01-30T01_26_05 1648 11.03  212.4 2343.2   8.21    0.0    0.0  0.00 200 200
2019-01-30T01_26_08 1649 11.03  212.4 2343.2   8.21    0.0    0.0  0.00 200 200
2019-01-30T01_26_10 1650 11.03  212.4 2343.2   8.21    0.0    0.0  0.00 200 200
2019-01-30T01_26_13 1651 11.03  212.0 2338.7   8.21    0.0    0.0  0.00 200 200
2019-01-30T01_26_15 1652 11.03  212.0 2338.7   8.21    0.0    0.0  0.00 200 200
2019-01-30T01_26_18 1653 11.03  212.4 2343.2   8.21    0.0    0.0  0.00 200 200
2019-01-30T01_26_20 1654 11.03  212.0 2338.7   8.21    0.0    0.0  0.00 200 200
2019-01-30T01_26_22 1655 11.03  212.0 2338.7   8.21    0.0    0.0  0.00 200 200
2019-01-30T01_26_25 1656 11.03  212.8 2347.6   8.20    0.0    0.0  0.00 200 200
2019-01-30T01_26_27 1657 11.03  212.0 2338.7   8.21    0.0    0.0  0.00 200 200
2019-01-30T01_26_30 1658 11.03  212.4 2343.2   8.20    0.0    0.0  0.00 200 200
2019-01-30T01_26_32 1659 11.03  212.4 2343.2   8.20    0.0    0.0  0.00 200 200
2019-01-30T01_26_35 1660 11.03  212.4 2343.2   8.21    0.0    0.0  0.00 200 200
2019-01-30T01_26_37 1661 11.03  212.4 2343.2   8.21    0.0    0.0  0.00 200 200
2019-01-30T01_26_40 1662 11.03  212.0 2338.7   8.21    0.0    0.0  0.00 200 200
2019-01-30T01_26_42 1663 11.03  212.0 2338.7   8.21    0.0    0.0  0.00 200 200
2019-01-30T01_26_45 1664 11.03  212.4 2343.2   8.21    0.0    0.0  0.00 200 200
2019-01-30T01_26_47 1665 11.03  212.4 2343.2   8.20    0.0    0.0  0.00 200 200
2019-01-30T01_26_50 1666 11.03  212.4 2343.2   8.21    0.0    0.0  0.00 200 200
2019-01-30T01_26_52 1667 11.03  213.2 2352.0   8.20    0.0    0.0  0.00 200 200
2019-01-30T01_26_54 1668 11.03  212.4 2343.2   8.21    0.0    0.0  0.00 200 200
2019-01-30T01_26_57 1669 11.03  212.4 2343.2   8.21    0.0    0.0  0.00 200 200
2019-01-30T01_26_59 1670 11.03  212.4 2343.2   8.21    0.0    0.0  0.00 200 200
2019-01-30T01_27_02 1671 11.03  212.4 2343.2   8.21    0.0    0.0  0.00 200 200
2019-01-30T01_27_04 1672 11.03  212.4 2343.2   8.21    0.0    0.0  0.00 200 200