2019-01-30T02_04_44 2591 11.03  212.4 2343.2   8.21    0.0    0.0  0.00 200 200
2019-01-30T02_04_46 2592 11.03  212.8 2347.6   8.21    0.0    0.0  0.00 200 200
2019-01-30T02_04_49 2593 11.03  212.8 2347.6   8.21    0.0    0.0  0.00 200 200
2019-01-30T02_04_51 2594 11.03  212.8 2347.6   8.21    0.0    0.0  0.00 200 200
2019-01-30T02_04_54 2595 11.03  212.8 2347.6   8.21    0.0    0.0  0.00 200 200
2019-01-30T02_04_56 2596 11.03  212.4 2343.2   8.21    0.0    0.0  0.00 200 200
2019-01-30T02_04_59 2597 11.03  212.4 2343.2   8.21    0.0    0.0  0.00 200 200
2019-01-30T02_05_01 2598 11.03  213.2 2352.0   8.20    0.0    0.0  0.00 200 200
2019-01-30T02_05_04 2599 11.03  212.8 2347.6   8.21    0.0    0.0  0.00 200 200
2019-01-30T02_05_06 2600 11.03  212.4 2343.2   8.21    0.0    0.0  0.00 200 200
2019-01-30T02_05_08 2601 11.03  212.4 2343.2   8.21    0.0    0.0  0.00 200 200
2019-01-30T02_05_11 2602 11.03  212.4 2343.2   8.21    0.0    0.0  0.00 200 200
2019-01-30T02_05_13 2603 11.03  212.4 2343.2   8.21    0.0    0.0  0.00 200 200
2019-01-30T02_05_16 2604 11.03  212.4 2343.2   8.21    0.0    0.0  0.00 200 200
2019-01-30T02_05_18 2605 11.03  212.4 2343.2   8.21    0.0    0.0  0.00 200 200
2019-01-30T02_05_21 2606 11.03  212.8 2347.6   8.21    0.0    0.0  0.00 200 200
2019-01-30T02_05_23 2607 11.03  212.4 2343.2   8.21    0.0    0.0  0.00 200 200
2019-01-30T02_05_26 2608 11.03  212.4 2343.2   8.21    0.0    0.0  0.00 200 200
2019-01-30T02_05_28 2609 11.03  213.2 2352.0   8.21    0.0    0.0  0.00 200 200
2019-01-30T02_05_31 2610 11.03  212.4 2343.2   8.21    0.0    0.0  0.00 200 200
2019-01-30T02_05_33 2611 11.03  212.4 2343.2   8.21    0.0    0.0  0.00 200 200
2019-01-30T02_05_36 2612 11.03  212.4 2343.2   8.21    0.0    0.0  0.00 200 200
2019-01-30T02_05_38 2613 11.03  212.4 2343.2   8.21    0.0    0.0  0.00 200 200
2019-01-30T02_05_40 2614 11.03  212.4 2343.2   8.21    0.0    0.0  0.00 200 200
2019-01-30T02_05_43 2615 11.03  212.4 2343.2   8.21    0.0    0.0  0.00 200 200
2019-01-30T02_05_45 2616 11.03  212.4 2343.2   8.21    0.0    0.0  0.00 200 200
2019-01-30T02_05_48 2617 11.03  212.4 2343.2   8.21    0.0    0.0  0.00 200 200
2019-01-30T02_05_50 2618 11.03  212.4 2343.2   8.21    0.0    0.0  0.00 200 200
2019-01-30T02_05_53 2619 11.03  212.4 2343.2   8.21    0.0    0.0  0.00 200 200
2019-01-30T02_05_55 2620 11.03  213.2 2352.0   8.21    0.0    0.0  0.00 200 200
2019-01-30T02_05_58 2621 11.03  212.4 2343.2   8.21    0.0    0.0  0.00 200 200
2019-01-30T02_06_00 2622 11.03  212.4 2343.2   8.21    0.0    0.0  0.00 200 200
2019-01-30T02_06_03 2623 11.03  212.4 2343.2   8.21    0.0    0.0  0.00 200 200
2019-01-30T02_06_05 2624 11.03  212.4 2343.2   8.21    0.0    0.0  0.00 200 200
2019-01-30T02_06_07 2625 11.03  212.4 2343.2   8.21    0.0    0.0  0.00 200 200
2019-01-30T02_06_10 2626 11.03  212.4 2343.2   8.21    0.0    0.0  0.00 200 200
2019-01-30T02_06_12 2627 11.03  212.4 2343.2   8.21    0.0    0.0  0.00 200 200
2019-01-30T02_06_15 2628 11.03  212.8 2347.6   8.21    0.0    0.0  0.00 200 200
2019-01-30T02_06_17 2629 11.03  212.4 2343.2   8.21    0.0    0.0  0.00 200 200
2019-01-30T02_06_20 2630 11.03  212.4 2343.2   8.21    0.0    0.0  0.00 200 200
2019-01-30T02_06_22 2631 11.03  212.8 2347.6   8.20    0.0    0.0  0.00 200 200
2019-01-30T02_06_25 2632 11.03  212.4 2343.2   8.21    0.0    0.0  0.00 200 200
2019-01-30T02_06_27 2633 11.03  212.8 2347.6   8.21    0.0    0.0  0.00 200 200
2019-01-30T02_06_30 2634 11.03  212.4 2343.2   8.21    0.0    0.0  0.00 200 200
2019-01-30T02_06_32 2635 11.03  212.4 2343.2   8.21    0.0    0.0  0.00 200 200
2019-01-30T02_06_35 2636 11.03  212.8 2347.6   8.21    0.0    0.0  0.00 200 200
2019-01-30T02_06_37 2637 11.03  212.4 2343.2   8.21    0.0    0.0  0.00 200 200
2019-01-30T02_06_39 2638 11.03  212.4 2343.2   8.21    0.0    0.0  0.00 200 200
2019-01-30T02_06_42 2639 11.03  212.8 2347.6   8.21    0.0    0.0  0.00 200 200
2019-01-30T02_06_44 2640 11.03  212.4 2343.2   8.21    0.0    0.0  0.00 200 200
2019-01-30T02_06_47 2641 11.03  212.4 2343.2   8.21    0.0    0.0  0.00 200 200