2019-01-30T01_41_45 2030 11.03  211.6 2334.3   8.21    0.0    0.0  0.00 200 200
2019-01-30T01_41_47 2031 11.03  211.6 2334.3   8.21    0.0    0.0  0.00 200 200
2019-01-30T01_41_49 2032 11.03  211.6 2334.3   8.21    0.0    0.0  0.00 200 200
2019-01-30T01_41_52 2033 11.03  211.6 2334.3   8.21    0.0    0.0  0.00 200 200
2019-01-30T01_41_54 2034 11.03  211.6 2334.3   8.21    0.0    0.0  0.00 200 200
2019-01-30T01_41_57 2035 11.03  211.6 2334.3   8.21    0.0    0.0  0.00 200 200
2019-01-30T01_41_59 2036 11.03  211.6 2334.3   8.21    0.0    0.0  0.00 200 200
2019-01-30T01_42_02 2037 11.03  211.6 2334.3   8.21    0.0    0.0  0.00 200 200
2019-01-30T01_42_04 2038 11.03  211.6 2334.3   8.21    0.0    0.0  0.00 200 200
2019-01-30T01_42_07 2039 11.03  211.6 2334.3   8.21    0.0    0.0  0.00 200 200
2019-01-30T01_42_09 2040 11.03  212.8 2347.6   8.21    0.0    0.0  0.00 200 200
2019-01-30T01_42_12 2041 11.03  211.6 2334.3   8.21    0.0    0.0  0.00 200 200
2019-01-30T01_42_14 2042 11.03  211.6 2334.3   8.21    0.0    0.0  0.00 200 200
2019-01-30T01_42_16 2043 11.03  211.6 2334.3   8.21    0.0    0.0  0.00 200 200
2019-01-30T01_42_19 2044 11.03  211.6 2334.3   8.21    0.0    0.0  0.00 200 200
2019-01-30T01_42_21 2045 11.03  211.6 2334.3   8.21    0.0    0.0  0.00 200 200
2019-01-30T01_42_24 2046 11.03  211.6 2334.3   8.21    0.0    0.0  0.00 200 200
2019-01-30T01_42_26 2047 11.03  211.6 2334.3   8.21    0.0    0.0  0.00 200 200
2019-01-30T01_42_29 2048 11.03  212.0 2338.7   8.21    0.0    0.0  0.00 200 200
2019-01-30T01_42_31 2049 11.03  211.6 2334.3   8.21    0.0    0.0  0.00 200 200
2019-01-30T01_42_34 2050 11.03  211.6 2334.3   8.21    0.0    0.0  0.00 200 200
2019-01-30T01_42_36 2051 11.03  212.8 2347.6   8.21    0.0    0.0  0.00 200 200
2019-01-30T01_42_39 2052 11.03  211.6 2334.3   8.21    0.0    0.0  0.00 200 200
2019-01-30T01_42_41 2053 11.03  212.0 2338.7   8.21    0.0    0.0  0.00 200 200
2019-01-30T01_42_44 2054 11.03  212.0 2338.7   8.21    0.0    0.0  0.00 200 200
2019-01-30T01_42_46 2055 11.03  212.0 2338.7   8.21    0.0    0.0  0.00 200 200
2019-01-30T01_42_48 2056 11.03  212.0 2338.7   8.21    0.0    0.0  0.00 200 200
2019-01-30T01_42_51 2057 11.03  212.0 2338.7   8.21    0.0    0.0  0.00 200 200
2019-01-30T01_42_53 2058 11.03  212.0 2338.7   8.21    0.0    0.0  0.00 200 200
2019-01-30T01_42_56 2059 11.03  212.0 2338.7   8.21    0.0    0.0  0.00 200 200
2019-01-30T01_42_58 2060 11.03  212.0 2338.7   8.21    0.0    0.0  0.00 200 200
2019-01-30T01_43_01 2061 11.03  212.4 2343.2   8.21    0.0    0.0  0.00 200 200
2019-01-30T01_43_03 2062 11.03  212.4 2343.2   8.21    0.0    0.0  0.00 200 200
2019-01-30T01_43_06 2063 11.03  212.0 2338.7   8.21    0.0    0.0  0.00 200 200
2019-01-30T01_43_08 2064 11.03  212.0 2338.7   8.21    0.0    0.0  0.00 200 200
2019-01-30T01_43_11 2065 11.03  212.0 2338.7   8.21    0.0    0.0  0.00 200 200
2019-01-30T01_43_13 2066 11.03  212.0 2338.7   8.21    0.0    0.0  0.00 200 200
2019-01-30T01_43_15 2067 11.03  211.6 2334.3   8.21    0.0    0.0  0.00 200 200
2019-01-30T01_43_18 2068 11.03  211.6 2334.3   8.21    0.0    0.0  0.00 200 200
2019-01-30T01_43_20 2069 11.03  211.6 2334.3   8.21    0.0    0.0  0.00 200 200
2019-01-30T01_43_23 2070 11.03  211.6 2334.3   8.21    0.0    0.0  0.00 200 200
2019-01-30T01_43_25 2071 11.03  211.6 2334.3   8.21    0.0    0.0  0.00 200 200
2019-01-30T01_43_28 2072 11.03  211.6 2334.3   8.21    0.0    0.0  0.00 200 200
2019-01-30T01_43_30 2073 11.03  212.0 2338.7   8.21    0.0    0.0  0.00 200 200
2019-01-30T01_43_33 2074 11.03  211.6 2334.3   8.21    0.0    0.0  0.00 200 200
2019-01-30T01_43_35 2075 11.03  211.6 2334.3   8.21    0.0    0.0  0.00 200 200
2019-01-30T01_43_38 2076 11.03  211.6 2334.3   8.21    0.0    0.0  0.00 200 200
2019-01-30T01_43_40 2077 11.03  211.6 2334.3   8.21    0.0    0.0  0.00 200 200
2019-01-30T01_43_43 2078 11.03  211.6 2334.3   8.21    0.0    0.0  0.00 200 200
2019-01-30T01_43_45 2079 11.03  211.6 2334.3   8.21    0.0    0.0  0.00 200 200
2019-01-30T01_43_47 2080 11.03  211.6 2334.3   8.21    0.0    0.0  0.00 200 200