2019-01-30T23_55_31 1712 11.04  213.6 2358.1   8.22    0.0    0.0  0.00 200 200
2019-01-30T23_55_34 1713 11.04  212.8 2349.3   8.22    0.0    0.0  0.00 200 200
2019-01-30T23_55_36 1714 11.04  212.8 2349.3   8.22    0.0    0.0  0.00 200 200
2019-01-30T23_55_39 1715 11.04  212.8 2349.3   8.22    0.0    0.0  0.00 200 200
2019-01-30T23_55_41 1716 11.04  212.8 2349.3   8.22    0.0    0.0  0.00 200 200
2019-01-30T23_55_44 1717 11.04  212.8 2349.3   8.22    0.0    0.0  0.00 200 200
2019-01-30T23_55_46 1718 11.04  212.8 2349.3   8.22    0.0    0.0  0.00 200 200
2019-01-30T23_55_48 1719 11.04  212.8 2349.3   8.22    0.0    0.0  0.00 200 200
2019-01-30T23_55_51 1720 11.04  213.2 2353.7   8.22    0.0    0.0  0.00 200 200
2019-01-30T23_55_53 1721 11.04  212.8 2349.3   8.22    0.0    0.0  0.00 200 200
2019-01-30T23_55_56 1722 11.04  212.8 2349.3   8.22    0.0    0.0  0.00 200 200
2019-01-30T23_55_58 1723 11.04  214.0 2362.5   8.22    0.0    0.0  0.00 200 200
2019-01-30T23_56_01 1724 11.04  213.2 2353.7   8.22    0.0    0.0  0.00 200 200
2019-01-30T23_56_03 1725 11.04  213.2 2353.7   8.22    0.0    0.0  0.00 200 200
2019-01-30T23_56_06 1726 11.04  213.2 2353.7   8.22    0.0    0.0  0.00 200 200
2019-01-30T23_56_08 1727 11.04  212.8 2349.3   8.22    0.0    0.0  0.00 200 200
2019-01-30T23_56_11 1728 11.04  213.6 2358.1   8.22    0.0    0.0  0.00 200 200
2019-01-30T23_56_13 1729 11.04  213.2 2353.7   8.22    0.0    0.0  0.00 200 200
2019-01-30T23_56_15 1730 11.04  213.2 2353.7   8.22    0.0    0.0  0.00 200 200
2019-01-30T23_56_18 1731 11.04  213.2 2353.7   8.22    0.0    0.0  0.00 200 200
2019-01-30T23_56_20 1732 11.04  213.2 2353.7   8.22    0.0    0.0  0.00 200 200
2019-01-30T23_56_23 1733 11.04  213.2 2353.7   8.22    0.0    0.0  0.00 200 200
2019-01-30T23_56_25 1734 11.04  213.6 2358.1   8.22    0.0    0.0  0.00 200 200
2019-01-30T23_56_28 1735 11.04  212.8 2349.3   8.22    0.0    0.0  0.00 200 200
2019-01-30T23_56_30 1736 11.04  212.8 2349.3   8.22    0.0    0.0  0.00 200 200
2019-01-30T23_56_33 1737 11.04  212.8 2349.3   8.22    0.0    0.0  0.00 200 200
2019-01-30T23_56_35 1738 11.04  213.2 2353.7   8.22    0.0    0.0  0.00 200 200
2019-01-30T23_56_38 1739 11.04  212.8 2349.3   8.22    0.0    0.0  0.00 200 200
2019-01-30T23_56_40 1740 11.04  213.2 2353.7   8.22    0.0    0.0  0.00 200 200
2019-01-30T23_56_43 1741 11.04  213.2 2353.7   8.22    0.0    0.0  0.00 200 200
2019-01-30T23_56_45 1742 11.04  213.2 2353.7   8.22    0.0    0.0  0.00 200 200
2019-01-30T23_56_47 1743 11.04  212.8 2349.3   8.22    0.0    0.0  0.00 200 200
2019-01-30T23_56_50 1744 11.04  212.8 2349.3   8.22    0.0    0.0  0.00 200 200
2019-01-30T23_56_52 1745 11.04  213.6 2358.1   8.22    0.0    0.0  0.00 200 200
2019-01-30T23_56_55 1746 11.04  213.2 2353.7   8.22    0.0    0.0  0.00 200 200
2019-01-30T23_56_57 1747 11.04  213.2 2353.7   8.22    0.0    0.0  0.00 200 200
2019-01-30T23_57_00 1748 11.04  213.2 2353.7   8.22    0.0    0.0  0.00 200 200
2019-01-30T23_57_02 1749 11.04  213.2 2353.7   8.22    0.0    0.0  0.00 200 200
2019-01-30T23_57_05 1750 11.04  213.2 2353.7   8.22    0.0    0.0  0.00 200 200
2019-01-30T23_57_07 1751 11.04  213.2 2353.7   8.22    0.0    0.0  0.00 200 200
2019-01-30T23_57_10 1752 11.04  213.2 2353.7   8.22    0.0    0.0  0.00 200 200
2019-01-30T23_57_12 1753 11.04  213.2 2353.7   8.22    0.0    0.0  0.00 200 200
2019-01-30T23_57_14 1754 11.04  213.2 2353.7   8.22    0.0    0.0  0.00 200 200
2019-01-30T23_57_17 1755 11.04  213.2 2353.7   8.22    0.0    0.0  0.00 200 200
2019-01-30T23_57_19 1756 11.04  214.0 2362.5   8.22    0.0    0.0  0.00 200 200
2019-01-30T23_57_22 1757 11.04  213.2 2353.7   8.22    0.0    0.0  0.00 200 200
2019-01-30T23_57_24 1758 11.04  213.2 2353.7   8.22    0.0    0.0  0.00 200 200
2019-01-30T23_57_27 1759 11.04  214.0 2362.5   8.22    0.0    0.0  0.00 200 200
2019-01-30T23_57_29 1760 11.04  214.4 2366.9   8.22    0.0    0.0  0.00 200 200
2019-01-30T23_57_32 1761 11.04  213.2 2353.7   8.22    0.0    0.0  0.00 200 200
2019-01-30T23_57_34 1762 11.04  213.2 2353.7   8.22    0.0    0.0  0.00 200 200