2019-02-01T00_01_47 1865 11.04  212.0 2340.4   8.22    0.0    0.0  0.00 200 200
2019-02-01T00_01_50 1866 11.04  212.4 2344.9   8.22    0.0    0.0  0.00 200 200
2019-02-01T00_01_52 1867 11.04  212.4 2344.9   8.22    0.0    0.0  0.00 200 200
2019-02-01T00_01_55 1868 11.04  212.4 2344.9   8.22    0.0    0.0  0.00 200 200
2019-02-01T00_01_57 1869 11.04  212.4 2344.9   8.22    0.0    0.0  0.00 200 200
2019-02-01T00_02_00 1870 11.04  212.4 2344.9   8.22    0.0    0.0  0.00 200 200
2019-02-01T00_02_02 1871 11.04  212.0 2340.4   8.22    0.0    0.0  0.00 200 200
2019-02-01T00_02_05 1872 11.04  212.4 2344.9   8.22    0.0    0.0  0.00 200 200
2019-02-01T00_02_07 1873 11.04  212.0 2340.4   8.22    0.0    0.0  0.00 200 200
2019-02-01T00_02_10 1874 11.04  212.0 2340.4   8.22    0.0    0.0  0.00 200 200
2019-02-01T00_02_12 1875 11.04  213.2 2353.7   8.22    0.0    0.0  0.00 200 200
2019-02-01T00_02_14 1876 11.04  212.0 2340.4   8.22    0.0    0.0  0.00 200 200
2019-02-01T00_02_17 1877 11.04  212.4 2344.9   8.22    0.0    0.0  0.00 200 200
2019-02-01T00_02_19 1878 11.04  212.0 2340.4   8.22    0.0    0.0  0.00 200 200
2019-02-01T00_02_22 1879 11.04  212.0 2340.4   8.22    0.0    0.0  0.00 200 200
2019-02-01T00_02_24 1880 11.04  212.4 2344.9   8.22    0.0    0.0  0.00 200 200
2019-02-01T00_02_27 1881 11.04  212.4 2344.9   8.22    0.0    0.0  0.00 200 200
2019-02-01T00_02_29 1882 11.04  212.0 2340.4   8.22    0.0    0.0  0.00 200 200
2019-02-01T00_02_32 1883 11.04  212.4 2344.9   8.22    0.0    0.0  0.00 200 200
2019-02-01T00_02_34 1884 11.04  212.0 2340.4   8.22    0.0    0.0  0.00 200 200
2019-02-01T00_02_37 1885 11.04  212.0 2340.4   8.22    0.0    0.0  0.00 200 200
2019-02-01T00_02_39 1886 11.04  213.2 2353.7   8.22    0.0    0.0  0.00 200 200
2019-02-01T00_02_42 1887 11.04  212.0 2340.4   8.22    0.0    0.0  0.00 200 200
2019-02-01T00_02_44 1888 11.04  212.0 2340.4   8.22    0.0    0.0  0.00 200 200
2019-02-01T00_02_46 1889 11.04  212.0 2340.4   8.22    0.0    0.0  0.00 200 200
2019-02-01T00_02_49 1890 11.04  212.0 2340.4   8.22    0.0    0.0  0.00 200 200
2019-02-01T00_02_51 1891 11.04  212.0 2340.4   8.22    0.0    0.0  0.00 200 200
2019-02-01T00_02_54 1892 11.04  212.0 2340.4   8.22    0.0    0.0  0.00 200 200
2019-02-01T00_02_56 1893 11.04  212.0 2340.4   8.22    0.0    0.0  0.00 200 200
2019-02-01T00_02_59 1894 11.04  212.4 2344.9   8.22    0.0    0.0  0.00 200 200
2019-02-01T00_03_01 1895 11.04  212.0 2340.4   8.22    0.0    0.0  0.00 200 200
2019-02-01T00_03_04 1896 11.04  212.0 2340.4   8.22    0.0    0.0  0.00 200 200
2019-02-01T00_03_06 1897 11.04  212.8 2349.3   8.22    0.0    0.0  0.00 200 200
2019-02-01T00_03_09 1898 11.04  212.4 2344.9   8.22    0.0    0.0  0.00 200 200
2019-02-01T00_03_11 1899 11.04  212.0 2340.4   8.22    0.0    0.0  0.00 200 200
2019-02-01T00_03_13 1900 11.04  212.0 2340.4   8.22    0.0    0.0  0.00 200 200
2019-02-01T00_03_16 1901 11.04  212.0 2340.4   8.22    0.0    0.0  0.00 200 200
2019-02-01T00_03_18 1902 11.04  212.0 2340.4   8.22    0.0    0.0  0.00 200 200
2019-02-01T00_03_21 1903 11.04  212.0 2340.4   8.22    0.0    0.0  0.00 200 200
2019-02-01T00_03_23 1904 11.04  212.0 2340.4   8.22    0.0    0.0  0.00 200 200
2019-02-01T00_03_26 1905 11.04  212.0 2340.4   8.22    0.0    0.0  0.00 200 200
2019-02-01T00_03_28 1906 11.04  212.0 2340.4   8.22    0.0    0.0  0.00 200 200
2019-02-01T00_03_31 1907 11.04  212.0 2340.4   8.22    0.0    0.0  0.00 200 200
2019-02-01T00_03_33 1908 11.04  212.4 2344.9   8.22    0.0    0.0  0.00 200 200
2019-02-01T00_03_36 1909 11.04  212.0 2340.4   8.22    0.0    0.0  0.00 200 200
2019-02-01T00_03_38 1910 11.04  212.0 2340.4   8.22    0.0    0.0  0.00 200 200
2019-02-01T00_03_41 1911 11.04  212.0 2340.4   8.22    0.0    0.0  0.00 200 200
2019-02-01T00_03_43 1912 11.04  212.0 2340.4   8.22    0.0    0.0  0.00 200 200
2019-02-01T00_03_45 1913 11.04  212.0 2340.4   8.22    0.0    0.0  0.00 200 200
2019-02-01T00_03_48 1914 11.04  212.0 2340.4   8.22    0.0    0.0  0.00 200 200
2019-02-01T00_03_50 1915 11.03  224.0 2471.1   8.21    0.0    0.0  0.00 200 200