2019-01-30T02_00_33 2489 11.03  212.4 2343.2   8.21    0.0    0.0  0.00 200 200
2019-01-30T02_00_36 2490 11.03  212.8 2347.6   8.21    0.0    0.0  0.00 200 200
2019-01-30T02_00_38 2491 11.03  212.4 2343.2   8.21    0.0    0.0  0.00 200 200
2019-01-30T02_00_40 2492 11.03  212.4 2343.2   8.21    0.0    0.0  0.00 200 200
2019-01-30T02_00_43 2493 11.03  212.8 2347.6   8.21    0.0    0.0  0.00 200 200
2019-01-30T02_00_45 2494 11.03  212.4 2343.2   8.21    0.0    0.0  0.00 200 200
2019-01-30T02_00_48 2495 11.03  212.4 2343.2   8.21    0.0    0.0  0.00 200 200
2019-01-30T02_00_50 2496 11.03  212.4 2343.2   8.21    0.0    0.0  0.00 200 200
2019-01-30T02_00_53 2497 11.03  212.4 2343.2   8.21    0.0    0.0  0.00 200 200
2019-01-30T02_00_55 2498 11.03  212.4 2343.2   8.21    0.0    0.0  0.00 200 200
2019-01-30T02_00_58 2499 11.03  212.4 2343.2   8.21    0.0    0.0  0.00 200 200
2019-01-30T02_01_00 2500 11.03  212.8 2347.6   8.21    0.0    0.0  0.00 200 200
2019-01-30T02_01_03 2501 11.03  212.4 2343.2   8.21    0.0    0.0  0.00 200 200
2019-01-30T02_01_05 2502 11.03  212.4 2343.2   8.21    0.0    0.0  0.00 200 200
2019-01-30T02_01_08 2503 11.03  212.4 2343.2   8.21    0.0    0.0  0.00 200 200
2019-01-30T02_01_10 2504 11.03  213.2 2352.0   8.20    0.0    0.0  0.00 200 200
2019-01-30T02_01_12 2505 11.03  212.4 2343.2   8.21    0.0    0.0  0.00 200 200
2019-01-30T02_01_15 2506 11.03  212.4 2343.2   8.21    0.0    0.0  0.00 200 200
2019-01-30T02_01_17 2507 11.03  212.4 2343.2   8.21    0.0    0.0  0.00 200 200
2019-01-30T02_01_20 2508 11.03  212.4 2343.2   8.21    0.0    0.0  0.00 200 200
2019-01-30T02_01_22 2509 11.03  212.8 2347.6   8.21    0.0    0.0  0.00 200 200
2019-01-30T02_01_25 2510 11.03  212.4 2343.2   8.21    0.0    0.0  0.00 200 200
2019-01-30T02_01_27 2511 11.03  212.4 2343.2   8.21    0.0    0.0  0.00 200 200
2019-01-30T02_01_30 2512 11.03  212.8 2347.6   8.21    0.0    0.0  0.00 200 200
2019-01-30T02_01_32 2513 11.03  212.4 2343.2   8.21    0.0    0.0  0.00 200 200
2019-01-30T02_01_35 2514 11.03  212.4 2343.2   8.21    0.0    0.0  0.00 200 200
2019-01-30T02_01_37 2515 11.03  212.8 2347.6   8.21    0.0    0.0  0.00 200 200
2019-01-30T02_01_39 2516 11.03  212.4 2343.2   8.21    0.0    0.0  0.00 200 200
2019-01-30T02_01_42 2517 11.03  212.4 2343.2   8.21    0.0    0.0  0.00 200 200
2019-01-30T02_01_44 2518 11.03  212.4 2343.2   8.21    0.0    0.0  0.00 200 200
2019-01-30T02_01_47 2519 11.03  212.4 2343.2   8.21    0.0    0.0  0.00 200 200
2019-01-30T02_01_49 2520 11.03  212.4 2343.2   8.21    0.0    0.0  0.00 200 200
2019-01-30T02_01_52 2521 11.03  212.4 2343.2   8.21    0.0    0.0  0.00 200 200
2019-01-30T02_01_54 2522 11.03  212.4 2343.2   8.21    0.0    0.0  0.00 200 200
2019-01-30T02_01_57 2523 11.03  212.4 2343.2   8.21    0.0    0.0  0.00 200 200
2019-01-30T02_01_59 2524 11.03  212.4 2343.2   8.21    0.0    0.0  0.00 200 200
2019-01-30T02_02_02 2525 11.03  212.4 2343.2   8.21    0.0    0.0  0.00 200 200
2019-01-30T02_02_04 2526 11.03  212.8 2347.6   8.21    0.0    0.0  0.00 200 200
2019-01-30T02_02_07 2527 11.03  212.4 2343.2   8.21    0.0    0.0  0.00 200 200
2019-01-30T02_02_09 2528 11.03  212.4 2343.2   8.21    0.0    0.0  0.00 200 200
2019-01-30T02_02_11 2529 11.03  213.2 2352.0   8.21    0.0    0.0  0.00 200 200
2019-01-30T02_02_14 2530 11.03  212.4 2343.2   8.21    0.0    0.0  0.00 200 200
2019-01-30T02_02_16 2531 11.03  212.4 2343.2   8.21    0.0    0.0  0.00 200 200
2019-01-30T02_02_19 2532 11.03  212.4 2343.2   8.21    0.0    0.0  0.00 200 200
2019-01-30T02_02_21 2533 11.03  212.4 2343.2   8.21    0.0    0.0  0.00 200 200
2019-01-30T02_02_24 2534 11.03  212.4 2343.2   8.21    0.0    0.0  0.00 200 200
2019-01-30T02_02_26 2535 11.03  212.4 2343.2   8.21    0.0    0.0  0.00 200 200
2019-01-30T02_02_29 2536 11.03  212.4 2343.2   8.21    0.0    0.0  0.00 200 200
2019-01-30T02_02_31 2537 11.03  212.8 2347.6   8.21    0.0    0.0  0.00 200 200
2019-01-30T02_02_34 2538 11.03  212.8 2347.6   8.21    0.0    0.0  0.00 200 200
2019-01-30T02_02_36 2539 11.03  212.8 2347.6   8.21    0.0    0.0  0.00 200 200