2019-01-30T01_50_06 2234 11.03  211.2 2329.9   8.21    0.0    0.0  0.00 200 200
2019-01-30T01_50_09 2235 11.03  211.2 2329.9   8.21    0.0    0.0  0.00 200 200
2019-01-30T01_50_11 2236 11.03  211.6 2334.3   8.21    0.0    0.0  0.00 200 200
2019-01-30T01_50_13 2237 11.03  211.2 2329.9   8.21    0.0    0.0  0.00 200 200
2019-01-30T01_50_16 2238 11.03  211.2 2329.9   8.21    0.0    0.0  0.00 200 200
2019-01-30T01_50_18 2239 11.03  211.2 2329.9   8.21    0.0    0.0  0.00 200 200
2019-01-30T01_50_21 2240 11.03  211.2 2329.9   8.21    0.0    0.0  0.00 200 200
2019-01-30T01_50_23 2241 11.03  211.2 2329.9   8.21    0.0    0.0  0.00 200 200
2019-01-30T01_50_26 2242 11.03  211.2 2329.9   8.21    0.0    0.0  0.00 200 200
2019-01-30T01_50_28 2243 11.03  211.2 2329.9   8.21    0.0    0.0  0.00 200 200
2019-01-30T01_50_31 2244 11.03  211.2 2329.9   8.21    0.0    0.0  0.00 200 200
2019-01-30T01_50_33 2245 11.03  211.2 2329.9   8.21    0.0    0.0  0.00 200 200
2019-01-30T01_50_36 2246 11.03  211.2 2329.9   8.21    0.0    0.0  0.00 200 200
2019-01-30T01_50_38 2247 11.03  212.0 2338.7   8.21    0.0    0.0  0.00 200 200
2019-01-30T01_50_41 2248 11.03  211.2 2329.9   8.21    0.0    0.0  0.00 200 200
2019-01-30T01_50_43 2249 11.03  211.2 2329.9   8.21    0.0    0.0  0.00 200 200
2019-01-30T01_50_45 2250 11.03  212.4 2343.2   8.21    0.0    0.0  0.00 200 200
2019-01-30T01_50_48 2251 11.03  211.2 2329.9   8.21    0.0    0.0  0.00 200 200
2019-01-30T01_50_50 2252 11.03  211.2 2329.9   8.21    0.0    0.0  0.00 200 200
2019-01-30T01_50_53 2253 11.03  211.2 2329.9   8.21    0.0    0.0  0.00 200 200
2019-01-30T01_50_55 2254 11.03  211.2 2329.9   8.21    0.0    0.0  0.00 200 200
2019-01-30T01_50_58 2255 11.03  211.2 2329.9   8.21    0.0    0.0  0.00 200 200
2019-01-30T01_51_00 2256 11.03  211.2 2329.9   8.21    0.0    0.0  0.00 200 200
2019-01-30T01_51_03 2257 11.03  210.8 2325.5   8.21    0.0    0.0  0.00 200 200
2019-01-30T01_51_05 2258 11.03  211.6 2334.3   8.21    0.0    0.0  0.00 200 200
2019-01-30T01_51_08 2259 11.03  211.2 2329.9   8.21    0.0    0.0  0.00 200 200
2019-01-30T01_51_10 2260 11.03  211.2 2329.9   8.21    0.0    0.0  0.00 200 200
2019-01-30T01_51_12 2261 11.03  212.4 2343.2   8.21    0.0    0.0  0.00 200 200
2019-01-30T01_51_15 2262 11.03  211.2 2329.9   8.21    0.0    0.0  0.00 200 200
2019-01-30T01_51_17 2263 11.03  211.2 2329.9   8.21    0.0    0.0  0.00 200 200
2019-01-30T01_51_20 2264 11.03  211.2 2329.9   8.21    0.0    0.0  0.00 200 200
2019-01-30T01_51_22 2265 11.03  210.8 2325.5   8.21    0.0    0.0  0.00 200 200
2019-01-30T01_51_25 2266 11.03  211.2 2329.9   8.21    0.0    0.0  0.00 200 200
2019-01-30T01_51_27 2267 11.03  211.2 2329.9   8.21    0.0    0.0  0.00 200 200
2019-01-30T01_51_30 2268 11.03  211.2 2329.9   8.21    0.0    0.0  0.00 200 200
2019-01-30T01_51_32 2269 11.03  211.2 2329.9   8.21    0.0    0.0  0.00 200 200
2019-01-30T01_51_35 2270 11.03  210.8 2325.5   8.21    0.0    0.0  0.00 200 200
2019-01-30T01_51_37 2271 11.03  211.2 2329.9   8.21    0.0    0.0  0.00 200 200
2019-01-30T01_51_40 2272 11.03  212.0 2338.7   8.21    0.0    0.0  0.00 200 200
2019-01-30T01_51_42 2273 11.03  211.2 2329.9   8.21    0.0    0.0  0.00 200 200
2019-01-30T01_51_44 2274 11.03  211.2 2329.9   8.21    0.0    0.0  0.00 200 200
2019-01-30T01_51_47 2275 11.03  211.2 2329.9   8.21    0.0    0.0  0.00 200 200
2019-01-30T01_51_49 2276 11.03  211.2 2329.9   8.21    0.0    0.0  0.00 200 200
2019-01-30T01_51_52 2277 11.03  211.2 2329.9   8.21    0.0    0.0  0.00 200 200
2019-01-30T01_51_54 2278 11.03  211.2 2329.9   8.21    0.0    0.0  0.00 200 200
2019-01-30T01_51_57 2279 11.03  211.2 2329.9   8.21    0.0    0.0  0.00 200 200
2019-01-30T01_51_59 2280 11.03  211.6 2334.3   8.21    0.0    0.0  0.00 200 200
2019-01-30T01_52_02 2281 11.03  213.6 2356.4   8.20    0.0    0.0  0.00 200 200
2019-01-30T01_52_04 2282 11.03  211.2 2329.9   8.21    0.0    0.0  0.00 200 200
2019-01-30T01_52_07 2283 11.03  211.6 2334.3   8.21    0.0    0.0  0.00 200 200
2019-01-30T01_52_09 2284 11.03  211.2 2329.9   8.21    0.0    0.0  0.00 200 200