2019-01-30T01_14_34 1367 10.99  258.4 2840.3   8.17    0.0    0.0  0.00 200 200
2019-01-30T01_14_37 1368 11.00  250.4 2754.4   8.18    0.0    0.0  0.00 200 200
2019-01-30T01_14_39 1369 10.98  268.8 2952.5   8.16    0.0    0.0  0.00 200 200
2019-01-30T01_14_42 1370 11.00  250.8 2758.8   8.18    0.0    0.0  0.00 200 200
2019-01-30T01_14_44 1371 10.99  253.6 2787.5   8.18    0.0    0.0  0.00 200 200
2019-01-30T01_14_47 1372 10.99  254.4 2796.3   8.18    0.0    0.0  0.00 200 200
2019-01-30T01_14_49 1373 11.00  250.8 2758.8   8.18    0.0    0.0  0.00 200 200
2019-01-30T01_14_52 1374 11.01  236.4 2602.2   8.18    0.0    0.0  0.00 200 200
2019-01-30T01_14_54 1375 11.03  213.6 2356.4   8.20    0.0    0.0  0.00 200 200
2019-01-30T01_14_56 1376 11.03  214.0 2360.8   8.20    0.0    0.0  0.00 200 200
2019-01-30T01_14_59 1377 11.03  214.8 2369.6   8.20    0.0    0.0  0.00 200 200
2019-01-30T01_15_01 1378 11.03  214.0 2360.8   8.20    0.0    0.0  0.00 200 200
2019-01-30T01_15_04 1379 11.03  214.0 2360.8   8.20    0.0    0.0  0.00 200 200
2019-01-30T01_15_06 1380 11.03  213.6 2356.4   8.20    0.0    0.0  0.00 200 200
2019-01-30T01_15_09 1381 11.03  213.6 2356.4   8.20    0.0    0.0  0.00 200 200
2019-01-30T01_15_11 1382 11.03  213.6 2356.4   8.20    0.0    0.0  0.00 200 200
2019-01-30T01_15_14 1383 11.03  214.0 2360.8   8.20    0.0    0.0  0.00 200 200
2019-01-30T01_15_16 1384 11.03  213.6 2356.4   8.20    0.0    0.0  0.00 200 200
2019-01-30T01_15_19 1385 11.03  214.0 2360.8   8.20    0.0    0.0  0.00 200 200
2019-01-30T01_15_21 1386 11.03  213.6 2356.4   8.20    0.0    0.0  0.00 200 200
2019-01-30T01_15_24 1387 11.03  213.6 2356.4   8.20    0.0    0.0  0.00 200 200
2019-01-30T01_15_26 1388 11.03  214.4 2365.2   8.20    0.0    0.0  0.00 200 200
2019-01-30T01_15_28 1389 11.03  213.6 2356.4   8.20    0.0    0.0  0.00 200 200
2019-01-30T01_15_31 1390 11.03  214.0 2360.8   8.20    0.0    0.0  0.00 200 200
2019-01-30T01_15_33 1391 11.00  250.8 2758.8   8.18    0.0    0.0  0.00 200 200
2019-01-30T01_15_36 1392 10.99  253.6 2787.5   8.18    0.0    0.0  0.00 200 200
2019-01-30T01_15_38 1393 11.03  214.0 2360.8   8.20    0.0    0.0  0.00 200 200
2019-01-30T01_15_41 1394 11.03  213.6 2356.4   8.20    0.0    0.0  0.00 200 200
2019-01-30T01_15_43 1395 11.02  216.8 2390.0   8.20    0.0    0.0  0.00 200 200
2019-01-30T01_15_46 1396 11.03  214.0 2360.8   8.20    0.0    0.0  0.00 200 200
2019-01-30T01_15_48 1397 11.03  213.6 2356.4   8.20    0.0    0.0  0.00 200 200
2019-01-30T01_15_51 1398 11.03  213.6 2356.4   8.20    0.0    0.0  0.00 200 200
2019-01-30T01_15_53 1399 11.03  214.0 2360.8   8.20    0.0    0.0  0.00 200 200
2019-01-30T01_15_55 1400 11.03  213.6 2356.4   8.20    0.0    0.0  0.00 200 200
2019-01-30T01_15_58 1401 11.03  213.6 2356.4   8.20    0.0    0.0  0.00 200 200
2019-01-30T01_16_00 1402 11.03  215.2 2374.0   8.20    0.0    0.0  0.00 200 200
2019-01-30T01_16_03 1403 11.03  213.6 2356.4   8.21    0.0    0.0  0.00 200 200
2019-01-30T01_16_05 1404 11.03  213.6 2356.4   8.20    0.0    0.0  0.00 200 200
2019-01-30T01_16_08 1405 11.03  213.6 2356.4   8.20    0.0    0.0  0.00 200 200
2019-01-30T01_16_10 1406 11.03  213.6 2356.4   8.20    0.0    0.0  0.00 200 200
2019-01-30T01_16_13 1407 11.03  213.6 2356.4   8.20    0.0    0.0  0.00 200 200
2019-01-30T01_16_15 1408 11.03  213.2 2352.0   8.20    0.0    0.0  0.00 200 200
2019-01-30T01_16_18 1409 11.03  213.6 2356.4   8.20    0.0    0.0  0.00 200 200
2019-01-30T01_16_20 1410 11.03  214.0 2360.8   8.20    0.0    0.0  0.00 200 200
2019-01-30T01_16_23 1411 11.03  213.6 2356.4   8.20    0.0    0.0  0.00 200 200
2019-01-30T01_16_25 1412 11.03  213.6 2356.4   8.20    0.0    0.0  0.00 200 200
2019-01-30T01_16_27 1413 11.03  214.4 2365.2   8.20    0.0    0.0  0.00 200 200
2019-01-30T01_16_30 1414 11.03  213.6 2356.4   8.20    0.0    0.0  0.00 200 200
2019-01-30T01_16_32 1415 11.03  213.6 2356.4   8.20    0.0    0.0  0.00 200 200
2019-01-30T01_16_35 1416 11.03  213.6 2356.4   8.20    0.0    0.0  0.00 200 200
2019-01-30T01_16_37 1417 11.03  213.6 2356.4   8.20    0.0    0.0  0.00 200 200