2019-01-30T22_57_01 284 11.05  211.2 2333.3   8.22    0.0    0.0  0.00 200 200
2019-01-30T22_57_03 285 11.05  212.0 2342.1   8.22    0.0    0.0  0.00 200 200
2019-01-30T22_57_06 286 11.05  211.2 2333.3   8.22    0.0    0.0  0.00 200 200
2019-01-30T22_57_08 287 11.04  223.6 2468.5   8.22    0.0    0.0  0.00 200 200
2019-01-30T22_57_11 288 11.05  211.2 2333.3   8.22    0.0    0.0  0.00 200 200
2019-01-30T22_57_13 289 11.05  211.2 2333.3   8.22    0.0    0.0  0.00 200 200
2019-01-30T22_57_16 290 11.05  211.2 2333.3   8.22    0.0    0.0  0.00 200 200
2019-01-30T22_57_18 291 11.05  211.6 2337.7   8.22    0.0    0.0  0.00 200 200
2019-01-30T22_57_21 292 11.05  211.2 2333.3   8.22    0.0    0.0  0.00 200 200
2019-01-30T22_57_23 293 11.05  211.6 2337.7   8.22    0.0    0.0  0.00 200 200
2019-01-30T22_57_25 294 11.05  211.2 2333.3   8.22    0.0    0.0  0.00 200 200
2019-01-30T22_57_28 295 11.05  211.2 2333.3   8.22    0.0    0.0  0.00 200 200
2019-01-30T22_57_30 296 11.05  212.0 2342.1   8.22    0.0    0.0  0.00 200 200
2019-01-30T22_57_33 297 11.05  211.6 2337.7   8.22    0.0    0.0  0.00 200 200
2019-01-30T22_57_35 298 11.05  211.6 2337.7   8.22    0.0    0.0  0.00 200 200
2019-01-30T22_57_38 299 11.05  211.6 2337.7   8.22    0.0    0.0  0.00 200 200
2019-01-30T22_57_40 300 11.05  211.6 2337.7   8.22    0.0    0.0  0.00 200 200
2019-01-30T22_57_43 301 11.05  211.2 2333.3   8.22    0.0    0.0  0.00 200 200
2019-01-30T22_57_45 302 11.05  211.2 2333.3   8.22    0.0    0.0  0.00 200 200
2019-01-30T22_57_48 303 11.05  211.2 2333.3   8.22    0.0    0.0  0.00 200 200
2019-01-30T22_57_50 304 11.05  211.6 2337.7   8.22    0.0    0.0  0.00 200 200
2019-01-30T22_57_52 305 11.05  211.2 2333.3   8.22    0.0    0.0  0.00 200 200
2019-01-30T22_57_55 306 11.05  211.2 2333.3   8.22    0.0    0.0  0.00 200 200
2019-01-30T22_57_57 307 11.05  212.0 2342.1   8.22    0.0    0.0  0.00 200 200
2019-01-30T22_58_00 308 11.05  211.2 2333.3   8.22    0.0    0.0  0.00 200 200
2019-01-30T22_58_02 309 11.05  211.2 2333.3   8.22    0.0    0.0  0.00 200 200
2019-01-30T22_58_05 310 11.05  211.6 2337.7   8.22    0.0    0.0  0.00 200 200
2019-01-30T22_58_07 311 11.05  211.2 2333.3   8.22    0.0    0.0  0.00 200 200
2019-01-30T22_58_10 312 11.05  211.6 2337.7   8.22    0.0    0.0  0.00 200 200
2019-01-30T22_58_12 313 11.05  211.6 2337.7   8.22    0.0    0.0  0.00 200 200
2019-01-30T22_58_15 314 11.05  211.6 2337.7   8.22    0.0    0.0  0.00 200 200
2019-01-30T22_58_17 315 11.05  211.6 2337.7   8.22    0.0    0.0  0.00 200 200
2019-01-30T22_58_20 316 11.05  211.2 2333.3   8.22    0.0    0.0  0.00 200 200
2019-01-30T22_58_22 317 11.05  211.2 2333.3   8.22    0.0    0.0  0.00 200 200
2019-01-30T22_58_24 318 11.05  211.6 2337.7   8.22    0.0    0.0  0.00 200 200
2019-01-30T22_58_27 319 11.05  211.2 2333.3   8.22    0.0    0.0  0.00 200 200
2019-01-30T22_58_29 320 11.05  211.2 2333.3   8.22    0.0    0.0  0.00 200 200
2019-01-30T22_58_32 321 11.05  212.8 2351.0   8.22    0.0    0.0  0.00 200 200
2019-01-30T22_58_34 322 11.05  211.2 2333.3   8.22    0.0    0.0  0.00 200 200
2019-01-30T22_58_37 323 11.05  211.2 2333.3   8.22    0.0    0.0  0.00 200 200
2019-01-30T22_58_39 324 11.05  211.6 2337.7   8.22    0.0    0.0  0.00 200 200
2019-01-30T22_58_42 325 11.05  211.2 2333.3   8.22    0.0    0.0  0.00 200 200
2019-01-30T22_58_44 326 11.05  211.2 2333.3   8.22    0.0    0.0  0.00 200 200
2019-01-30T22_58_47 327 11.05  211.2 2333.3   8.22    0.0    0.0  0.00 200 200
2019-01-30T22_58_49 328 11.05  211.2 2333.3   8.22    0.0    0.0  0.00 200 200
2019-01-30T22_58_51 329 11.05  211.6 2337.7   8.22    0.0    0.0  0.00 200 200
2019-01-30T22_58_54 330 11.05  211.6 2337.7   8.22    0.0    0.0  0.00 200 200
2019-01-30T22_58_56 331 11.05  211.2 2333.3   8.22    0.0    0.0  0.00 200 200
2019-01-30T22_58_59 332 11.05  212.0 2342.1   8.22    0.0    0.0  0.00 200 200
2019-01-30T22_59_01 333 11.05  211.2 2333.3   8.22    0.0    0.0  0.00 200 200
2019-01-30T22_59_04 334 11.05  211.6 2337.7   8.22    0.0    0.0  0.00 200 200