2019-01-30T23_30_26 1100 11.04  212.8 2349.3   8.22    0.0    0.0  0.00 200 200
2019-01-30T23_30_29 1101 11.04  213.2 2353.7   8.22    0.0    0.0  0.00 200 200
2019-01-30T23_30_31 1102 11.04  213.2 2353.7   8.22    0.0    0.0  0.00 200 200
2019-01-30T23_30_34 1103 11.04  212.8 2349.3   8.22    0.0    0.0  0.00 200 200
2019-01-30T23_30_36 1104 11.04  213.6 2358.1   8.22    0.0    0.0  0.00 200 200
2019-01-30T23_30_39 1105 11.04  212.8 2349.3   8.22    0.0    0.0  0.00 200 200
2019-01-30T23_30_41 1106 11.04  213.2 2353.7   8.22    0.0    0.0  0.00 200 200
2019-01-30T23_30_44 1107 11.04  213.6 2358.1   8.22    0.0    0.0  0.00 200 200
2019-01-30T23_30_46 1108 11.04  213.2 2353.7   8.22    0.0    0.0  0.00 200 200
2019-01-30T23_30_49 1109 11.04  212.8 2349.3   8.22    0.0    0.0  0.00 200 200
2019-01-30T23_30_51 1110 11.04  213.2 2353.7   8.22    0.0    0.0  0.00 200 200
2019-01-30T23_30_54 1111 11.04  213.2 2353.7   8.22    0.0    0.0  0.00 200 200
2019-01-30T23_30_56 1112 11.04  213.2 2353.7   8.22    0.0    0.0  0.00 200 200
2019-01-30T23_30_58 1113 11.04  212.8 2349.3   8.22    0.0    0.0  0.00 200 200
2019-01-30T23_31_01 1114 11.04  212.8 2349.3   8.22    0.0    0.0  0.00 200 200
2019-01-30T23_31_03 1115 11.04  213.2 2353.7   8.22    0.0    0.0  0.00 200 200
2019-01-30T23_31_06 1116 11.04  213.2 2353.7   8.22    0.0    0.0  0.00 200 200
2019-01-30T23_31_08 1117 11.04  214.0 2362.5   8.22    0.0    0.0  0.00 200 200
2019-01-30T23_31_11 1118 11.04  214.0 2362.5   8.22    0.0    0.0  0.00 200 200
2019-01-30T23_31_13 1119 11.04  213.2 2353.7   8.22    0.0    0.0  0.00 200 200
2019-01-30T23_31_16 1120 11.04  213.2 2353.7   8.22    0.0    0.0  0.00 200 200
2019-01-30T23_31_18 1121 11.04  213.2 2353.7   8.22    0.0    0.0  0.00 200 200
2019-01-30T23_31_21 1122 11.04  213.2 2353.7   8.22    0.0    0.0  0.00 200 200
2019-01-30T23_31_23 1123 11.04  213.2 2353.7   8.22    0.0    0.0  0.00 200 200
2019-01-30T23_31_25 1124 11.04  213.2 2353.7   8.22    0.0    0.0  0.00 200 200
2019-01-30T23_31_28 1125 11.04  213.2 2353.7   8.22    0.0    0.0  0.00 200 200
2019-01-30T23_31_30 1126 11.04  213.2 2353.7   8.22    0.0    0.0  0.00 200 200
2019-01-30T23_31_33 1127 11.04  213.2 2353.7   8.22    0.0    0.0  0.00 200 200
2019-01-30T23_31_35 1128 11.04  213.2 2353.7   8.22    0.0    0.0  0.00 200 200
2019-01-30T23_31_38 1129 11.04  213.6 2358.1   8.22    0.0    0.0  0.00 200 200
2019-01-30T23_31_40 1130 11.04  212.8 2349.3   8.22    0.0    0.0  0.00 200 200
2019-01-30T23_31_43 1131 11.04  213.2 2353.7   8.22    0.0    0.0  0.00 200 200
2019-01-30T23_31_45 1132 11.04  212.8 2349.3   8.22    0.0    0.0  0.00 200 200
2019-01-30T23_31_48 1133 11.04  213.2 2353.7   8.22    0.0    0.0  0.00 200 200
2019-01-30T23_31_50 1134 11.04  213.2 2353.7   8.22    0.0    0.0  0.00 200 200
2019-01-30T23_31_53 1135 11.04  213.2 2353.7   8.22    0.0    0.0  0.00 200 200
2019-01-30T23_31_55 1136 11.04  213.2 2353.7   8.22    0.0    0.0  0.00 200 200
2019-01-30T23_31_57 1137 11.04  213.6 2358.1   8.22    0.0    0.0  0.00 200 200
2019-01-30T23_32_00 1138 11.04  213.2 2353.7   8.22    0.0    0.0  0.00 200 200
2019-01-30T23_32_02 1139 11.04  213.2 2353.7   8.22    0.0    0.0  0.00 200 200
2019-01-30T23_32_05 1140 11.04  213.6 2358.1   8.22    0.0    0.0  0.00 200 200
2019-01-30T23_32_07 1141 11.04  213.2 2353.7   8.22    0.0    0.0  0.00 200 200
2019-01-30T23_32_10 1142 11.04  213.2 2353.7   8.22    0.0    0.0  0.00 200 200
2019-01-30T23_32_12 1143 11.04  213.2 2353.7   8.22    0.0    0.0  0.00 200 200
2019-01-30T23_32_15 1144 11.04  213.2 2353.7   8.22    0.0    0.0  0.00 200 200
2019-01-30T23_32_17 1145 11.04  213.2 2353.7   8.22    0.0    0.0  0.00 200 200
2019-01-30T23_32_20 1146 11.04  213.2 2353.7   8.22    0.0    0.0  0.00 200 200
2019-01-30T23_32_22 1147 11.04  213.2 2353.7   8.22    0.0    0.0  0.00 200 200
2019-01-30T23_32_24 1148 11.04  213.6 2358.1   8.22    0.0    0.0  0.00 200 200
2019-01-30T23_32_27 1149 11.04  213.2 2353.7   8.22    0.0    0.0  0.00 200 200
2019-01-30T23_32_29 1150 11.04  213.2 2353.7   8.22    0.0    0.0  0.00 200 200