2019-01-30T23_22_05 896 11.05  211.6 2337.7   8.22    0.0    0.0  0.00 200 200
2019-01-30T23_22_07 897 11.05  212.0 2342.1   8.22    0.0    0.0  0.00 200 200
2019-01-30T23_22_10 898 11.05  211.6 2337.7   8.22    0.0    0.0  0.00 200 200
2019-01-30T23_22_12 899 11.05  211.6 2337.7   8.22    0.0    0.0  0.00 200 200
2019-01-30T23_22_15 900 11.04  212.8 2349.3   8.22    0.0    0.0  0.00 200 200
2019-01-30T23_22_17 901 11.05  211.6 2337.7   8.22    0.0    0.0  0.00 200 200
2019-01-30T23_22_20 902 11.05  211.6 2337.7   8.22    0.0    0.0  0.00 200 200
2019-01-30T23_22_22 903 11.04  211.6 2336.0   8.22    0.0    0.0  0.00 200 200
2019-01-30T23_22_25 904 11.04  211.6 2336.0   8.22    0.0    0.0  0.00 200 200
2019-01-30T23_22_27 905 11.05  211.6 2337.7   8.22    0.0    0.0  0.00 200 200
2019-01-30T23_22_30 906 11.05  211.6 2337.7   8.22    0.0    0.0  0.00 200 200
2019-01-30T23_22_32 907 11.05  211.6 2337.7   8.22    0.0    0.0  0.00 200 200
2019-01-30T23_22_34 908 11.04  212.0 2340.4   8.22    0.0    0.0  0.00 200 200
2019-01-30T23_22_37 909 11.05  211.6 2337.7   8.22    0.0    0.0  0.00 200 200
2019-01-30T23_22_39 910 11.05  212.0 2342.1   8.22    0.0    0.0  0.00 200 200
2019-01-30T23_22_42 911 11.04  212.4 2344.9   8.22    0.0    0.0  0.00 200 200
2019-01-30T23_22_44 912 11.05  211.6 2337.7   8.22    0.0    0.0  0.00 200 200
2019-01-30T23_22_47 913 11.04  211.6 2336.0   8.22    0.0    0.0  0.00 200 200
2019-01-30T23_22_49 914 11.04  212.0 2340.4   8.22    0.0    0.0  0.00 200 200
2019-01-30T23_22_52 915 11.04  212.0 2340.4   8.22    0.0    0.0  0.00 200 200
2019-01-30T23_22_54 916 11.05  211.6 2337.7   8.22    0.0    0.0  0.00 200 200
2019-01-30T23_22_57 917 11.05  211.6 2337.7   8.22    0.0    0.0  0.00 200 200
2019-01-30T23_22_59 918 11.04  212.0 2340.4   8.22    0.0    0.0  0.00 200 200
2019-01-30T23_23_02 919 11.04  212.0 2340.4   8.22    0.0    0.0  0.00 200 200
2019-01-30T23_23_04 920 11.05  211.6 2337.7   8.22    0.0    0.0  0.00 200 200
2019-01-30T23_23_06 921 11.05  211.6 2337.7   8.22    0.0    0.0  0.00 200 200
2019-01-30T23_23_09 922 11.04  212.4 2344.9   8.22    0.0    0.0  0.00 200 200
2019-01-30T23_23_11 923 11.04  211.6 2336.0   8.22    0.0    0.0  0.00 200 200
2019-01-30T23_23_14 924 11.04  211.6 2336.0   8.22    0.0    0.0  0.00 200 200
2019-01-30T23_23_16 925 11.04  212.0 2340.4   8.22    0.0    0.0  0.00 200 200
2019-01-30T23_23_19 926 11.04  211.6 2336.0   8.22    0.0    0.0  0.00 200 200
2019-01-30T23_23_21 927 11.04  211.6 2336.0   8.22    0.0    0.0  0.00 200 200
2019-01-30T23_23_24 928 11.04  212.0 2340.4   8.22    0.0    0.0  0.00 200 200
2019-01-30T23_23_26 929 11.05  211.6 2337.7   8.22    0.0    0.0  0.00 200 200
2019-01-30T23_23_29 930 11.04  212.0 2340.4   8.22    0.0    0.0  0.00 200 200
2019-01-30T23_23_31 931 11.04  211.6 2336.0   8.22    0.0    0.0  0.00 200 200
2019-01-30T23_23_33 932 11.04  212.0 2340.4   8.22    0.0    0.0  0.00 200 200
2019-01-30T23_23_36 933 11.04  212.4 2344.9   8.22    0.0    0.0  0.00 200 200
2019-01-30T23_23_38 934 11.04  211.6 2336.0   8.22    0.0    0.0  0.00 200 200
2019-01-30T23_23_41 935 11.04  211.6 2336.0   8.22    0.0    0.0  0.00 200 200
2019-01-30T23_23_43 936 11.04  212.0 2340.4   8.22    0.0    0.0  0.00 200 200
2019-01-30T23_23_46 937 11.04  211.6 2336.0   8.22    0.0    0.0  0.00 200 200
2019-01-30T23_23_48 938 11.04  211.6 2336.0   8.22    0.0    0.0  0.00 200 200
2019-01-30T23_23_51 939 11.04  211.6 2336.0   8.22    0.0    0.0  0.00 200 200
2019-01-30T23_23_53 940 11.04  211.6 2336.0   8.22    0.0    0.0  0.00 200 200
2019-01-30T23_23_56 941 11.04  212.0 2340.4   8.22    0.0    0.0  0.00 200 200
2019-01-30T23_23_58 942 11.04  211.6 2336.0   8.22    0.0    0.0  0.00 200 200
2019-01-30T23_24_00 943 11.04  211.6 2336.0   8.22    0.0    0.0  0.00 200 200
2019-01-30T23_24_03 944 11.04  212.0 2340.4   8.22    0.0    0.0  0.00 200 200
2019-01-30T23_24_05 945 11.04  211.6 2336.0   8.22    0.0    0.0  0.00 200 200
2019-01-30T23_24_08 946 11.04  211.6 2336.0   8.22    0.0    0.0  0.00 200 200