2019-02-01T02_41_14 11765  3.99    0.0    0.0   7.82  213.2 1666.3  inf 210 210
2019-02-01T02_41_16 11766  3.99    0.0    0.0   7.82  212.0 1656.9  inf 210 210
2019-02-01T02_41_18 11767  3.98    0.0    0.0   7.81  222.0 1733.3  inf 210 210
2019-02-01T02_41_21 11768  4.00    0.0    0.0   7.82  212.0 1656.9  inf 210 210
2019-02-01T02_41_23 11769  4.00    0.0    0.0   7.82  212.0 1656.9  inf 210 210
2019-02-01T02_41_26 11770  4.01    0.0    0.0   7.81  216.4 1689.6  inf 210 210
2019-02-01T02_41_28 11771  4.01    0.0    0.0   7.81  214.0 1670.9  inf 210 210
2019-02-01T02_41_31 11772  3.99    0.0    0.0   7.82  211.6 1653.8  inf 210 210
2019-02-01T02_41_33 11773  4.02    0.0    0.0   7.85  156.8 1230.5  inf 210 210
2019-02-01T02_41_36 11774  3.99    0.0    0.0   7.86  156.0 1225.5  inf 210 210
2019-02-01T02_41_38 11775  3.98    0.0    0.0   7.86  156.0 1225.5  inf 210 210
2019-02-01T02_41_41 11776  3.98    0.0    0.0   7.86  156.0 1225.5  inf 210 210
2019-02-01T02_41_43 11777  3.98    0.0    0.0   7.85  158.8 1246.2  inf 210 210
2019-02-01T02_41_45 11778  3.98    0.0    0.0   7.86  156.4 1228.6  inf 210 210
2019-02-01T02_41_48 11779  3.98    0.0    0.0   7.85  160.8 1261.9  inf 210 210
2019-02-01T02_41_50 11780  4.02    0.0    0.0   7.86  156.0 1225.5  inf 210 210
2019-02-01T02_41_53 11781  4.00    0.0    0.0   7.86  156.4 1228.6  inf 210 210
2019-02-01T02_41_55 11782  4.01    0.0    0.0   7.86  156.0 1225.5  inf 210 210
2019-02-01T02_41_58 11783  4.00    0.0    0.0   7.85  156.0 1224.2  inf 210 210
2019-02-01T02_42_00 11784  3.98    0.0    0.0   7.85  156.8 1230.5  inf 210 210
2019-02-01T02_42_03 11785  3.98    0.0    0.0   7.85  156.8 1230.5  inf 210 210
2019-02-01T02_42_05 11786  3.98    0.0    0.0   7.85  156.4 1227.4  inf 210 210
2019-02-01T02_42_08 11787  3.98    0.0    0.0   7.85  157.2 1233.7  inf 210 210
2019-02-01T02_42_10 11788  3.98    0.0    0.0   7.85  156.4 1227.4  inf 210 210
2019-02-01T02_42_13 11789  3.98    0.0    0.0   7.84  175.6 1376.7  inf 210 210
2019-02-01T02_42_15 11790  3.99    0.0    0.0   7.83  178.8 1400.3  inf 210 210
2019-02-01T02_42_17 11791  4.00    0.0    0.0   7.84  174.8 1370.4  inf 210 210
2019-02-01T02_42_20 11792  4.00    0.0    0.0   7.85  157.2 1233.7  inf 210 210
2019-02-01T02_42_22 11793  4.00    0.0    0.0   7.85  156.0 1224.2  inf 210 210
2019-02-01T02_42_25 11794  4.00    0.0    0.0   7.81  219.6 1714.6  inf 210 210
2019-02-01T02_42_27 11795  4.00    0.0    0.0   7.85  158.0 1239.9  inf 210 210
2019-02-01T02_42_30 11796  3.99    0.0    0.0   7.85  156.4 1227.4  inf 210 210
2019-02-01T02_42_32 11797  4.00    0.0    0.0   7.85  156.4 1227.4  inf 210 210
2019-02-01T02_42_35 11798  4.00    0.0    0.0   7.85  157.6 1236.8  inf 210 210
2019-02-01T02_42_37 11799  3.99    0.0    0.0   7.85  156.4 1227.4  inf 210 210
2019-02-01T02_42_40 11800  4.00    0.0    0.0   7.85  156.4 1227.4  inf 210 210
2019-02-01T02_42_42 11801  3.99    0.0    0.0   7.85  156.4 1227.4  inf 210 210
2019-02-01T02_42_45 11802  3.99    0.0    0.0   7.82  208.0 1625.7  inf 210 210
2019-02-01T02_42_47 11803  4.00    0.0    0.0   7.85  160.0 1255.6  inf 210 210
2019-02-01T02_42_49 11804  4.00    0.0    0.0   7.85  156.4 1227.4  inf 210 210
2019-02-01T02_42_52 11805  4.00    0.0    0.0   7.83  178.0 1394.1  inf 210 210
2019-02-01T02_42_54 11806  3.99    0.0    0.0   7.85  160.4 1258.8  inf 210 210
2019-02-01T02_42_57 11807  4.00    0.0    0.0   7.83  182.0 1425.4  inf 210 210
2019-02-01T02_42_59 11808  4.00    0.0    0.0   7.85  156.8 1230.5  inf 210 210
2019-02-01T02_43_02 11809  4.00    0.0    0.0   7.84  174.4 1367.3  inf 210 210
2019-02-01T02_43_04 11810  4.00    0.0    0.0   7.85  156.8 1230.5  inf 210 210
2019-02-01T02_43_07 11811  3.98    0.0    0.0   7.83  180.8 1416.0  inf 210 210
2019-02-01T02_43_09 11812  3.98    0.0    0.0   7.85  156.4 1227.4  inf 210 210
2019-02-01T02_43_12 11813  3.98    0.0    0.0   7.85  158.4 1243.1  inf 210 210
2019-02-01T02_43_14 11814  3.98    0.0    0.0   7.85  160.8 1261.9  inf 210 210
2019-02-01T02_43_16 11815  3.98    0.0    0.0   7.83  176.0 1378.4  inf 210 210