2019-01-30T23_51_20 1610 11.04  212.8 2349.3   8.22    0.0    0.0  0.00 200 200
2019-01-30T23_51_23 1611 11.04  213.2 2353.7   8.22    0.0    0.0  0.00 200 200
2019-01-30T23_51_25 1612 11.04  213.2 2353.7   8.22    0.0    0.0  0.00 200 200
2019-01-30T23_51_28 1613 11.04  213.2 2353.7   8.22    0.0    0.0  0.00 200 200
2019-01-30T23_51_30 1614 11.04  213.2 2353.7   8.22    0.0    0.0  0.00 200 200
2019-01-30T23_51_33 1615 11.04  213.2 2353.7   8.22    0.0    0.0  0.00 200 200
2019-01-30T23_51_35 1616 11.04  213.2 2353.7   8.22    0.0    0.0  0.00 200 200
2019-01-30T23_51_38 1617 11.04  213.2 2353.7   8.22    0.0    0.0  0.00 200 200
2019-01-30T23_51_40 1618 11.04  214.0 2362.5   8.22    0.0    0.0  0.00 200 200
2019-01-30T23_51_43 1619 11.04  213.2 2353.7   8.22    0.0    0.0  0.00 200 200
2019-01-30T23_51_45 1620 11.04  212.8 2349.3   8.22    0.0    0.0  0.00 200 200
2019-01-30T23_51_47 1621 11.04  212.8 2349.3   8.22    0.0    0.0  0.00 200 200
2019-01-30T23_51_50 1622 11.04  212.8 2349.3   8.22    0.0    0.0  0.00 200 200
2019-01-30T23_51_52 1623 11.04  212.8 2349.3   8.22    0.0    0.0  0.00 200 200
2019-01-30T23_51_55 1624 11.04  212.8 2349.3   8.22    0.0    0.0  0.00 200 200
2019-01-30T23_51_57 1625 11.04  212.8 2349.3   8.22    0.0    0.0  0.00 200 200
2019-01-30T23_52_00 1626 11.04  213.2 2353.7   8.22    0.0    0.0  0.00 200 200
2019-01-30T23_52_02 1627 11.04  212.8 2349.3   8.22    0.0    0.0  0.00 200 200
2019-01-30T23_52_05 1628 11.04  212.8 2349.3   8.22    0.0    0.0  0.00 200 200
2019-01-30T23_52_07 1629 11.04  213.6 2358.1   8.22    0.0    0.0  0.00 200 200
2019-01-30T23_52_10 1630 11.04  213.2 2353.7   8.22    0.0    0.0  0.00 200 200
2019-01-30T23_52_12 1631 11.04  212.8 2349.3   8.22    0.0    0.0  0.00 200 200
2019-01-30T23_52_15 1632 11.04  213.2 2353.7   8.22    0.0    0.0  0.00 200 200
2019-01-30T23_52_17 1633 11.04  213.2 2353.7   8.22    0.0    0.0  0.00 200 200
2019-01-30T23_52_19 1634 11.04  213.2 2353.7   8.22    0.0    0.0  0.00 200 200
2019-01-30T23_52_22 1635 11.04  213.2 2353.7   8.22    0.0    0.0  0.00 200 200
2019-01-30T23_52_24 1636 11.04  213.2 2353.7   8.22    0.0    0.0  0.00 200 200
2019-01-30T23_52_27 1637 11.04  213.2 2353.7   8.22    0.0    0.0  0.00 200 200
2019-01-30T23_52_29 1638 11.04  213.2 2353.7   8.22    0.0    0.0  0.00 200 200
2019-01-30T23_52_32 1639 11.04  213.2 2353.7   8.22    0.0    0.0  0.00 200 200
2019-01-30T23_52_34 1640 11.04  213.6 2358.1   8.22    0.0    0.0  0.00 200 200
2019-01-30T23_52_37 1641 11.04  213.2 2353.7   8.22    0.0    0.0  0.00 200 200
2019-01-30T23_52_39 1642 11.04  213.6 2358.1   8.22    0.0    0.0  0.00 200 200
2019-01-30T23_52_42 1643 11.04  213.2 2353.7   8.22    0.0    0.0  0.00 200 200
2019-01-30T23_52_44 1644 11.04  213.2 2353.7   8.22    0.0    0.0  0.00 200 200
2019-01-30T23_52_46 1645 11.04  212.8 2349.3   8.22    0.0    0.0  0.00 200 200
2019-01-30T23_52_49 1646 11.04  213.2 2353.7   8.22    0.0    0.0  0.00 200 200
2019-01-30T23_52_51 1647 11.04  213.2 2353.7   8.22    0.0    0.0  0.00 200 200
2019-01-30T23_52_54 1648 11.04  214.0 2362.5   8.22    0.0    0.0  0.00 200 200
2019-01-30T23_52_56 1649 11.04  212.8 2349.3   8.22    0.0    0.0  0.00 200 200
2019-01-30T23_52_59 1650 11.04  212.8 2349.3   8.22    0.0    0.0  0.00 200 200
2019-01-30T23_53_01 1651 11.04  213.2 2353.7   8.22    0.0    0.0  0.00 200 200
2019-01-30T23_53_04 1652 11.04  212.8 2349.3   8.22    0.0    0.0  0.00 200 200
2019-01-30T23_53_06 1653 11.04  212.8 2349.3   8.22    0.0    0.0  0.00 200 200
2019-01-30T23_53_09 1654 11.04  214.4 2366.9   8.22    0.0    0.0  0.00 200 200
2019-01-30T23_53_11 1655 11.04  213.2 2353.7   8.22    0.0    0.0  0.00 200 200
2019-01-30T23_53_14 1656 11.04  213.2 2353.7   8.22    0.0    0.0  0.00 200 200
2019-01-30T23_53_16 1657 11.04  213.2 2353.7   8.22    0.0    0.0  0.00 200 200
2019-01-30T23_53_18 1658 11.04  213.2 2353.7   8.22    0.0    0.0  0.00 200 200
2019-01-30T23_53_21 1659 11.04  213.2 2353.7   8.22    0.0    0.0  0.00 200 200
2019-01-30T23_53_23 1660 11.04  213.2 2353.7   8.22    0.0    0.0  0.00 200 200