2019-01-30T23_40_53 1355 11.04  212.8 2349.3   8.22    0.0    0.0  0.00 200 200
2019-01-30T23_40_56 1356 11.04  212.8 2349.3   8.22    0.0    0.0  0.00 200 200
2019-01-30T23_40_58 1357 11.04  212.8 2349.3   8.22    0.0    0.0  0.00 200 200
2019-01-30T23_41_01 1358 11.04  213.2 2353.7   8.22    0.0    0.0  0.00 200 200
2019-01-30T23_41_03 1359 11.04  213.2 2353.7   8.22    0.0    0.0  0.00 200 200
2019-01-30T23_41_06 1360 11.04  213.2 2353.7   8.22    0.0    0.0  0.00 200 200
2019-01-30T23_41_08 1361 11.04  216.4 2389.0   8.21    0.0    0.0  0.00 200 200
2019-01-30T23_41_11 1362 11.04  212.8 2349.3   8.22    0.0    0.0  0.00 200 200
2019-01-30T23_41_13 1363 11.04  213.2 2353.7   8.22    0.0    0.0  0.00 200 200
2019-01-30T23_41_16 1364 11.04  213.2 2353.7   8.22    0.0    0.0  0.00 200 200
2019-01-30T23_41_18 1365 11.04  213.2 2353.7   8.22    0.0    0.0  0.00 200 200
2019-01-30T23_41_20 1366 11.04  213.2 2353.7   8.22    0.0    0.0  0.00 200 200
2019-01-30T23_41_23 1367 11.04  213.6 2358.1   8.22    0.0    0.0  0.00 200 200
2019-01-30T23_41_25 1368 11.04  213.2 2353.7   8.22    0.0    0.0  0.00 200 200
2019-01-30T23_41_28 1369 11.04  213.2 2353.7   8.22    0.0    0.0  0.00 200 200
2019-01-30T23_41_30 1370 11.04  213.2 2353.7   8.22    0.0    0.0  0.00 200 200
2019-01-30T23_41_33 1371 11.04  213.2 2353.7   8.22    0.0    0.0  0.00 200 200
2019-01-30T23_41_35 1372 11.04  213.2 2353.7   8.22    0.0    0.0  0.00 200 200
2019-01-30T23_41_38 1373 11.04  213.2 2353.7   8.22    0.0    0.0  0.00 200 200
2019-01-30T23_41_40 1374 11.04  213.2 2353.7   8.22    0.0    0.0  0.00 200 200
2019-01-30T23_41_43 1375 11.04  214.0 2362.5   8.22    0.0    0.0  0.00 200 200
2019-01-30T23_41_45 1376 11.04  212.8 2349.3   8.22    0.0    0.0  0.00 200 200
2019-01-30T23_41_48 1377 11.04  212.8 2349.3   8.22    0.0    0.0  0.00 200 200
2019-01-30T23_41_50 1378 11.04  212.8 2349.3   8.22    0.0    0.0  0.00 200 200
2019-01-30T23_41_52 1379 11.04  212.8 2349.3   8.22    0.0    0.0  0.00 200 200
2019-01-30T23_41_55 1380 11.04  212.8 2349.3   8.22    0.0    0.0  0.00 200 200
2019-01-30T23_41_57 1381 11.04  212.4 2344.9   8.22    0.0    0.0  0.00 200 200
2019-01-30T23_42_00 1382 11.04  212.8 2349.3   8.22    0.0    0.0  0.00 200 200
2019-01-30T23_42_02 1383 11.04  212.8 2349.3   8.22    0.0    0.0  0.00 200 200
2019-01-30T23_42_05 1384 11.04  212.4 2344.9   8.22    0.0    0.0  0.00 200 200
2019-01-30T23_42_07 1385 11.04  212.4 2344.9   8.22    0.0    0.0  0.00 200 200
2019-01-30T23_42_10 1386 11.04  213.6 2358.1   8.22    0.0    0.0  0.00 200 200
2019-01-30T23_42_12 1387 11.04  212.8 2349.3   8.22    0.0    0.0  0.00 200 200
2019-01-30T23_42_15 1388 11.04  212.8 2349.3   8.22    0.0    0.0  0.00 200 200
2019-01-30T23_42_17 1389 11.04  212.8 2349.3   8.22    0.0    0.0  0.00 200 200
2019-01-30T23_42_20 1390 11.04  212.8 2349.3   8.22    0.0    0.0  0.00 200 200
2019-01-30T23_42_22 1391 11.04  212.4 2344.9   8.22    0.0    0.0  0.00 200 200
2019-01-30T23_42_24 1392 11.04  212.4 2344.9   8.22    0.0    0.0  0.00 200 200
2019-01-30T23_42_27 1393 11.04  212.8 2349.3   8.22    0.0    0.0  0.00 200 200
2019-01-30T23_42_29 1394 11.04  212.8 2349.3   8.22    0.0    0.0  0.00 200 200
2019-01-30T23_42_32 1395 11.04  212.4 2344.9   8.22    0.0    0.0  0.00 200 200
2019-01-30T23_42_34 1396 11.04  212.4 2344.9   8.22    0.0    0.0  0.00 200 200
2019-01-30T23_42_37 1397 11.04  213.2 2353.7   8.22    0.0    0.0  0.00 200 200
2019-01-30T23_42_39 1398 11.04  212.8 2349.3   8.22    0.0    0.0  0.00 200 200
2019-01-30T23_42_42 1399 11.04  212.8 2349.3   8.22    0.0    0.0  0.00 200 200
2019-01-30T23_42_44 1400 11.04  212.8 2349.3   8.22    0.0    0.0  0.00 200 200
2019-01-30T23_42_47 1401 11.04  212.8 2349.3   8.22    0.0    0.0  0.00 200 200
2019-01-30T23_42_49 1402 11.04  212.8 2349.3   8.22    0.0    0.0  0.00 200 200
2019-01-30T23_42_51 1403 11.04  212.8 2349.3   8.22    0.0    0.0  0.00 200 200
2019-01-30T23_42_54 1404 11.04  212.8 2349.3   8.22    0.0    0.0  0.00 200 200
2019-01-30T23_42_56 1405 11.04  212.8 2349.3   8.22    0.0    0.0  0.00 200 200