2019-01-30T23_15_49 743 11.05  212.0 2342.1   8.22    0.0    0.0  0.00 200 200
2019-01-30T23_15_51 744 11.05  212.4 2346.6   8.22    0.0    0.0  0.00 200 200
2019-01-30T23_15_54 745 11.05  212.4 2346.6   8.22    0.0    0.0  0.00 200 200
2019-01-30T23_15_56 746 11.04  212.4 2344.9   8.22    0.0    0.0  0.00 200 200
2019-01-30T23_15_59 747 11.05  212.4 2346.6   8.22    0.0    0.0  0.00 200 200
2019-01-30T23_16_01 748 11.05  212.8 2351.0   8.22    0.0    0.0  0.00 200 200
2019-01-30T23_16_04 749 11.05  212.4 2346.6   8.22    0.0    0.0  0.00 200 200
2019-01-30T23_16_06 750 11.05  212.4 2346.6   8.22    0.0    0.0  0.00 200 200
2019-01-30T23_16_09 751 11.04  212.8 2349.3   8.22    0.0    0.0  0.00 200 200
2019-01-30T23_16_11 752 11.05  212.4 2346.6   8.22    0.0    0.0  0.00 200 200
2019-01-30T23_16_14 753 11.05  212.0 2342.1   8.22    0.0    0.0  0.00 200 200
2019-01-30T23_16_16 754 11.05  212.0 2342.1   8.22    0.0    0.0  0.00 200 200
2019-01-30T23_16_18 755 11.05  212.0 2342.1   8.22    0.0    0.0  0.00 200 200
2019-01-30T23_16_21 756 11.05  212.0 2342.1   8.22    0.0    0.0  0.00 200 200
2019-01-30T23_16_23 757 11.05  212.4 2346.6   8.22    0.0    0.0  0.00 200 200
2019-01-30T23_16_26 758 11.04  212.0 2340.4   8.22    0.0    0.0  0.00 200 200
2019-01-30T23_16_28 759 11.05  212.0 2342.1   8.22    0.0    0.0  0.00 200 200
2019-01-30T23_16_31 760 11.05  212.0 2342.1   8.22    0.0    0.0  0.00 200 200
2019-01-30T23_16_33 761 11.05  212.0 2342.1   8.22    0.0    0.0  0.00 200 200
2019-01-30T23_16_36 762 11.04  212.4 2344.9   8.22    0.0    0.0  0.00 200 200
2019-01-30T23_16_38 763 11.05  212.0 2342.1   8.22    0.0    0.0  0.00 200 200
2019-01-30T23_16_41 764 11.05  212.0 2342.1   8.22    0.0    0.0  0.00 200 200
2019-01-30T23_16_43 765 11.05  212.0 2342.1   8.22    0.0    0.0  0.00 200 200
2019-01-30T23_16_45 766 11.05  212.0 2342.1   8.22    0.0    0.0  0.00 200 200
2019-01-30T23_16_48 767 11.05  212.0 2342.1   8.22    0.0    0.0  0.00 200 200
2019-01-30T23_16_50 768 11.05  212.0 2342.1   8.22    0.0    0.0  0.00 200 200
2019-01-30T23_16_53 769 11.05  212.0 2342.1   8.22    0.0    0.0  0.00 200 200
2019-01-30T23_16_55 770 11.05  212.4 2346.6   8.22    0.0    0.0  0.00 200 200
2019-01-30T23_16_58 771 11.05  212.0 2342.1   8.22    0.0    0.0  0.00 200 200
2019-01-30T23_17_00 772 11.05  212.0 2342.1   8.22    0.0    0.0  0.00 200 200
2019-01-30T23_17_03 773 11.04  212.4 2344.9   8.22    0.0    0.0  0.00 200 200
2019-01-30T23_17_05 774 11.05  212.0 2342.1   8.22    0.0    0.0  0.00 200 200
2019-01-30T23_17_08 775 11.05  212.0 2342.1   8.22    0.0    0.0  0.00 200 200
2019-01-30T23_17_10 776 11.05  212.0 2342.1   8.22    0.0    0.0  0.00 200 200
2019-01-30T23_17_13 777 11.05  212.0 2342.1   8.22    0.0    0.0  0.00 200 200
2019-01-30T23_17_15 778 11.05  212.0 2342.1   8.22    0.0    0.0  0.00 200 200
2019-01-30T23_17_17 779 11.05  212.0 2342.1   8.22    0.0    0.0  0.00 200 200
2019-01-30T23_17_20 780 11.05  212.0 2342.1   8.22    0.0    0.0  0.00 200 200
2019-01-30T23_17_22 781 11.05  212.0 2342.1   8.22    0.0    0.0  0.00 200 200
2019-01-30T23_17_25 782 11.05  212.0 2342.1   8.22    0.0    0.0  0.00 200 200
2019-01-30T23_17_27 783 11.05  212.0 2342.1   8.22    0.0    0.0  0.00 200 200
2019-01-30T23_17_30 784 11.04  212.4 2344.9   8.22    0.0    0.0  0.00 200 200
2019-01-30T23_17_32 785 11.05  212.0 2342.1   8.22    0.0    0.0  0.00 200 200
2019-01-30T23_17_35 786 11.05  212.0 2342.1   8.22    0.0    0.0  0.00 200 200
2019-01-30T23_17_37 787 11.04  213.6 2358.1   8.22    0.0    0.0  0.00 200 200
2019-01-30T23_17_40 788 11.05  212.0 2342.1   8.22    0.0    0.0  0.00 200 200
2019-01-30T23_17_42 789 11.05  211.6 2337.7   8.22    0.0    0.0  0.00 200 200
2019-01-30T23_17_44 790 11.04  213.2 2353.7   8.22    0.0    0.0  0.00 200 200
2019-01-30T23_17_47 791 11.05  211.6 2337.7   8.22    0.0    0.0  0.00 200 200
2019-01-30T23_17_49 792 11.05  212.0 2342.1   8.22    0.0    0.0  0.00 200 200
2019-01-30T23_17_52 793 11.05  212.0 2342.1   8.22    0.0    0.0  0.00 200 200