2019-01-30T23_57_37 1763 11.04  213.2 2353.7   8.22    0.0    0.0  0.00 200 200
2019-01-30T23_57_39 1764 11.04  213.2 2353.7   8.22    0.0    0.0  0.00 200 200
2019-01-30T23_57_42 1765 11.04  213.2 2353.7   8.22    0.0    0.0  0.00 200 200
2019-01-30T23_57_44 1766 11.04  213.2 2353.7   8.22    0.0    0.0  0.00 200 200
2019-01-30T23_57_46 1767 11.04  213.6 2358.1   8.22    0.0    0.0  0.00 200 200
2019-01-30T23_57_49 1768 11.04  212.8 2349.3   8.22    0.0    0.0  0.00 200 200
2019-01-30T23_57_51 1769 11.04  212.8 2349.3   8.22    0.0    0.0  0.00 200 200
2019-01-30T23_57_54 1770 11.04  214.0 2362.5   8.22    0.0    0.0  0.00 200 200
2019-01-30T23_57_56 1771 11.04  212.8 2349.3   8.22    0.0    0.0  0.00 200 200
2019-01-30T23_57_59 1772 11.04  212.8 2349.3   8.22    0.0    0.0  0.00 200 200
2019-01-30T23_58_01 1773 11.04  212.8 2349.3   8.22    0.0    0.0  0.00 200 200
2019-01-30T23_58_04 1774 11.04  212.8 2349.3   8.22    0.0    0.0  0.00 200 200
2019-01-30T23_58_06 1775 11.04  212.8 2349.3   8.22    0.0    0.0  0.00 200 200
2019-01-30T23_58_09 1776 11.04  212.8 2349.3   8.22    0.0    0.0  0.00 200 200
2019-01-30T23_58_11 1777 11.04  212.8 2349.3   8.22    0.0    0.0  0.00 200 200
2019-01-30T23_58_13 1778 11.04  212.8 2349.3   8.22    0.0    0.0  0.00 200 200
2019-01-30T23_58_16 1779 11.04  212.4 2344.9   8.22    0.0    0.0  0.00 200 200
2019-01-30T23_58_18 1780 11.04  212.8 2349.3   8.22    0.0    0.0  0.00 200 200
2019-01-30T23_58_21 1781 11.04  213.6 2358.1   8.22    0.0    0.0  0.00 200 200
2019-01-30T23_58_23 1782 11.04  212.8 2349.3   8.22    0.0    0.0  0.00 200 200
2019-01-30T23_58_26 1783 11.04  212.8 2349.3   8.22    0.0    0.0  0.00 200 200
2019-01-30T23_58_28 1784 11.04  212.8 2349.3   8.22    0.0    0.0  0.00 200 200
2019-01-30T23_58_31 1785 11.04  212.8 2349.3   8.22    0.0    0.0  0.00 200 200
2019-01-30T23_58_33 1786 11.04  212.8 2349.3   8.22    0.0    0.0  0.00 200 200
2019-01-30T23_58_36 1787 11.04  212.4 2344.9   8.22    0.0    0.0  0.00 200 200
2019-01-30T23_58_38 1788 11.04  212.8 2349.3   8.22    0.0    0.0  0.00 200 200
2019-01-30T23_58_41 1789 11.04  212.8 2349.3   8.22    0.0    0.0  0.00 200 200
2019-01-30T23_58_43 1790 11.04  212.4 2344.9   8.22    0.0    0.0  0.00 200 200
2019-01-30T23_58_45 1791 11.04  212.8 2349.3   8.22    0.0    0.0  0.00 200 200
2019-01-30T23_58_48 1792 11.04  213.2 2353.7   8.22    0.0    0.0  0.00 200 200
2019-01-30T23_58_50 1793 11.04  212.4 2344.9   8.22    0.0    0.0  0.00 200 200
2019-01-30T23_58_53 1794 11.04  212.8 2349.3   8.22    0.0    0.0  0.00 200 200
2019-01-30T23_58_55 1795 11.04  212.4 2344.9   8.22    0.0    0.0  0.00 200 200
2019-01-30T23_58_58 1796 11.04  212.4 2344.9   8.22    0.0    0.0  0.00 200 200
2019-01-30T23_59_00 1797 11.04  212.4 2344.9   8.22    0.0    0.0  0.00 200 200
2019-01-30T23_59_03 1798 11.04  212.4 2344.9   8.22    0.0    0.0  0.00 200 200
2019-01-30T23_59_05 1799 11.04  212.4 2344.9   8.22    0.0    0.0  0.00 200 200
2019-01-30T23_59_08 1800 11.04  212.8 2349.3   8.22    0.0    0.0  0.00 200 200
2019-01-30T23_59_10 1801 11.04  212.4 2344.9   8.22    0.0    0.0  0.00 200 200
2019-01-30T23_59_13 1802 11.04  212.8 2349.3   8.22    0.0    0.0  0.00 200 200
2019-01-30T23_59_15 1803 11.04  212.8 2349.3   8.22    0.0    0.0  0.00 200 200
2019-01-30T23_59_17 1804 11.04  212.4 2344.9   8.22    0.0    0.0  0.00 200 200
2019-01-30T23_59_20 1805 11.04  212.8 2349.3   8.22    0.0    0.0  0.00 200 200
2019-01-30T23_59_22 1806 11.04  212.4 2344.9   8.22    0.0    0.0  0.00 200 200
2019-01-30T23_59_25 1807 11.04  212.8 2349.3   8.22    0.0    0.0  0.00 200 200
2019-01-30T23_59_27 1808 11.04  212.4 2344.9   8.22    0.0    0.0  0.00 200 200
2019-01-30T23_59_30 1809 11.04  212.4 2344.9   8.22    0.0    0.0  0.00 200 200
2019-01-30T23_59_32 1810 11.04  212.4 2344.9   8.22    0.0    0.0  0.00 200 200
2019-01-30T23_59_35 1811 11.04  212.8 2349.3   8.22    0.0    0.0  0.00 200 200
2019-01-30T23_59_37 1812 11.04  212.4 2344.9   8.22    0.0    0.0  0.00 200 200
2019-01-30T23_59_40 1813 11.04  212.8 2349.3   8.22    0.0    0.0  0.00 200 200