2019-01-30T23_32_32 1151 11.04  213.6 2358.1   8.22    0.0    0.0  0.00 200 200
2019-01-30T23_32_34 1152 11.04  213.2 2353.7   8.22    0.0    0.0  0.00 200 200
2019-01-30T23_32_37 1153 11.04  213.2 2353.7   8.22    0.0    0.0  0.00 200 200
2019-01-30T23_32_39 1154 11.04  214.4 2366.9   8.22    0.0    0.0  0.00 200 200
2019-01-30T23_32_42 1155 11.04  213.2 2353.7   8.22    0.0    0.0  0.00 200 200
2019-01-30T23_32_44 1156 11.04  213.2 2353.7   8.22    0.0    0.0  0.00 200 200
2019-01-30T23_32_47 1157 11.04  213.2 2353.7   8.22    0.0    0.0  0.00 200 200
2019-01-30T23_32_49 1158 11.04  213.2 2353.7   8.22    0.0    0.0  0.00 200 200
2019-01-30T23_32_52 1159 11.04  213.6 2358.1   8.22    0.0    0.0  0.00 200 200
2019-01-30T23_32_54 1160 11.04  213.2 2353.7   8.22    0.0    0.0  0.00 200 200
2019-01-30T23_32_56 1161 11.04  213.2 2353.7   8.22    0.0    0.0  0.00 200 200
2019-01-30T23_32_59 1162 11.04  213.6 2358.1   8.22    0.0    0.0  0.00 200 200
2019-01-30T23_33_01 1163 11.04  213.2 2353.7   8.22    0.0    0.0  0.00 200 200
2019-01-30T23_33_04 1164 11.04  213.2 2353.7   8.22    0.0    0.0  0.00 200 200
2019-01-30T23_33_06 1165 11.04  214.8 2371.3   8.22    0.0    0.0  0.00 200 200
2019-01-30T23_33_09 1166 11.04  213.2 2353.7   8.22    0.0    0.0  0.00 200 200
2019-01-30T23_33_11 1167 11.04  213.2 2353.7   8.22    0.0    0.0  0.00 200 200
2019-01-30T23_33_14 1168 11.04  213.2 2353.7   8.22    0.0    0.0  0.00 200 200
2019-01-30T23_33_16 1169 11.04  213.6 2358.1   8.22    0.0    0.0  0.00 200 200
2019-01-30T23_33_19 1170 11.04  213.2 2353.7   8.22    0.0    0.0  0.00 200 200
2019-01-30T23_33_21 1171 11.04  213.6 2358.1   8.22    0.0    0.0  0.00 200 200
2019-01-30T23_33_23 1172 11.04  213.6 2358.1   8.22    0.0    0.0  0.00 200 200
2019-01-30T23_33_26 1173 11.04  214.0 2362.5   8.22    0.0    0.0  0.00 200 200
2019-01-30T23_33_28 1174 11.04  213.6 2358.1   8.22    0.0    0.0  0.00 200 200
2019-01-30T23_33_31 1175 11.04  213.6 2358.1   8.22    0.0    0.0  0.00 200 200
2019-01-30T23_33_33 1176 11.04  214.4 2366.9   8.22    0.0    0.0  0.00 200 200
2019-01-30T23_33_36 1177 11.04  213.2 2353.7   8.22    0.0    0.0  0.00 200 200
2019-01-30T23_33_38 1178 11.04  213.2 2353.7   8.22    0.0    0.0  0.00 200 200
2019-01-30T23_33_41 1179 11.04  213.2 2353.7   8.22    0.0    0.0  0.00 200 200
2019-01-30T23_33_43 1180 11.04  213.2 2353.7   8.22    0.0    0.0  0.00 200 200
2019-01-30T23_33_46 1181 11.04  213.2 2353.7   8.22    0.0    0.0  0.00 200 200
2019-01-30T23_33_48 1182 11.04  213.2 2353.7   8.22    0.0    0.0  0.00 200 200
2019-01-30T23_33_51 1183 11.04  213.2 2353.7   8.22    0.0    0.0  0.00 200 200
2019-01-30T23_33_53 1184 11.04  213.6 2358.1   8.22    0.0    0.0  0.00 200 200
2019-01-30T23_33_55 1185 11.04  213.2 2353.7   8.22    0.0    0.0  0.00 200 200
2019-01-30T23_33_58 1186 11.04  212.8 2349.3   8.22    0.0    0.0  0.00 200 200
2019-01-30T23_34_00 1187 11.04  213.2 2353.7   8.22    0.0    0.0  0.00 200 200
2019-01-30T23_34_03 1188 11.04  212.8 2349.3   8.22    0.0    0.0  0.00 200 200
2019-01-30T23_34_05 1189 11.04  212.8 2349.3   8.22    0.0    0.0  0.00 200 200
2019-01-30T23_34_08 1190 11.04  212.8 2349.3   8.22    0.0    0.0  0.00 200 200
2019-01-30T23_34_10 1191 11.04  212.8 2349.3   8.22    0.0    0.0  0.00 200 200
2019-01-30T23_34_13 1192 11.04  212.8 2349.3   8.22    0.0    0.0  0.00 200 200
2019-01-30T23_34_15 1193 11.04  212.8 2349.3   8.22    0.0    0.0  0.00 200 200
2019-01-30T23_34_18 1194 11.04  213.2 2353.7   8.22    0.0    0.0  0.00 200 200
2019-01-30T23_34_20 1195 11.04  213.2 2353.7   8.22    0.0    0.0  0.00 200 200
2019-01-30T23_34_23 1196 11.04  213.2 2353.7   8.22    0.0    0.0  0.00 200 200
2019-01-30T23_34_25 1197 11.04  212.8 2349.3   8.22    0.0    0.0  0.00 200 200
2019-01-30T23_34_27 1198 11.04  213.6 2358.1   8.22    0.0    0.0  0.00 200 200
2019-01-30T23_34_30 1199 11.04  212.8 2349.3   8.22    0.0    0.0  0.00 200 200
2019-01-30T23_34_32 1200 11.04  212.8 2349.3   8.22    0.0    0.0  0.00 200 200
2019-01-30T23_34_35 1201 11.04  213.6 2358.1   8.22    0.0    0.0  0.00 200 200