2019-01-30T01_33_23 1826 11.03  211.6 2334.3   8.21    0.0    0.0  0.00 200 200
2019-01-30T01_33_25 1827 11.03  212.0 2338.7   8.21    0.0    0.0  0.00 200 200
2019-01-30T01_33_28 1828 11.03  211.6 2334.3   8.21    0.0    0.0  0.00 200 200
2019-01-30T01_33_30 1829 11.03  211.6 2334.3   8.21    0.0    0.0  0.00 200 200
2019-01-30T01_33_33 1830 11.03  212.4 2343.2   8.21    0.0    0.0  0.00 200 200
2019-01-30T01_33_35 1831 11.03  211.6 2334.3   8.21    0.0    0.0  0.00 200 200
2019-01-30T01_33_38 1832 11.03  212.0 2338.7   8.21    0.0    0.0  0.00 200 200
2019-01-30T01_33_40 1833 11.03  211.6 2334.3   8.21    0.0    0.0  0.00 200 200
2019-01-30T01_33_43 1834 11.03  211.6 2334.3   8.21    0.0    0.0  0.00 200 200
2019-01-30T01_33_45 1835 11.03  212.0 2338.7   8.21    0.0    0.0  0.00 200 200
2019-01-30T01_33_48 1836 11.03  211.6 2334.3   8.21    0.0    0.0  0.00 200 200
2019-01-30T01_33_50 1837 11.03  211.6 2334.3   8.21    0.0    0.0  0.00 200 200
2019-01-30T01_33_52 1838 11.03  212.0 2338.7   8.21    0.0    0.0  0.00 200 200
2019-01-30T01_33_55 1839 11.03  211.6 2334.3   8.21    0.0    0.0  0.00 200 200
2019-01-30T01_33_57 1840 11.03  211.6 2334.3   8.21    0.0    0.0  0.00 200 200
2019-01-30T01_34_00 1841 11.03  212.4 2343.2   8.21    0.0    0.0  0.00 200 200
2019-01-30T01_34_02 1842 11.03  212.0 2338.7   8.21    0.0    0.0  0.00 200 200
2019-01-30T01_34_05 1843 11.03  211.6 2334.3   8.21    0.0    0.0  0.00 200 200
2019-01-30T01_34_07 1844 11.03  211.6 2334.3   8.21    0.0    0.0  0.00 200 200
2019-01-30T01_34_10 1845 11.03  211.6 2334.3   8.21    0.0    0.0  0.00 200 200
2019-01-30T01_34_12 1846 11.03  211.6 2334.3   8.21    0.0    0.0  0.00 200 200
2019-01-30T01_34_15 1847 11.03  211.6 2334.3   8.21    0.0    0.0  0.00 200 200
2019-01-30T01_34_17 1848 11.03  211.6 2334.3   8.21    0.0    0.0  0.00 200 200
2019-01-30T01_34_19 1849 11.03  212.0 2338.7   8.21    0.0    0.0  0.00 200 200
2019-01-30T01_34_22 1850 11.03  211.6 2334.3   8.21    0.0    0.0  0.00 200 200
2019-01-30T01_34_24 1851 11.03  211.6 2334.3   8.21    0.0    0.0  0.00 200 200
2019-01-30T01_34_27 1852 11.03  212.0 2338.7   8.21    0.0    0.0  0.00 200 200
2019-01-30T01_34_29 1853 11.03  211.6 2334.3   8.21    0.0    0.0  0.00 200 200
2019-01-30T01_34_32 1854 11.03  211.6 2334.3   8.21    0.0    0.0  0.00 200 200
2019-01-30T01_34_34 1855 11.03  212.4 2343.2   8.21    0.0    0.0  0.00 200 200
2019-01-30T01_34_37 1856 11.03  211.6 2334.3   8.21    0.0    0.0  0.00 200 200
2019-01-30T01_34_39 1857 11.03  211.6 2334.3   8.21    0.0    0.0  0.00 200 200
2019-01-30T01_34_42 1858 11.03  211.6 2334.3   8.21    0.0    0.0  0.00 200 200
2019-01-30T01_34_44 1859 11.03  211.6 2334.3   8.21    0.0    0.0  0.00 200 200
2019-01-30T01_34_47 1860 11.03  211.6 2334.3   8.21    0.0    0.0  0.00 200 200
2019-01-30T01_34_49 1861 11.03  211.6 2334.3   8.21    0.0    0.0  0.00 200 200
2019-01-30T01_34_51 1862 11.03  211.6 2334.3   8.21    0.0    0.0  0.00 200 200
2019-01-30T01_34_54 1863 11.03  212.0 2338.7   8.21    0.0    0.0  0.00 200 200
2019-01-30T01_34_56 1864 11.03  211.6 2334.3   8.21    0.0    0.0  0.00 200 200
2019-01-30T01_34_59 1865 11.03  211.6 2334.3   8.21    0.0    0.0  0.00 200 200
2019-01-30T01_35_01 1866 11.03  212.8 2347.6   8.20    0.0    0.0  0.00 200 200
2019-01-30T01_35_04 1867 11.03  211.6 2334.3   8.21    0.0    0.0  0.00 200 200
2019-01-30T01_35_06 1868 11.03  211.6 2334.3   8.21    0.0    0.0  0.00 200 200
2019-01-30T01_35_09 1869 11.03  211.6 2334.3   8.21    0.0    0.0  0.00 200 200
2019-01-30T01_35_11 1870 11.03  211.6 2334.3   8.21    0.0    0.0  0.00 200 200
2019-01-30T01_35_14 1871 11.03  211.6 2334.3   8.21    0.0    0.0  0.00 200 200
2019-01-30T01_35_16 1872 11.03  211.6 2334.3   8.21    0.0    0.0  0.00 200 200
2019-01-30T01_35_18 1873 11.03  211.6 2334.3   8.21    0.0    0.0  0.00 200 200
2019-01-30T01_35_21 1874 11.03  211.6 2334.3   8.21    0.0    0.0  0.00 200 200
2019-01-30T01_35_23 1875 11.03  211.6 2334.3   8.21    0.0    0.0  0.00 200 200
2019-01-30T01_35_26 1876 11.03  211.6 2334.3   8.21    0.0    0.0  0.00 200 200