2019-01-30T23_11_38 641 11.05  212.4 2346.6   8.22    0.0    0.0  0.00 200 200
2019-01-30T23_11_41 642 11.05  212.4 2346.6   8.22    0.0    0.0  0.00 200 200
2019-01-30T23_11_43 643 11.05  212.4 2346.6   8.22    0.0    0.0  0.00 200 200
2019-01-30T23_11_46 644 11.05  212.4 2346.6   8.22    0.0    0.0  0.00 200 200
2019-01-30T23_11_48 645 11.05  212.0 2342.1   8.22    0.0    0.0  0.00 200 200
2019-01-30T23_11_51 646 11.05  212.4 2346.6   8.22    0.0    0.0  0.00 200 200
2019-01-30T23_11_53 647 11.05  212.4 2346.6   8.22    0.0    0.0  0.00 200 200
2019-01-30T23_11_55 648 11.05  212.4 2346.6   8.22    0.0    0.0  0.00 200 200
2019-01-30T23_11_58 649 11.04  212.8 2349.3   8.22    0.0    0.0  0.00 200 200
2019-01-30T23_12_00 650 11.05  212.4 2346.6   8.22    0.0    0.0  0.00 200 200
2019-01-30T23_12_03 651 11.05  212.4 2346.6   8.22    0.0    0.0  0.00 200 200
2019-01-30T23_12_05 652 11.05  212.4 2346.6   8.22    0.0    0.0  0.00 200 200
2019-01-30T23_12_08 653 11.05  212.4 2346.6   8.22    0.0    0.0  0.00 200 200
2019-01-30T23_12_10 654 11.05  212.4 2346.6   8.22    0.0    0.0  0.00 200 200
2019-01-30T23_12_13 655 11.05  212.4 2346.6   8.22    0.0    0.0  0.00 200 200
2019-01-30T23_12_15 656 11.05  212.4 2346.6   8.22    0.0    0.0  0.00 200 200
2019-01-30T23_12_18 657 11.05  212.4 2346.6   8.22    0.0    0.0  0.00 200 200
2019-01-30T23_12_20 658 11.05  212.4 2346.6   8.22    0.0    0.0  0.00 200 200
2019-01-30T23_12_23 659 11.05  212.4 2346.6   8.22    0.0    0.0  0.00 200 200
2019-01-30T23_12_25 660 11.05  212.8 2351.0   8.22    0.0    0.0  0.00 200 200
2019-01-30T23_12_27 661 11.05  212.4 2346.6   8.22    0.0    0.0  0.00 200 200
2019-01-30T23_12_30 662 11.05  212.4 2346.6   8.22    0.0    0.0  0.00 200 200
2019-01-30T23_12_32 663 11.05  212.4 2346.6   8.22    0.0    0.0  0.00 200 200
2019-01-30T23_12_35 664 11.05  212.4 2346.6   8.22    0.0    0.0  0.00 200 200
2019-01-30T23_12_37 665 11.05  212.4 2346.6   8.22    0.0    0.0  0.00 200 200
2019-01-30T23_12_40 666 11.05  212.4 2346.6   8.22    0.0    0.0  0.00 200 200
2019-01-30T23_12_42 667 11.05  212.4 2346.6   8.22    0.0    0.0  0.00 200 200
2019-01-30T23_12_45 668 11.05  212.4 2346.6   8.22    0.0    0.0  0.00 200 200
2019-01-30T23_12_47 669 11.05  212.4 2346.6   8.22    0.0    0.0  0.00 200 200
2019-01-30T23_12_50 670 11.05  212.4 2346.6   8.22    0.0    0.0  0.00 200 200
2019-01-30T23_12_52 671 11.05  212.8 2351.0   8.22    0.0    0.0  0.00 200 200
2019-01-30T23_12_54 672 11.05  212.4 2346.6   8.22    0.0    0.0  0.00 200 200
2019-01-30T23_12_57 673 11.05  212.4 2346.6   8.22    0.0    0.0  0.00 200 200
2019-01-30T23_12_59 674 11.05  212.4 2346.6   8.22    0.0    0.0  0.00 200 200
2019-01-30T23_13_02 675 11.05  212.4 2346.6   8.22    0.0    0.0  0.00 200 200
2019-01-30T23_13_04 676 11.05  212.4 2346.6   8.22    0.0    0.0  0.00 200 200
2019-01-30T23_13_07 677 11.05  212.4 2346.6   8.22    0.0    0.0  0.00 200 200
2019-01-30T23_13_09 678 11.05  212.4 2346.6   8.22    0.0    0.0  0.00 200 200
2019-01-30T23_13_12 679 11.05  212.4 2346.6   8.22    0.0    0.0  0.00 200 200
2019-01-30T23_13_14 680 11.05  212.4 2346.6   8.22    0.0    0.0  0.00 200 200
2019-01-30T23_13_17 681 11.05  212.4 2346.6   8.22    0.0    0.0  0.00 200 200
2019-01-30T23_13_19 682 11.04  212.8 2349.3   8.22    0.0    0.0  0.00 200 200
2019-01-30T23_13_21 683 11.05  212.4 2346.6   8.22    0.0    0.0  0.00 200 200
2019-01-30T23_13_24 684 11.05  212.4 2346.6   8.22    0.0    0.0  0.00 200 200
2019-01-30T23_13_26 685 11.05  212.4 2346.6   8.22    0.0    0.0  0.00 200 200
2019-01-30T23_13_29 686 11.05  212.4 2346.6   8.22    0.0    0.0  0.00 200 200
2019-01-30T23_13_31 687 11.04  212.4 2344.9   8.22    0.0    0.0  0.00 200 200
2019-01-30T23_13_34 688 11.05  212.4 2346.6   8.22    0.0    0.0  0.00 200 200
2019-01-30T23_13_36 689 11.05  212.8 2351.0   8.22    0.0    0.0  0.00 200 200
2019-01-30T23_13_39 690 11.05  212.4 2346.6   8.22    0.0    0.0  0.00 200 200
2019-01-30T23_13_41 691 11.05  212.4 2346.6   8.22    0.0    0.0  0.00 200 200