2019-01-30T23_59_42 1814 11.04  212.8 2349.3   8.22    0.0    0.0  0.00 200 200
2019-01-30T23_59_44 1815 11.04  212.8 2349.3   8.22    0.0    0.0  0.00 200 200
2019-01-30T23_59_47 1816 11.04  212.4 2344.9   8.22    0.0    0.0  0.00 200 200
2019-01-30T23_59_49 1817 11.04  214.0 2362.5   8.22    0.0    0.0  0.00 200 200
2019-01-30T23_59_52 1818 11.04  212.4 2344.9   8.22    0.0    0.0  0.00 200 200
2019-01-30T23_59_54 1819 11.04  212.4 2344.9   8.22    0.0    0.0  0.00 200 200
2019-01-30T23_59_57 1820 11.04  212.4 2344.9   8.22    0.0    0.0  0.00 200 200
2019-01-30T23_59_59 1821 11.04  212.4 2344.9   8.22    0.0    0.0  0.00 200 200
2019-02-01T00_00_02 1822 11.04  212.4 2344.9   8.22    0.0    0.0  0.00 200 200
2019-02-01T00_00_04 1823 11.04  212.4 2344.9   8.22    0.0    0.0  0.00 200 200
2019-02-01T00_00_07 1824 11.04  212.4 2344.9   8.22    0.0    0.0  0.00 200 200
2019-02-01T00_00_09 1825 11.04  212.8 2349.3   8.22    0.0    0.0  0.00 200 200
2019-02-01T00_00_12 1826 11.04  212.4 2344.9   8.22    0.0    0.0  0.00 200 200
2019-02-01T00_00_14 1827 11.04  212.4 2344.9   8.22    0.0    0.0  0.00 200 200
2019-02-01T00_00_16 1828 11.04  214.8 2371.3   8.21    0.0    0.0  0.00 200 200
2019-02-01T00_00_19 1829 11.04  212.4 2344.9   8.22    0.0    0.0  0.00 200 200
2019-02-01T00_00_21 1830 11.04  212.4 2344.9   8.22    0.0    0.0  0.00 200 200
2019-02-01T00_00_24 1831 11.04  212.4 2344.9   8.22    0.0    0.0  0.00 200 200
2019-02-01T00_00_26 1832 11.04  212.4 2344.9   8.22    0.0    0.0  0.00 200 200
2019-02-01T00_00_29 1833 11.04  212.4 2344.9   8.22    0.0    0.0  0.00 200 200
2019-02-01T00_00_31 1834 11.04  212.4 2344.9   8.22    0.0    0.0  0.00 200 200
2019-02-01T00_00_34 1835 11.04  212.4 2344.9   8.22    0.0    0.0  0.00 200 200
2019-02-01T00_00_36 1836 11.04  212.4 2344.9   8.22    0.0    0.0  0.00 200 200
2019-02-01T00_00_39 1837 11.04  212.4 2344.9   8.22    0.0    0.0  0.00 200 200
2019-02-01T00_00_41 1838 11.04  212.4 2344.9   8.22    0.0    0.0  0.00 200 200
2019-02-01T00_00_43 1839 11.04  213.2 2353.7   8.22    0.0    0.0  0.00 200 200
2019-02-01T00_00_46 1840 11.04  212.4 2344.9   8.22    0.0    0.0  0.00 200 200
2019-02-01T00_00_48 1841 11.04  212.4 2344.9   8.22    0.0    0.0  0.00 200 200
2019-02-01T00_00_51 1842 11.04  212.4 2344.9   8.22    0.0    0.0  0.00 200 200
2019-02-01T00_00_53 1843 11.04  212.4 2344.9   8.22    0.0    0.0  0.00 200 200
2019-02-01T00_00_56 1844 11.04  212.4 2344.9   8.22    0.0    0.0  0.00 200 200
2019-02-01T00_00_58 1845 11.04  212.4 2344.9   8.22    0.0    0.0  0.00 200 200
2019-02-01T00_01_01 1846 11.04  212.0 2340.4   8.22    0.0    0.0  0.00 200 200
2019-02-01T00_01_03 1847 11.04  212.4 2344.9   8.22    0.0    0.0  0.00 200 200
2019-02-01T00_01_06 1848 11.04  212.4 2344.9   8.22    0.0    0.0  0.00 200 200
2019-02-01T00_01_08 1849 11.04  212.4 2344.9   8.22    0.0    0.0  0.00 200 200
2019-02-01T00_01_11 1850 11.04  212.8 2349.3   8.22    0.0    0.0  0.00 200 200
2019-02-01T00_01_13 1851 11.04  212.0 2340.4   8.22    0.0    0.0  0.00 200 200
2019-02-01T00_01_15 1852 11.04  212.0 2340.4   8.22    0.0    0.0  0.00 200 200
2019-02-01T00_01_18 1853 11.04  212.4 2344.9   8.22    0.0    0.0  0.00 200 200
2019-02-01T00_01_20 1854 11.04  212.4 2344.9   8.22    0.0    0.0  0.00 200 200
2019-02-01T00_01_23 1855 11.04  212.4 2344.9   8.22    0.0    0.0  0.00 200 200
2019-02-01T00_01_25 1856 11.04  212.0 2340.4   8.22    0.0    0.0  0.00 200 200
2019-02-01T00_01_28 1857 11.04  212.0 2340.4   8.22    0.0    0.0  0.00 200 200
2019-02-01T00_01_30 1858 11.04  212.4 2344.9   8.22    0.0    0.0  0.00 200 200
2019-02-01T00_01_33 1859 11.04  212.4 2344.9   8.22    0.0    0.0  0.00 200 200
2019-02-01T00_01_35 1860 11.04  212.4 2344.9   8.22    0.0    0.0  0.00 200 200
2019-02-01T00_01_38 1861 11.04  212.8 2349.3   8.22    0.0    0.0  0.00 200 200
2019-02-01T00_01_40 1862 11.04  212.4 2344.9   8.22    0.0    0.0  0.00 200 200
2019-02-01T00_01_42 1863 11.04  212.0 2340.4   8.22    0.0    0.0  0.00 200 200
2019-02-01T00_01_45 1864 11.04  213.2 2353.7   8.22    0.0    0.0  0.00 200 200