2019-01-30T23_53_26 1661 11.04  213.2 2353.7   8.22    0.0    0.0  0.00 200 200
2019-01-30T23_53_28 1662 11.04  213.2 2353.7   8.22    0.0    0.0  0.00 200 200
2019-01-30T23_53_31 1663 11.04  212.8 2349.3   8.22    0.0    0.0  0.00 200 200
2019-01-30T23_53_33 1664 11.04  213.2 2353.7   8.22    0.0    0.0  0.00 200 200
2019-01-30T23_53_36 1665 11.04  213.6 2358.1   8.22    0.0    0.0  0.00 200 200
2019-01-30T23_53_38 1666 11.04  213.2 2353.7   8.22    0.0    0.0  0.00 200 200
2019-01-30T23_53_41 1667 11.04  213.2 2353.7   8.22    0.0    0.0  0.00 200 200
2019-01-30T23_53_43 1668 11.04  213.2 2353.7   8.22    0.0    0.0  0.00 200 200
2019-01-30T23_53_45 1669 11.04  213.2 2353.7   8.22    0.0    0.0  0.00 200 200
2019-01-30T23_53_48 1670 11.04  213.2 2353.7   8.22    0.0    0.0  0.00 200 200
2019-01-30T23_53_50 1671 11.04  213.2 2353.7   8.22    0.0    0.0  0.00 200 200
2019-01-30T23_53_53 1672 11.04  213.2 2353.7   8.22    0.0    0.0  0.00 200 200
2019-01-30T23_53_55 1673 11.04  213.2 2353.7   8.22    0.0    0.0  0.00 200 200
2019-01-30T23_53_58 1674 11.04  212.8 2349.3   8.22    0.0    0.0  0.00 200 200
2019-01-30T23_54_00 1675 11.04  212.8 2349.3   8.22    0.0    0.0  0.00 200 200
2019-01-30T23_54_03 1676 11.04  213.6 2358.1   8.22    0.0    0.0  0.00 200 200
2019-01-30T23_54_05 1677 11.04  213.6 2358.1   8.22    0.0    0.0  0.00 200 200
2019-01-30T23_54_08 1678 11.04  212.8 2349.3   8.22    0.0    0.0  0.00 200 200
2019-01-30T23_54_10 1679 11.04  212.8 2349.3   8.22    0.0    0.0  0.00 200 200
2019-01-30T23_54_13 1680 11.04  212.8 2349.3   8.22    0.0    0.0  0.00 200 200
2019-01-30T23_54_15 1681 11.04  212.8 2349.3   8.22    0.0    0.0  0.00 200 200
2019-01-30T23_54_17 1682 11.04  212.8 2349.3   8.22    0.0    0.0  0.00 200 200
2019-01-30T23_54_20 1683 11.04  212.8 2349.3   8.22    0.0    0.0  0.00 200 200
2019-01-30T23_54_22 1684 11.04  212.8 2349.3   8.22    0.0    0.0  0.00 200 200
2019-01-30T23_54_25 1685 11.04  212.8 2349.3   8.22    0.0    0.0  0.00 200 200
2019-01-30T23_54_27 1686 11.04  212.8 2349.3   8.22    0.0    0.0  0.00 200 200
2019-01-30T23_54_30 1687 11.04  213.2 2353.7   8.22    0.0    0.0  0.00 200 200
2019-01-30T23_54_32 1688 11.04  212.8 2349.3   8.22    0.0    0.0  0.00 200 200
2019-01-30T23_54_35 1689 11.04  212.8 2349.3   8.22    0.0    0.0  0.00 200 200
2019-01-30T23_54_37 1690 11.04  212.8 2349.3   8.22    0.0    0.0  0.00 200 200
2019-01-30T23_54_40 1691 11.04  212.8 2349.3   8.22    0.0    0.0  0.00 200 200
2019-01-30T23_54_42 1692 11.04  212.8 2349.3   8.22    0.0    0.0  0.00 200 200
2019-01-30T23_54_45 1693 11.04  212.8 2349.3   8.22    0.0    0.0  0.00 200 200
2019-01-30T23_54_47 1694 11.04  212.8 2349.3   8.22    0.0    0.0  0.00 200 200
2019-01-30T23_54_49 1695 11.04  213.2 2353.7   8.22    0.0    0.0  0.00 200 200
2019-01-30T23_54_52 1696 11.04  212.8 2349.3   8.22    0.0    0.0  0.00 200 200
2019-01-30T23_54_54 1697 11.04  213.6 2358.1   8.22    0.0    0.0  0.00 200 200
2019-01-30T23_54_57 1698 11.04  213.6 2358.1   8.22    0.0    0.0  0.00 200 200
2019-01-30T23_54_59 1699 11.04  213.2 2353.7   8.22    0.0    0.0  0.00 200 200
2019-01-30T23_55_02 1700 11.04  213.6 2358.1   8.22    0.0    0.0  0.00 200 200
2019-01-30T23_55_04 1701 11.04  214.0 2362.5   8.22    0.0    0.0  0.00 200 200
2019-01-30T23_55_07 1702 11.04  212.8 2349.3   8.22    0.0    0.0  0.00 200 200
2019-01-30T23_55_09 1703 11.04  213.2 2353.7   8.22    0.0    0.0  0.00 200 200
2019-01-30T23_55_12 1704 11.04  212.8 2349.3   8.22    0.0    0.0  0.00 200 200
2019-01-30T23_55_14 1705 11.04  212.8 2349.3   8.22    0.0    0.0  0.00 200 200
2019-01-30T23_55_16 1706 11.04  212.8 2349.3   8.22    0.0    0.0  0.00 200 200
2019-01-30T23_55_19 1707 11.04  212.8 2349.3   8.22    0.0    0.0  0.00 200 200
2019-01-30T23_55_21 1708 11.04  212.8 2349.3   8.22    0.0    0.0  0.00 200 200
2019-01-30T23_55_24 1709 11.04  213.2 2353.7   8.22    0.0    0.0  0.00 200 200
2019-01-30T23_55_26 1710 11.04  212.8 2349.3   8.22    0.0    0.0  0.00 200 200
2019-01-30T23_55_29 1711 11.04  212.8 2349.3   8.22    0.0    0.0  0.00 200 200