2019-01-30T22_59_06 335 11.05  211.6 2337.7   8.22    0.0    0.0  0.00 200 200
2019-01-30T22_59_09 336 11.05  211.2 2333.3   8.22    0.0    0.0  0.00 200 200
2019-01-30T22_59_11 337 11.05  211.6 2337.7   8.22    0.0    0.0  0.00 200 200
2019-01-30T22_59_14 338 11.05  211.2 2333.3   8.22    0.0    0.0  0.00 200 200
2019-01-30T22_59_16 339 11.05  211.6 2337.7   8.22    0.0    0.0  0.00 200 200
2019-01-30T22_59_19 340 11.05  211.6 2337.7   8.22    0.0    0.0  0.00 200 200
2019-01-30T22_59_21 341 11.05  211.6 2337.7   8.22    0.0    0.0  0.00 200 200
2019-01-30T22_59_23 342 11.05  211.2 2333.3   8.22    0.0    0.0  0.00 200 200
2019-01-30T22_59_26 343 11.05  212.4 2346.6   8.22    0.0    0.0  0.00 200 200
2019-01-30T22_59_28 344 11.05  211.2 2333.3   8.22    0.0    0.0  0.00 200 200
2019-01-30T22_59_31 345 11.05  211.6 2337.7   8.22    0.0    0.0  0.00 200 200
2019-01-30T22_59_33 346 11.05  211.6 2337.7   8.22    0.0    0.0  0.00 200 200
2019-01-30T22_59_36 347 11.05  211.6 2337.7   8.22    0.0    0.0  0.00 200 200
2019-01-30T22_59_38 348 11.05  211.2 2333.3   8.22    0.0    0.0  0.00 200 200
2019-01-30T22_59_41 349 11.05  211.2 2333.3   8.22    0.0    0.0  0.00 200 200
2019-01-30T22_59_43 350 11.05  211.6 2337.7   8.22    0.0    0.0  0.00 200 200
2019-01-30T22_59_46 351 11.05  211.6 2337.7   8.22    0.0    0.0  0.00 200 200
2019-01-30T22_59_48 352 11.05  211.6 2337.7   8.22    0.0    0.0  0.00 200 200
2019-01-30T22_59_50 353 11.05  211.6 2337.7   8.22    0.0    0.0  0.00 200 200
2019-01-30T22_59_53 354 11.05  212.4 2346.6   8.22    0.0    0.0  0.00 200 200
2019-01-30T22_59_55 355 11.05  211.6 2337.7   8.22    0.0    0.0  0.00 200 200
2019-01-30T22_59_58 356 11.05  211.6 2337.7   8.22    0.0    0.0  0.00 200 200
2019-01-30T23_00_00 357 11.05  211.6 2337.7   8.22    0.0    0.0  0.00 200 200
2019-01-30T23_00_03 358 11.05  211.6 2337.7   8.22    0.0    0.0  0.00 200 200
2019-01-30T23_00_05 359 11.05  211.6 2337.7   8.22    0.0    0.0  0.00 200 200
2019-01-30T23_00_08 360 11.05  211.6 2337.7   8.22    0.0    0.0  0.00 200 200
2019-01-30T23_00_10 361 11.05  211.6 2337.7   8.22    0.0    0.0  0.00 200 200
2019-01-30T23_00_13 362 11.05  211.6 2337.7   8.22    0.0    0.0  0.00 200 200
2019-01-30T23_00_15 363 11.05  211.6 2337.7   8.22    0.0    0.0  0.00 200 200
2019-01-30T23_00_17 364 11.05  211.2 2333.3   8.22    0.0    0.0  0.00 200 200
2019-01-30T23_00_20 365 11.05  212.0 2342.1   8.22    0.0    0.0  0.00 200 200
2019-01-30T23_00_22 366 11.05  211.6 2337.7   8.22    0.0    0.0  0.00 200 200
2019-01-30T23_00_25 367 11.05  211.2 2333.3   8.22    0.0    0.0  0.00 200 200
2019-01-30T23_00_27 368 11.05  211.6 2337.7   8.22    0.0    0.0  0.00 200 200
2019-01-30T23_00_30 369 11.05  211.6 2337.7   8.22    0.0    0.0  0.00 200 200
2019-01-30T23_00_32 370 11.05  211.6 2337.7   8.22    0.0    0.0  0.00 200 200
2019-01-30T23_00_35 371 11.05  211.6 2337.7   8.22    0.0    0.0  0.00 200 200
2019-01-30T23_00_37 372 11.05  211.6 2337.7   8.22    0.0    0.0  0.00 200 200
2019-01-30T23_00_40 373 11.04  224.0 2472.9   8.21    0.0    0.0  0.00 200 200
2019-01-30T23_00_42 374 11.05  211.6 2337.7   8.22    0.0    0.0  0.00 200 200
2019-01-30T23_00_45 375 11.05  211.2 2333.3   8.22    0.0    0.0  0.00 200 200
2019-01-30T23_00_47 376 11.05  212.0 2342.1   8.22    0.0    0.0  0.00 200 200
2019-01-30T23_00_49 377 11.05  211.6 2337.7   8.22    0.0    0.0  0.00 200 200
2019-01-30T23_00_52 378 11.05  211.6 2337.7   8.22    0.0    0.0  0.00 200 200
2019-01-30T23_00_54 379 11.05  211.6 2337.7   8.22    0.0    0.0  0.00 200 200
2019-01-30T23_00_57 380 11.05  211.2 2333.3   8.22    0.0    0.0  0.00 200 200
2019-01-30T23_00_59 381 11.05  211.6 2337.7   8.22    0.0    0.0  0.00 200 200
2019-01-30T23_01_02 382 11.05  211.6 2337.7   8.22    0.0    0.0  0.00 200 200
2019-01-30T23_01_04 383 11.05  211.6 2337.7   8.22    0.0    0.0  0.00 200 200
2019-01-30T23_01_07 384 11.05  211.6 2337.7   8.22    0.0    0.0  0.00 200 200
2019-01-30T23_01_09 385 11.05  212.8 2351.0   8.22    0.0    0.0  0.00 200 200