2019-01-30T23_07_28 539 11.05  212.4 2346.6   8.22    0.0    0.0  0.00 200 200
2019-01-30T23_07_30 540 11.05  212.4 2346.6   8.22    0.0    0.0  0.00 200 200
2019-01-30T23_07_32 541 11.05  212.4 2346.6   8.22    0.0    0.0  0.00 200 200
2019-01-30T23_07_35 542 11.05  212.4 2346.6   8.22    0.0    0.0  0.00 200 200
2019-01-30T23_07_37 543 11.05  212.4 2346.6   8.22    0.0    0.0  0.00 200 200
2019-01-30T23_07_40 544 11.05  212.4 2346.6   8.22    0.0    0.0  0.00 200 200
2019-01-30T23_07_42 545 11.05  212.4 2346.6   8.22    0.0    0.0  0.00 200 200
2019-01-30T23_07_45 546 11.05  212.4 2346.6   8.22    0.0    0.0  0.00 200 200
2019-01-30T23_07_47 547 11.05  212.8 2351.0   8.22    0.0    0.0  0.00 200 200
2019-01-30T23_07_50 548 11.05  212.4 2346.6   8.22    0.0    0.0  0.00 200 200
2019-01-30T23_07_52 549 11.05  212.4 2346.6   8.22    0.0    0.0  0.00 200 200
2019-01-30T23_07_55 550 11.05  212.4 2346.6   8.22    0.0    0.0  0.00 200 200
2019-01-30T23_07_57 551 11.05  212.4 2346.6   8.22    0.0    0.0  0.00 200 200
2019-01-30T23_08_00 552 11.05  212.0 2342.1   8.22    0.0    0.0  0.00 200 200
2019-01-30T23_08_02 553 11.05  212.8 2351.0   8.22    0.0    0.0  0.00 200 200
2019-01-30T23_08_04 554 11.05  212.4 2346.6   8.22    0.0    0.0  0.00 200 200
2019-01-30T23_08_07 555 11.05  212.4 2346.6   8.22    0.0    0.0  0.00 200 200
2019-01-30T23_08_09 556 11.05  212.4 2346.6   8.22    0.0    0.0  0.00 200 200
2019-01-30T23_08_12 557 11.05  212.4 2346.6   8.22    0.0    0.0  0.00 200 200
2019-01-30T23_08_14 558 11.05  213.2 2355.4   8.22    0.0    0.0  0.00 200 200
2019-01-30T23_08_17 559 11.05  212.4 2346.6   8.22    0.0    0.0  0.00 200 200
2019-01-30T23_08_19 560 11.05  212.0 2342.1   8.22    0.0    0.0  0.00 200 200
2019-01-30T23_08_22 561 11.05  212.4 2346.6   8.22    0.0    0.0  0.00 200 200
2019-01-30T23_08_24 562 11.05  212.4 2346.6   8.22    0.0    0.0  0.00 200 200
2019-01-30T23_08_27 563 11.05  212.4 2346.6   8.22    0.0    0.0  0.00 200 200
2019-01-30T23_08_29 564 11.05  212.4 2346.6   8.22    0.0    0.0  0.00 200 200
2019-01-30T23_08_31 565 11.05  212.4 2346.6   8.22    0.0    0.0  0.00 200 200
2019-01-30T23_08_34 566 11.05  212.4 2346.6   8.22    0.0    0.0  0.00 200 200
2019-01-30T23_08_36 567 11.05  212.4 2346.6   8.22    0.0    0.0  0.00 200 200
2019-01-30T23_08_39 568 11.05  212.4 2346.6   8.22    0.0    0.0  0.00 200 200
2019-01-30T23_08_41 569 11.05  212.8 2351.0   8.22    0.0    0.0  0.00 200 200
2019-01-30T23_08_44 570 11.05  212.4 2346.6   8.22    0.0    0.0  0.00 200 200
2019-01-30T23_08_46 571 11.05  212.4 2346.6   8.22    0.0    0.0  0.00 200 200
2019-01-30T23_08_49 572 11.05  212.4 2346.6   8.22    0.0    0.0  0.00 200 200
2019-01-30T23_08_51 573 11.05  212.4 2346.6   8.22    0.0    0.0  0.00 200 200
2019-01-30T23_08_54 574 11.05  212.4 2346.6   8.22    0.0    0.0  0.00 200 200
2019-01-30T23_08_56 575 11.05  212.4 2346.6   8.22    0.0    0.0  0.00 200 200
2019-01-30T23_08_59 576 11.05  212.4 2346.6   8.22    0.0    0.0  0.00 200 200
2019-01-30T23_09_01 577 11.05  212.4 2346.6   8.22    0.0    0.0  0.00 200 200
2019-01-30T23_09_03 578 11.05  212.4 2346.6   8.22    0.0    0.0  0.00 200 200
2019-01-30T23_09_06 579 11.05  212.8 2351.0   8.22    0.0    0.0  0.00 200 200
2019-01-30T23_09_08 580 11.05  212.8 2351.0   8.22    0.0    0.0  0.00 200 200
2019-01-30T23_09_11 581 11.05  213.6 2359.8   8.22    0.0    0.0  0.00 200 200
2019-01-30T23_09_13 582 11.05  212.4 2346.6   8.22    0.0    0.0  0.00 200 200
2019-01-30T23_09_16 583 11.05  212.4 2346.6   8.22    0.0    0.0  0.00 200 200
2019-01-30T23_09_18 584 11.05  212.4 2346.6   8.22    0.0    0.0  0.00 200 200
2019-01-30T23_09_21 585 11.05  212.4 2346.6   8.22    0.0    0.0  0.00 200 200
2019-01-30T23_09_23 586 11.05  212.4 2346.6   8.22    0.0    0.0  0.00 200 200
2019-01-30T23_09_26 587 11.05  212.4 2346.6   8.22    0.0    0.0  0.00 200 200
2019-01-30T23_09_28 588 11.05  212.4 2346.6   8.22    0.0    0.0  0.00 200 200
2019-01-30T23_09_30 589 11.05  212.4 2346.6   8.22    0.0    0.0  0.00 200 200