2019-01-22T23_56_52 496 10.10  220.8 2229.2   7.82   -0.8   -6.2  -0.00 210.00 210.00
2019-01-22T23_56_54 497 10.10  223.6 2257.4   7.82   -0.8   -6.2  -0.00 210.00 210.00
2019-01-22T23_56_57 498 10.10  222.8 2249.3   7.82   -0.8   -6.2  -0.00 210.00 210.00
2019-01-22T23_56_59 499 10.10  222.4 2245.3   7.82   -0.8   -6.2  -0.00 210.00 210.00
2019-01-22T23_57_02 500 10.10  222.8 2249.3   7.82   -0.8   -6.2  -0.00 210.00 210.00
2019-01-22T23_57_05 501 10.10  222.0 2241.3   7.82   -0.8   -6.2  -0.00 210.00 210.00
2019-01-22T23_57_07 502 10.10  222.0 2241.3   7.82   -0.8   -6.2  -0.00 210.00 210.00
2019-01-22T23_57_10 503 10.10  222.4 2245.3   7.82   -0.8   -6.2  -0.00 210.00 210.00
2019-01-22T23_57_12 504 10.10  222.0 2241.3   7.82   -0.8   -6.2  -0.00 210.00 210.00
2019-01-22T23_57_15 505 10.10  222.4 2245.3   7.82   -0.8   -6.2  -0.00 210.00 210.00
2019-01-22T23_57_17 506 10.10  221.6 2237.2   7.82   -0.8   -6.2  -0.00 210.00 210.00
2019-01-22T23_57_20 507 10.10  222.0 2241.3   7.82   -0.8   -6.2  -0.00 210.00 210.00
2019-01-22T23_57_22 508 10.10  221.6 2237.2   7.82   -0.8   -6.2  -0.00 210.00 210.00
2019-01-22T23_57_25 509 10.10  221.6 2237.2   7.82   -0.8   -6.2  -0.00 210.00 210.00
2019-01-22T23_57_27 510 10.10  221.2 2233.2   7.82   -0.8   -6.2  -0.00 210.00 210.00
2019-01-22T23_57_30 511 10.10  221.6 2237.2   7.82   -0.8   -6.2  -0.00 210.00 210.00
2019-01-22T23_57_32 512 10.10  221.2 2233.2   7.82   -0.8   -6.2  -0.00 210.00 210.00
2019-01-22T23_57_35 513 10.10  221.6 2237.2   7.82   -0.8   -6.2  -0.00 210.00 210.00
2019-01-22T23_57_37 514 10.10  221.2 2233.2   7.82   -0.8   -6.2  -0.00 210.00 210.00
2019-01-22T23_57_40 515 10.10  221.2 2233.2   7.82   -0.8   -6.2  -0.00 210.00 210.00
2019-01-22T23_57_42 516 10.10  221.2 2233.2   7.82   -0.8   -6.2  -0.00 210.00 210.00
2019-01-22T23_57_45 517 10.10  221.2 2233.2   7.82   -0.8   -6.2  -0.00 210.00 210.00
2019-01-22T23_57_47 518 10.10  220.8 2229.2   7.82   -0.8   -6.2  -0.00 210.00 210.00
2019-01-22T23_57_50 519 10.10  220.8 2229.2   7.82   -0.8   -6.2  -0.00 210.00 210.00
2019-01-22T23_57_52 520 10.10  220.8 2229.2   7.82   -0.8   -6.2  -0.00 210.00 210.00
2019-01-22T23_57_55 521 10.10  220.8 2229.2   7.82   -0.8   -6.2  -0.00 210.00 210.00
2019-01-22T23_57_57 522 10.10  220.8 2229.2   7.82   -0.8   -6.2  -0.00 210.00 210.00
2019-01-22T23_58_00 523 10.10  220.8 2229.2   7.82   -0.8   -6.2  -0.00 210.00 210.00
2019-01-22T23_58_02 524 10.10  220.8 2229.2   7.82   -0.8   -6.2  -0.00 210.00 210.00
2019-01-22T23_58_05 525 10.10  220.8 2229.2   7.82   -0.8   -6.2  -0.00 210.00 210.00
2019-01-22T23_58_07 526 10.10  222.4 2245.3   7.82   -0.8   -6.2  -0.00 210.00 210.00
2019-01-22T23_58_10 527 10.10  222.4 2245.3   7.82   -0.8   -6.2  -0.00 210.00 210.00
2019-01-22T23_58_12 528 10.10  222.8 2249.3   7.82   -0.8   -6.2  -0.00 210.00 210.00
2019-01-22T23_58_15 529 10.10  222.4 2245.3   7.82   -0.8   -6.2  -0.00 210.00 210.00
2019-01-22T23_58_17 530 10.10  222.0 2241.3   7.82   -0.8   -6.2  -0.00 210.00 210.00
2019-01-22T23_58_20 531 10.10  222.0 2241.3   7.82   -0.8   -6.2  -0.00 210.00 210.00
2019-01-22T23_58_22 532 10.10  222.4 2245.3   7.82   -0.8   -6.2  -0.00 210.00 210.00
2019-01-22T23_58_25 533 10.10  222.0 2241.3   7.82   -0.8   -6.2  -0.00 210.00 210.00
2019-01-22T23_58_27 534 10.10  222.0 2241.3   7.82   -0.8   -6.2  -0.00 210.00 210.00
2019-01-22T23_58_30 535 10.10  221.6 2237.2   7.82   -0.8   -6.2  -0.00 210.00 210.00
2019-01-22T23_58_32 536 10.10  221.6 2237.2   7.82   -0.8   -6.2  -0.00 210.00 210.00
2019-01-22T23_58_35 537 10.10  223.2 2253.4   7.82   -0.8   -6.2  -0.00 210.00 210.00
2019-01-22T23_58_37 538 10.10  221.6 2237.2   7.82   -0.8   -6.2  -0.00 210.00 210.00
2019-01-22T23_58_40 539 10.10  221.6 2237.2   7.82   -0.8   -6.2  -0.00 210.00 210.00
2019-01-22T23_58_43 540 10.10  222.4 2245.3   7.82   -0.8   -6.2  -0.00 210.00 210.00
2019-01-22T23_58_45 541 10.10  221.6 2237.2   7.82   -0.8   -6.2  -0.00 210.00 210.00
2019-01-22T23_58_48 542 10.10  221.2 2233.2   7.82   -0.8   -6.2  -0.00 210.00 210.00
2019-01-22T23_58_50 543 10.10  222.0 2241.3   7.82   -0.8   -6.2  -0.00 210.00 210.00
2019-01-22T23_58_53 544 10.10  221.2 2233.2   7.82   -0.8   -6.2  -0.00 210.00 210.00
2019-01-22T23_58_55 545 10.10  220.8 2229.2   7.82   -0.8   -6.2  -0.00 210.00 210.00
2019-01-22T23_58_58 546 10.10  221.6 2237.2   7.82   -0.8   -6.2  -0.00 210.00 210.00