2019-01-19T02_22_02 1642  9.63  253.6 2442.6   7.74    0.0    0.0  0.00 215.00 215.00
2019-01-19T02_22_04 1643  9.64  243.6 2348.3   7.75    0.0    0.0  0.00 215.00 215.00
2019-01-19T02_22_07 1644  9.65  234.4 2261.4   7.76    0.0    0.0  0.00 215.00 215.00
2019-01-19T02_22_09 1645  9.64  248.4 2394.5   7.75    0.0    0.0  0.00 215.00 215.00
2019-01-19T02_22_11 1646  9.66  225.6 2178.3   7.77    0.0    0.0  0.00 215.00 215.00
2019-01-19T02_22_14 1647  9.64  244.0 2352.1   7.75    0.0    0.0  0.00 215.00 215.00
2019-01-19T02_22_16 1648  9.65  242.8 2342.5   7.75    0.0    0.0  0.00 215.00 215.00
2019-01-19T02_22_19 1649  9.64  244.4 2356.0   7.75    0.0    0.0  0.00 215.00 215.00
2019-01-19T02_22_21 1650  9.65  243.6 2350.2   7.75    0.0    0.0  0.00 215.00 215.00
2019-01-19T02_22_24 1651  9.65  238.8 2303.9   7.76    0.0    0.0  0.00 215.00 215.00
2019-01-19T02_22_26 1652  9.66  227.6 2197.7   7.77    0.0    0.0  0.00 215.00 215.00
2019-01-19T02_22_28 1653  9.64  246.4 2375.3   7.75    0.0    0.0  0.00 215.00 215.00
2019-01-19T02_22_31 1654  9.66  229.2 2213.1   7.77    0.0    0.0  0.00 215.00 215.00
2019-01-19T02_22_33 1655  9.65  242.8 2342.5   7.75    0.0    0.0  0.00 216.00 216.00
2019-01-19T02_22_36 1656  9.66  226.8 2189.9   7.77    0.0    0.0  0.00 215.00 215.00
2019-01-19T02_22_38 1657  9.66  226.8 2189.9   7.77    0.0    0.0  0.00 215.00 215.00
2019-01-19T02_22_41 1658  9.66  226.4 2186.1   7.77    0.0    0.0  0.00 215.00 215.00
2019-01-19T02_22_43 1659  9.64  250.4 2413.8   7.75    0.0    0.0  0.00 215.00 215.00
2019-01-19T02_22_46 1660  9.64  246.8 2379.1   7.75    0.0    0.0  0.00 215.00 215.00
2019-01-19T02_22_48 1661  9.64  250.4 2413.8   7.75    0.0    0.0  0.00 215.00 215.00
2019-01-19T02_22_50 1662  9.63  254.8 2454.2   7.74    0.0    0.0  0.00 215.00 215.00
2019-01-19T02_22_53 1663  9.65  242.0 2334.8   7.76    0.0    0.0  0.00 215.00 215.00
2019-01-19T02_22_55 1664  9.65  243.2 2346.3   7.75    0.0    0.0  0.00 215.00 215.00
2019-01-19T02_22_58 1665  9.64  249.2 2402.2   7.75    0.0    0.0  0.00 215.00 215.00
2019-01-19T02_23_00 1666  9.66  220.4 2129.9   7.77    0.0    0.0  0.00 215.00 215.00
2019-01-19T02_23_03 1667  9.66  218.0 2106.7   7.78    0.0    0.0  0.00 215.00 215.00
2019-01-19T02_23_05 1668  9.66  219.2 2118.3   7.78    0.0    0.0  0.00 215.00 215.00
2019-01-19T02_23_07 1669  9.65  236.4 2280.7   7.76    0.0    0.0  0.00 215.00 215.00
2019-01-19T02_23_10 1670  9.66  218.0 2106.7   7.78    0.0    0.0  0.00 215.00 215.00
2019-01-19T02_23_12 1671  9.66  217.6 2102.8   7.78    0.0    0.0  0.00 216.00 216.00
2019-01-19T02_23_15 1672  9.66  217.6 2102.8   7.78    0.0    0.0  0.00 215.00 215.00
2019-01-19T02_23_17 1673  9.66  233.6 2255.6   7.76    0.0    0.0  0.00 216.00 216.00
2019-01-19T02_23_20 1674  9.66  218.4 2110.6   7.78    0.0    0.0  0.00 216.00 216.00
2019-01-19T02_23_22 1675  9.66  219.6 2122.2   7.77    0.0    0.0  0.00 215.00 215.00
2019-01-19T02_23_24 1676  9.66  218.0 2106.7   7.78    0.0    0.0  0.00 215.00 215.00
2019-01-19T02_23_27 1677  9.66  223.6 2160.8   7.77    0.0    0.0  0.00 215.00 215.00
2019-01-19T02_23_29 1678  9.66  218.0 2106.7   7.78    0.0    0.0  0.00 215.00 215.00
2019-01-19T02_23_32 1679  9.66  219.6 2122.2   7.77    0.0    0.0  0.00 215.00 215.00
2019-01-19T02_23_34 1680  9.66  219.2 2118.3   7.78    0.0    0.0  0.00 215.00 215.00
2019-01-19T02_23_37 1681  9.66  217.6 2102.8   7.78    0.0    0.0  0.00 215.00 215.00
2019-01-19T02_23_39 1682  9.66  218.4 2110.6   7.78    0.0    0.0  0.00 215.00 215.00
2019-01-19T02_23_41 1683  9.66  216.8 2095.1   7.78    0.0    0.0  0.00 215.00 215.00
2019-01-19T02_23_44 1684  9.66  218.8 2114.4   7.78    0.0    0.0  0.00 215.00 215.00
2019-01-19T02_23_46 1685  9.66  219.2 2118.3   7.78    0.0    0.0  0.00 216.00 216.00
2019-01-19T02_23_49 1686  9.66  218.8 2114.4   7.78    0.0    0.0  0.00 215.00 215.00
2019-01-19T02_23_51 1687  9.66  217.2 2099.0   7.78    0.0    0.0  0.00 215.00 215.00
2019-01-19T02_23_54 1688  9.66  218.0 2106.7   7.78    0.0    0.0  0.00 215.00 215.00
2019-01-19T02_23_56 1689  9.66  219.2 2118.3   7.78    0.0    0.0  0.00 216.00 216.00
2019-01-19T02_23_58 1690  9.66  219.2 2118.3   7.78    0.0    0.0  0.00 215.00 215.00
2019-01-19T02_24_01 1691  9.66  230.4 2224.7   7.77    0.0    0.0  0.00 216.00 216.00
2019-01-19T02_24_03 1692  9.66  217.6 2102.8   7.78    0.0    0.0  0.00 215.00 215.00