2019-01-30T01_39_39 1979 11.03  211.6 2334.3   8.21    0.0    0.0  0.00 200 200
2019-01-30T01_39_42 1980 11.03  211.6 2334.3   8.21    0.0    0.0  0.00 200 200
2019-01-30T01_39_44 1981 11.03  211.6 2334.3   8.21    0.0    0.0  0.00 200 200
2019-01-30T01_39_46 1982 11.03  212.4 2343.2   8.21    0.0    0.0  0.00 200 200
2019-01-30T01_39_49 1983 11.03  211.6 2334.3   8.21    0.0    0.0  0.00 200 200
2019-01-30T01_39_51 1984 11.03  211.6 2334.3   8.21    0.0    0.0  0.00 200 200
2019-01-30T01_39_54 1985 11.03  211.6 2334.3   8.21    0.0    0.0  0.00 200 200
2019-01-30T01_39_56 1986 11.03  211.6 2334.3   8.21    0.0    0.0  0.00 200 200
2019-01-30T01_39_59 1987 11.03  211.6 2334.3   8.21    0.0    0.0  0.00 200 200
2019-01-30T01_40_01 1988 11.02  224.0 2469.3   8.20    0.0    0.0  0.00 200 200
2019-01-30T01_40_04 1989 11.03  211.6 2334.3   8.21    0.0    0.0  0.00 200 200
2019-01-30T01_40_06 1990 11.03  211.6 2334.3   8.21    0.0    0.0  0.00 200 200
2019-01-30T01_40_09 1991 11.03  211.6 2334.3   8.21    0.0    0.0  0.00 200 200
2019-01-30T01_40_11 1992 11.03  211.6 2334.3   8.21    0.0    0.0  0.00 200 200
2019-01-30T01_40_14 1993 11.03  212.4 2343.2   8.21    0.0    0.0  0.00 200 200
2019-01-30T01_40_16 1994 11.03  211.6 2334.3   8.21    0.0    0.0  0.00 200 200
2019-01-30T01_40_18 1995 11.03  211.6 2334.3   8.21    0.0    0.0  0.00 200 200
2019-01-30T01_40_21 1996 11.03  211.6 2334.3   8.21    0.0    0.0  0.00 200 200
2019-01-30T01_40_23 1997 11.03  211.6 2334.3   8.21    0.0    0.0  0.00 200 200
2019-01-30T01_40_26 1998 11.03  211.6 2334.3   8.21    0.0    0.0  0.00 200 200
2019-01-30T01_40_28 1999 11.03  211.6 2334.3   8.21    0.0    0.0  0.00 200 200
2019-01-30T01_40_31 2000 11.03  211.6 2334.3   8.21    0.0    0.0  0.00 200 200
2019-01-30T01_40_33 2001 11.03  211.6 2334.3   8.21    0.0    0.0  0.00 200 200
2019-01-30T01_40_36 2002 11.03  211.6 2334.3   8.21    0.0    0.0  0.00 200 200
2019-01-30T01_40_38 2003 11.03  211.6 2334.3   8.21    0.0    0.0  0.00 200 200
2019-01-30T01_40_41 2004 11.03  212.0 2338.7   8.21    0.0    0.0  0.00 200 200
2019-01-30T01_40_43 2005 11.03  211.6 2334.3   8.21    0.0    0.0  0.00 200 200
2019-01-30T01_40_46 2006 11.03  211.6 2334.3   8.21    0.0    0.0  0.00 200 200
2019-01-30T01_40_48 2007 11.03  211.6 2334.3   8.21    0.0    0.0  0.00 200 200
2019-01-30T01_40_50 2008 11.03  211.6 2334.3   8.21    0.0    0.0  0.00 200 200
2019-01-30T01_40_53 2009 11.03  211.6 2334.3   8.21    0.0    0.0  0.00 200 200
2019-01-30T01_40_55 2010 11.03  211.6 2334.3   8.21    0.0    0.0  0.00 200 200
2019-01-30T01_40_58 2011 11.03  211.6 2334.3   8.21    0.0    0.0  0.00 200 200
2019-01-30T01_41_00 2012 11.03  211.6 2334.3   8.21    0.0    0.0  0.00 200 200
2019-01-30T01_41_03 2013 11.03  211.6 2334.3   8.21    0.0    0.0  0.00 200 200
2019-01-30T01_41_05 2014 11.03  211.6 2334.3   8.21    0.0    0.0  0.00 200 200
2019-01-30T01_41_08 2015 11.03  212.0 2338.7   8.21    0.0    0.0  0.00 200 200
2019-01-30T01_41_10 2016 11.03  211.6 2334.3   8.21    0.0    0.0  0.00 200 200
2019-01-30T01_41_13 2017 11.03  211.6 2334.3   8.21    0.0    0.0  0.00 200 200
2019-01-30T01_41_15 2018 11.03  212.0 2338.7   8.21    0.0    0.0  0.00 200 200
2019-01-30T01_41_17 2019 11.03  211.6 2334.3   8.21    0.0    0.0  0.00 200 200
2019-01-30T01_41_20 2020 11.03  211.6 2334.3   8.21    0.0    0.0  0.00 200 200
2019-01-30T01_41_22 2021 11.03  211.6 2334.3   8.21    0.0    0.0  0.00 200 200
2019-01-30T01_41_25 2022 11.03  211.6 2334.3   8.21    0.0    0.0  0.00 200 200
2019-01-30T01_41_27 2023 11.03  211.6 2334.3   8.21    0.0    0.0  0.00 200 200
2019-01-30T01_41_30 2024 11.03  211.6 2334.3   8.21    0.0    0.0  0.00 200 200
2019-01-30T01_41_32 2025 11.03  211.6 2334.3   8.21    0.0    0.0  0.00 200 200
2019-01-30T01_41_35 2026 11.03  212.4 2343.2   8.21    0.0    0.0  0.00 200 200
2019-01-30T01_41_37 2027 11.03  211.6 2334.3   8.21    0.0    0.0  0.00 200 200
2019-01-30T01_41_40 2028 11.03  211.6 2334.3   8.21    0.0    0.0  0.00 200 200
2019-01-30T01_41_42 2029 11.03  212.8 2347.6   8.20    0.0    0.0  0.00 200 200