2019-01-30T23_01_12 386 11.05  211.6 2337.7   8.22    0.0    0.0  0.00 200 200
2019-01-30T23_01_14 387 11.05  212.0 2342.1   8.22    0.0    0.0  0.00 200 200
2019-01-30T23_01_16 388 11.05  211.6 2337.7   8.22    0.0    0.0  0.00 200 200
2019-01-30T23_01_19 389 11.05  211.2 2333.3   8.22    0.0    0.0  0.00 200 200
2019-01-30T23_01_21 390 11.05  211.6 2337.7   8.22    0.0    0.0  0.00 200 200
2019-01-30T23_01_24 391 11.05  211.6 2337.7   8.22    0.0    0.0  0.00 200 200
2019-01-30T23_01_26 392 11.05  211.6 2337.7   8.22    0.0    0.0  0.00 200 200
2019-01-30T23_01_29 393 11.05  211.6 2337.7   8.22    0.0    0.0  0.00 200 200
2019-01-30T23_01_31 394 11.05  211.6 2337.7   8.22    0.0    0.0  0.00 200 200
2019-01-30T23_01_34 395 11.05  211.6 2337.7   8.22    0.0    0.0  0.00 200 200
2019-01-30T23_01_36 396 11.05  211.6 2337.7   8.22    0.0    0.0  0.00 200 200
2019-01-30T23_01_39 397 11.05  211.6 2337.7   8.22    0.0    0.0  0.00 200 200
2019-01-30T23_01_41 398 11.05  212.0 2342.1   8.22    0.0    0.0  0.00 200 200
2019-01-30T23_01_44 399 11.05  211.6 2337.7   8.22    0.0    0.0  0.00 200 200
2019-01-30T23_01_46 400 11.05  211.6 2337.7   8.22    0.0    0.0  0.00 200 200
2019-01-30T23_01_48 401 11.05  211.6 2337.7   8.22    0.0    0.0  0.00 200 200
2019-01-30T23_01_51 402 11.05  211.6 2337.7   8.22    0.0    0.0  0.00 200 200
2019-01-30T23_01_53 403 11.05  212.0 2342.1   8.22    0.0    0.0  0.00 200 200
2019-01-30T23_01_56 404 11.05  212.0 2342.1   8.22    0.0    0.0  0.00 200 200
2019-01-30T23_01_58 405 11.05  211.6 2337.7   8.22    0.0    0.0  0.00 200 200
2019-01-30T23_02_01 406 11.05  212.0 2342.1   8.22    0.0    0.0  0.00 200 200
2019-01-30T23_02_03 407 11.05  212.0 2342.1   8.22    0.0    0.0  0.00 200 200
2019-01-30T23_02_06 408 11.05  212.0 2342.1   8.22    0.0    0.0  0.00 200 200
2019-01-30T23_02_08 409 11.05  213.2 2355.4   8.22    0.0    0.0  0.00 200 200
2019-01-30T23_02_11 410 11.05  212.0 2342.1   8.22    0.0    0.0  0.00 200 200
2019-01-30T23_02_13 411 11.05  212.0 2342.1   8.22    0.0    0.0  0.00 200 200
2019-01-30T23_02_15 412 11.05  212.4 2346.6   8.22    0.0    0.0  0.00 200 200
2019-01-30T23_02_18 413 11.05  212.0 2342.1   8.22    0.0    0.0  0.00 200 200
2019-01-30T23_02_20 414 11.05  213.6 2359.8   8.22    0.0    0.0  0.00 200 200
2019-01-30T23_02_23 415 11.05  212.0 2342.1   8.22    0.0    0.0  0.00 200 200
2019-01-30T23_02_25 416 11.05  212.0 2342.1   8.22    0.0    0.0  0.00 200 200
2019-01-30T23_02_28 417 11.05  212.0 2342.1   8.22    0.0    0.0  0.00 200 200
2019-01-30T23_02_30 418 11.05  212.0 2342.1   8.22    0.0    0.0  0.00 200 200
2019-01-30T23_02_33 419 11.05  212.0 2342.1   8.22    0.0    0.0  0.00 200 200
2019-01-30T23_02_35 420 11.05  212.4 2346.6   8.22    0.0    0.0  0.00 200 200
2019-01-30T23_02_38 421 11.05  212.0 2342.1   8.22    0.0    0.0  0.00 200 200
2019-01-30T23_02_40 422 11.05  212.0 2342.1   8.22    0.0    0.0  0.00 200 200
2019-01-30T23_02_42 423 11.05  212.8 2351.0   8.22    0.0    0.0  0.00 200 200
2019-01-30T23_02_45 424 11.05  212.0 2342.1   8.22    0.0    0.0  0.00 200 200
2019-01-30T23_02_47 425 11.05  212.0 2342.1   8.22    0.0    0.0  0.00 200 200
2019-01-30T23_02_50 426 11.05  212.0 2342.1   8.22    0.0    0.0  0.00 200 200
2019-01-30T23_02_52 427 11.05  212.0 2342.1   8.22    0.0    0.0  0.00 200 200
2019-01-30T23_02_55 428 11.05  212.0 2342.1   8.22    0.0    0.0  0.00 200 200
2019-01-30T23_02_57 429 11.05  212.0 2342.1   8.22    0.0    0.0  0.00 200 200
2019-01-30T23_03_00 430 11.05  212.0 2342.1   8.22    0.0    0.0  0.00 200 200
2019-01-30T23_03_02 431 11.05  212.4 2346.6   8.22    0.0    0.0  0.00 200 200
2019-01-30T23_03_05 432 11.05  212.0 2342.1   8.22    0.0    0.0  0.00 200 200
2019-01-30T23_03_07 433 11.05  212.0 2342.1   8.22    0.0    0.0  0.00 200 200
2019-01-30T23_03_10 434 11.05  212.8 2351.0   8.22    0.0    0.0  0.00 200 200
2019-01-30T23_03_12 435 11.05  212.0 2342.1   8.22    0.0    0.0  0.00 200 200
2019-01-30T23_03_14 436 11.05  212.0 2342.1   8.22    0.0    0.0  0.00 200 200