2019-01-30T23_36_43 1253 11.04  212.8 2349.3   8.22    0.0    0.0  0.00 200 200
2019-01-30T23_36_45 1254 11.04  212.4 2344.9   8.22    0.0    0.0  0.00 200 200
2019-01-30T23_36_48 1255 11.04  212.4 2344.9   8.22    0.0    0.0  0.00 200 200
2019-01-30T23_36_50 1256 11.04  212.8 2349.3   8.22    0.0    0.0  0.00 200 200
2019-01-30T23_36_52 1257 11.04  212.4 2344.9   8.22    0.0    0.0  0.00 200 200
2019-01-30T23_36_55 1258 11.04  212.4 2344.9   8.22    0.0    0.0  0.00 200 200
2019-01-30T23_36_57 1259 11.04  213.6 2358.1   8.22    0.0    0.0  0.00 200 200
2019-01-30T23_37_00 1260 11.04  212.4 2344.9   8.22    0.0    0.0  0.00 200 200
2019-01-30T23_37_02 1261 11.04  212.4 2344.9   8.22    0.0    0.0  0.00 200 200
2019-01-30T23_37_05 1262 11.04  212.4 2344.9   8.22    0.0    0.0  0.00 200 200
2019-01-30T23_37_07 1263 11.04  212.4 2344.9   8.22    0.0    0.0  0.00 200 200
2019-01-30T23_37_10 1264 11.04  212.4 2344.9   8.22    0.0    0.0  0.00 200 200
2019-01-30T23_37_12 1265 11.04  212.4 2344.9   8.22    0.0    0.0  0.00 200 200
2019-01-30T23_37_15 1266 11.04  212.4 2344.9   8.22    0.0    0.0  0.00 200 200
2019-01-30T23_37_17 1267 11.04  213.6 2358.1   8.22    0.0    0.0  0.00 200 200
2019-01-30T23_37_20 1268 11.04  212.0 2340.4   8.22    0.0    0.0  0.00 200 200
2019-01-30T23_37_22 1269 11.04  212.4 2344.9   8.22    0.0    0.0  0.00 200 200
2019-01-30T23_37_24 1270 11.04  213.6 2358.1   8.22    0.0    0.0  0.00 200 200
2019-01-30T23_37_27 1271 11.04  212.4 2344.9   8.22    0.0    0.0  0.00 200 200
2019-01-30T23_37_29 1272 11.04  212.4 2344.9   8.22    0.0    0.0  0.00 200 200
2019-01-30T23_37_32 1273 11.04  212.4 2344.9   8.22    0.0    0.0  0.00 200 200
2019-01-30T23_37_34 1274 11.04  212.4 2344.9   8.22    0.0    0.0  0.00 200 200
2019-01-30T23_37_37 1275 11.04  212.4 2344.9   8.22    0.0    0.0  0.00 200 200
2019-01-30T23_37_39 1276 11.04  212.4 2344.9   8.22    0.0    0.0  0.00 200 200
2019-01-30T23_37_42 1277 11.04  212.4 2344.9   8.22    0.0    0.0  0.00 200 200
2019-01-30T23_37_44 1278 11.04  212.4 2344.9   8.22    0.0    0.0  0.00 200 200
2019-01-30T23_37_47 1279 11.04  212.4 2344.9   8.22    0.0    0.0  0.00 200 200
2019-01-30T23_37_49 1280 11.04  212.4 2344.9   8.22    0.0    0.0  0.00 200 200
2019-01-30T23_37_51 1281 11.04  212.8 2349.3   8.22    0.0    0.0  0.00 200 200
2019-01-30T23_37_54 1282 11.04  212.4 2344.9   8.22    0.0    0.0  0.00 200 200
2019-01-30T23_37_56 1283 11.04  212.4 2344.9   8.22    0.0    0.0  0.00 200 200
2019-01-30T23_37_59 1284 11.04  212.4 2344.9   8.22    0.0    0.0  0.00 200 200
2019-01-30T23_38_01 1285 11.04  212.0 2340.4   8.22    0.0    0.0  0.00 200 200
2019-01-30T23_38_04 1286 11.04  212.4 2344.9   8.22    0.0    0.0  0.00 200 200
2019-01-30T23_38_06 1287 11.04  212.0 2340.4   8.22    0.0    0.0  0.00 200 200
2019-01-30T23_38_09 1288 11.04  212.4 2344.9   8.22    0.0    0.0  0.00 200 200
2019-01-30T23_38_11 1289 11.04  212.4 2344.9   8.22    0.0    0.0  0.00 200 200
2019-01-30T23_38_14 1290 11.04  212.4 2344.9   8.22    0.0    0.0  0.00 200 200
2019-01-30T23_38_16 1291 11.04  212.4 2344.9   8.22    0.0    0.0  0.00 200 200
2019-01-30T23_38_19 1292 11.04  212.8 2349.3   8.22    0.0    0.0  0.00 200 200
2019-01-30T23_38_21 1293 11.04  212.0 2340.4   8.22    0.0    0.0  0.00 200 200
2019-01-30T23_38_23 1294 11.04  212.0 2340.4   8.22    0.0    0.0  0.00 200 200
2019-01-30T23_38_26 1295 11.04  212.4 2344.9   8.22    0.0    0.0  0.00 200 200
2019-01-30T23_38_28 1296 11.04  212.4 2344.9   8.22    0.0    0.0  0.00 200 200
2019-01-30T23_38_31 1297 11.04  212.0 2340.4   8.22    0.0    0.0  0.00 200 200
2019-01-30T23_38_33 1298 11.04  212.0 2340.4   8.22    0.0    0.0  0.00 200 200
2019-01-30T23_38_36 1299 11.04  212.0 2340.4   8.22    0.0    0.0  0.00 200 200
2019-01-30T23_38_38 1300 11.04  212.4 2344.9   8.22    0.0    0.0  0.00 200 200
2019-01-30T23_38_41 1301 11.04  212.4 2344.9   8.22    0.0    0.0  0.00 200 200
2019-01-30T23_38_43 1302 11.04  212.0 2340.4   8.22    0.0    0.0  0.00 200 200
2019-01-30T23_38_46 1303 11.04  212.4 2344.9   8.22    0.0    0.0  0.00 200 200