2019-01-30T02_02_38 2540 11.03  213.6 2356.4   8.20    0.0    0.0  0.00 200 200
2019-01-30T02_02_41 2541 11.03  212.8 2347.6   8.21    0.0    0.0  0.00 200 200
2019-01-30T02_02_43 2542 11.03  212.8 2347.6   8.21    0.0    0.0  0.00 200 200
2019-01-30T02_02_46 2543 11.03  212.4 2343.2   8.21    0.0    0.0  0.00 200 200
2019-01-30T02_02_48 2544 11.03  212.4 2343.2   8.21    0.0    0.0  0.00 200 200
2019-01-30T02_02_51 2545 11.03  212.4 2343.2   8.21    0.0    0.0  0.00 200 200
2019-01-30T02_02_53 2546 11.03  212.4 2343.2   8.21    0.0    0.0  0.00 200 200
2019-01-30T02_02_56 2547 11.03  212.4 2343.2   8.21    0.0    0.0  0.00 200 200
2019-01-30T02_02_58 2548 11.03  212.8 2347.6   8.21    0.0    0.0  0.00 200 200
2019-01-30T02_03_01 2549 11.02  222.4 2451.7   8.20    0.0    0.0  0.00 200 200
2019-01-30T02_03_03 2550 11.03  212.8 2347.6   8.21    0.0    0.0  0.00 200 200
2019-01-30T02_03_06 2551 11.03  213.2 2352.0   8.21    0.0    0.0  0.00 200 200
2019-01-30T02_03_08 2552 11.03  212.4 2343.2   8.21    0.0    0.0  0.00 200 200
2019-01-30T02_03_10 2553 11.03  212.4 2343.2   8.21    0.0    0.0  0.00 200 200
2019-01-30T02_03_13 2554 11.03  212.4 2343.2   8.21    0.0    0.0  0.00 200 200
2019-01-30T02_03_15 2555 11.03  212.8 2347.6   8.21    0.0    0.0  0.00 200 200
2019-01-30T02_03_18 2556 11.03  212.8 2347.6   8.21    0.0    0.0  0.00 200 200
2019-01-30T02_03_20 2557 11.03  212.8 2347.6   8.21    0.0    0.0  0.00 200 200
2019-01-30T02_03_23 2558 11.03  212.8 2347.6   8.21    0.0    0.0  0.00 200 200
2019-01-30T02_03_25 2559 11.03  212.8 2347.6   8.21    0.0    0.0  0.00 200 200
2019-01-30T02_03_28 2560 11.03  212.8 2347.6   8.21    0.0    0.0  0.00 200 200
2019-01-30T02_03_30 2561 11.03  212.4 2343.2   8.21    0.0    0.0  0.00 200 200
2019-01-30T02_03_33 2562 11.03  213.2 2352.0   8.20    0.0    0.0  0.00 200 200
2019-01-30T02_03_35 2563 11.03  212.8 2347.6   8.21    0.0    0.0  0.00 200 200
2019-01-30T02_03_37 2564 11.03  212.4 2343.2   8.21    0.0    0.0  0.00 200 200
2019-01-30T02_03_40 2565 11.03  212.4 2343.2   8.21    0.0    0.0  0.00 200 200
2019-01-30T02_03_42 2566 11.03  212.8 2347.6   8.21    0.0    0.0  0.00 200 200
2019-01-30T02_03_45 2567 11.03  212.4 2343.2   8.21    0.0    0.0  0.00 200 200
2019-01-30T02_03_47 2568 11.03  212.4 2343.2   8.21    0.0    0.0  0.00 200 200
2019-01-30T02_03_50 2569 11.03  212.4 2343.2   8.21    0.0    0.0  0.00 200 200
2019-01-30T02_03_52 2570 11.03  212.8 2347.6   8.21    0.0    0.0  0.00 200 200
2019-01-30T02_03_55 2571 11.03  212.4 2343.2   8.21    0.0    0.0  0.00 200 200
2019-01-30T02_03_57 2572 11.03  212.8 2347.6   8.21    0.0    0.0  0.00 200 200
2019-01-30T02_04_00 2573 11.03  213.2 2352.0   8.21    0.0    0.0  0.00 200 200
2019-01-30T02_04_02 2574 11.03  212.4 2343.2   8.21    0.0    0.0  0.00 200 200
2019-01-30T02_04_05 2575 11.03  212.8 2347.6   8.21    0.0    0.0  0.00 200 200
2019-01-30T02_04_07 2576 11.03  212.8 2347.6   8.21    0.0    0.0  0.00 200 200
2019-01-30T02_04_09 2577 11.03  212.8 2347.6   8.21    0.0    0.0  0.00 200 200
2019-01-30T02_04_12 2578 11.03  212.4 2343.2   8.21    0.0    0.0  0.00 200 200
2019-01-30T02_04_14 2579 11.03  212.8 2347.6   8.21    0.0    0.0  0.00 200 200
2019-01-30T02_04_17 2580 11.03  212.8 2347.6   8.21    0.0    0.0  0.00 200 200
2019-01-30T02_04_19 2581 11.03  212.8 2347.6   8.21    0.0    0.0  0.00 200 200
2019-01-30T02_04_22 2582 11.03  212.4 2343.2   8.21    0.0    0.0  0.00 200 200
2019-01-30T02_04_24 2583 11.03  212.8 2347.6   8.21    0.0    0.0  0.00 200 200
2019-01-30T02_04_27 2584 11.03  213.2 2352.0   8.20    0.0    0.0  0.00 200 200
2019-01-30T02_04_29 2585 11.03  212.8 2347.6   8.21    0.0    0.0  0.00 200 200
2019-01-30T02_04_32 2586 11.03  212.8 2347.6   8.21    0.0    0.0  0.00 200 200
2019-01-30T02_04_34 2587 11.03  213.6 2356.4   8.20    0.0    0.0  0.00 200 200
2019-01-30T02_04_37 2588 11.03  212.8 2347.6   8.21    0.0    0.0  0.00 200 200
2019-01-30T02_04_39 2589 11.03  212.8 2347.6   8.21    0.0    0.0  0.00 200 200
2019-01-30T02_04_41 2590 11.03  212.8 2347.6   8.21    0.0    0.0  0.00 200 200