2019-01-30T02_06_49 2642 11.03  213.2 2352.0   8.20    0.0    0.0  0.00 200 200
2019-01-30T02_06_52 2643 11.03  212.4 2343.2   8.21    0.0    0.0  0.00 200 200
2019-01-30T02_06_54 2644 11.03  212.4 2343.2   8.21    0.0    0.0  0.00 200 200
2019-01-30T02_06_57 2645 11.03  213.2 2352.0   8.20    0.0    0.0  0.00 200 200
2019-01-30T02_06_59 2646 11.03  212.4 2343.2   8.21    0.0    0.0  0.00 200 200
2019-01-30T02_07_02 2647 11.03  212.4 2343.2   8.21    0.0    0.0  0.00 200 200
2019-01-30T02_07_04 2648 11.03  212.4 2343.2   8.21    0.0    0.0  0.00 200 200
2019-01-30T02_07_06 2649 11.03  212.4 2343.2   8.21    0.0    0.0  0.00 200 200
2019-01-30T02_07_09 2650 11.03  212.4 2343.2   8.21    0.0    0.0  0.00 200 200
2019-01-30T02_07_11 2651 11.03  212.4 2343.2   8.21    0.0    0.0  0.00 200 200
2019-01-30T02_07_14 2652 11.03  212.4 2343.2   8.21    0.0    0.0  0.00 200 200
2019-01-30T02_07_16 2653 11.03  212.8 2347.6   8.21    0.0    0.0  0.00 200 200
2019-01-30T02_07_19 2654 11.03  212.4 2343.2   8.21    0.0    0.0  0.00 200 200
2019-01-30T02_07_21 2655 11.03  212.8 2347.6   8.21    0.0    0.0  0.00 200 200
2019-01-30T02_07_24 2656 11.03  212.8 2347.6   8.20    0.0    0.0  0.00 200 200
2019-01-30T02_07_26 2657 11.03  212.4 2343.2   8.21    0.0    0.0  0.00 200 200
2019-01-30T02_07_29 2658 11.03  212.4 2343.2   8.21    0.0    0.0  0.00 200 200
2019-01-30T02_07_31 2659 11.03  212.4 2343.2   8.21    0.0    0.0  0.00 200 200
2019-01-30T02_07_34 2660 11.03  212.4 2343.2   8.21    0.0    0.0  0.00 200 200
2019-01-30T02_07_36 2661 11.03  212.4 2343.2   8.21    0.0    0.0  0.00 200 200
2019-01-30T02_07_38 2662 11.03  212.4 2343.2   8.21    0.0    0.0  0.00 200 200
2019-01-30T02_07_41 2663 11.03  212.4 2343.2   8.21    0.0    0.0  0.00 200 200
2019-01-30T02_07_43 2664 11.03  212.4 2343.2   8.21    0.0    0.0  0.00 200 200
2019-01-30T02_07_46 2665 11.03  212.4 2343.2   8.21    0.0    0.0  0.00 200 200
2019-01-30T02_07_48 2666 11.03  212.4 2343.2   8.21    0.0    0.0  0.00 200 200
2019-01-30T02_07_51 2667 11.03  212.8 2347.6   8.20    0.0    0.0  0.00 200 200
2019-01-30T02_07_53 2668 11.03  212.4 2343.2   8.21    0.0    0.0  0.00 200 200
2019-01-30T02_07_56 2669 11.03  212.4 2343.2   8.21    0.0    0.0  0.00 200 200
2019-01-30T02_07_58 2670 11.03  212.4 2343.2   8.21    0.0    0.0  0.00 200 200
2019-01-30T02_08_01 2671 11.02  218.4 2407.6   8.20    0.0    0.0  0.00 200 200
2019-01-30T02_08_03 2672 11.03  212.4 2343.2   8.21    0.0    0.0  0.00 200 200
2019-01-30T02_08_06 2673 11.03  212.4 2343.2   8.21    0.0    0.0  0.00 200 200
2019-01-30T02_08_08 2674 11.03  212.0 2338.7   8.21    0.0    0.0  0.00 200 200
2019-01-30T02_08_10 2675 11.03  212.4 2343.2   8.21    0.0    0.0  0.00 200 200
2019-01-30T02_08_13 2676 11.03  212.4 2343.2   8.21    0.0    0.0  0.00 200 200
2019-01-30T02_08_15 2677 11.03  212.4 2343.2   8.21    0.0    0.0  0.00 200 200
2019-01-30T02_08_18 2678 11.03  212.8 2347.6   8.21    0.0    0.0  0.00 200 200
2019-01-30T02_08_20 2679 11.03  212.4 2343.2   8.21    0.0    0.0  0.00 200 200
2019-01-30T02_08_23 2680 11.03  212.4 2343.2   8.21    0.0    0.0  0.00 200 200
2019-01-30T02_08_25 2681 11.03  212.4 2343.2   8.21    0.0    0.0  0.00 200 200
2019-01-30T02_08_28 2682 11.03  212.4 2343.2   8.21    0.0    0.0  0.00 200 200
2019-01-30T02_08_30 2683 11.03  212.4 2343.2   8.21    0.0    0.0  0.00 200 200
2019-01-30T02_08_33 2684 11.03  212.4 2343.2   8.21    0.0    0.0  0.00 200 200
2019-01-30T02_08_35 2685 11.03  212.4 2343.2   8.21    0.0    0.0  0.00 200 200
2019-01-30T02_08_37 2686 11.03  212.4 2343.2   8.21    0.0    0.0  0.00 200 200
2019-01-30T02_08_40 2687 11.03  212.4 2343.2   8.21    0.0    0.0  0.00 200 200
2019-01-30T02_08_42 2688 11.03  212.4 2343.2   8.21    0.0    0.0  0.00 200 200
2019-01-30T02_08_45 2689 11.03  212.8 2347.6   8.21    0.0    0.0  0.00 200 200
2019-01-30T02_08_47 2690 11.03  212.4 2343.2   8.21    0.0    0.0  0.00 200 200
2019-01-30T02_08_50 2691 11.03  212.4 2343.2   8.21    0.0    0.0  0.00 200 200
2019-01-30T02_08_52 2692 11.03  212.8 2347.6   8.21    0.0    0.0  0.00 200 200