2019-01-20T02_25_03 915  9.63  263.2 2535.1   7.74    0.0    0.0  0.00 214.00 214.00
2019-01-20T02_25_05 916  9.66  229.2 2214.9   7.66    0.0    0.0  0.00 215.00 215.00
2019-01-20T02_25_08 917  9.66  228.8 2211.1   7.76    0.0    0.0  0.00 216.00 216.00
2019-01-20T02_25_10 918  9.66  227.6 2199.5   7.76    0.0    0.0  0.00 215.00 215.00
2019-01-20T02_25_12 919  9.66  228.0 2203.3   7.76    0.0    0.0  0.00 215.00 215.00
2019-01-20T02_25_15 920  9.66  229.2 2214.9   7.76    0.0    0.0  0.00 216.00 216.00
2019-01-20T02_25_17 921  9.66  228.0 2203.3   7.76    0.0    0.0  0.00 215.00 215.00
2019-01-20T02_25_20 922  9.66  228.0 2203.3   7.76    0.0    0.0  0.00 215.00 215.00
2019-01-20T02_25_22 923  9.66  228.4 2207.2   7.76    0.0    0.0  0.00 216.00 216.00
2019-01-20T02_25_25 924  9.66  228.0 2203.3   7.77    0.0    0.0  0.00 215.00 215.00
2019-01-20T02_25_27 925  9.66  227.6 2199.5   7.76    0.0    0.0  0.00 215.00 215.00
2019-01-20T02_25_29 926  9.66  228.4 2207.2   7.76    0.0    0.0  0.00 215.00 215.00
2019-01-20T02_25_32 927  9.66  229.2 2214.9   7.76    0.0    0.0  0.00 216.00 216.00
2019-01-20T02_25_34 928  9.66  227.2 2195.6   7.77    0.0    0.0  0.00 215.00 215.00
2019-01-20T02_25_37 929  9.66  229.2 2214.9   7.76    0.0    0.0  0.00 215.00 215.00
2019-01-20T02_25_39 930  9.66  228.8 2211.1   7.76    0.0    0.0  0.00 215.00 215.00
2019-01-20T02_25_42 931  9.66  230.4 2226.5   7.76    0.0    0.0  0.00 215.00 215.00
2019-01-20T02_25_44 932  9.63  265.6 2558.2   7.74    0.0    0.0  0.00 216.00 216.00
2019-01-20T02_25_46 933  9.63  266.4 2565.9   7.74    0.0    0.0  0.00 215.00 215.00
2019-01-20T02_25_49 934  9.63  266.8 2569.8   7.74    0.0    0.0  0.00 215.00 215.00
2019-01-20T02_25_51 935  9.63  261.2 2515.8   7.74    0.0    0.0  0.00 215.00 215.00
2019-01-20T02_25_54 936  9.63  265.2 2554.4   7.74    0.0    0.0  0.00 215.00 215.00
2019-01-20T02_25_56 937  9.63  266.8 2569.8   7.74    0.0    0.0  0.00 215.00 215.00
2019-01-20T02_25_59 938  9.63  265.6 2558.2   7.74    0.0    0.0  0.00 215.00 215.00
2019-01-20T02_26_01 939  9.63  267.2 2573.6   7.74    0.0    0.0  0.00 216.00 216.00
2019-01-20T02_26_03 940  9.63  265.6 2558.2   7.74    0.0    0.0  0.00 215.00 215.00
2019-01-20T02_26_06 941  9.63  263.2 2535.1   7.74    0.0    0.0  0.00 216.00 216.00
2019-01-20T02_26_08 942  9.63  259.6 2500.4   7.74    0.0    0.0  0.00 216.00 216.00
2019-01-20T02_26_11 943  9.64  262.8 2533.3   7.74    0.0    0.0  0.00 215.00 215.00
2019-01-20T02_26_13 944  9.63  260.4 2508.1   7.74    0.0    0.0  0.00 216.00 216.00
2019-01-20T02_26_16 945  9.63  261.6 2519.7   7.74    0.0    0.0  0.00 215.00 215.00
2019-01-20T02_26_18 946  9.63  262.0 2523.5   7.74    0.0    0.0  0.00 215.00 215.00
2019-01-20T02_26_20 947  9.63  262.4 2527.4   7.74    0.0    0.0  0.00 215.00 215.00
2019-01-20T02_26_23 948  9.63  260.4 2508.1   7.74    0.0    0.0  0.00 215.00 215.00
2019-01-20T02_26_25 949  9.63  262.0 2523.5   7.74    0.0    0.0  0.00 215.00 215.00
2019-01-20T02_26_28 950  9.63  261.6 2519.7   7.74    0.0    0.0  0.00 215.00 215.00
2019-01-20T02_26_30 951  9.63  264.0 2542.8   7.74    0.0    0.0  0.00 215.00 215.00
2019-01-20T02_26_33 952  9.63  262.8 2531.2   7.74    0.0    0.0  0.00 215.00 215.00
2019-01-20T02_26_35 953  9.63  264.8 2550.5   7.74    0.0    0.0  0.00 215.00 215.00
2019-01-20T02_26_37 954  9.63  263.6 2539.0   7.74    0.0    0.0  0.00 216.00 216.00
2019-01-20T02_26_40 955  9.63  263.6 2539.0   7.74    0.0    0.0  0.00 215.00 215.00
2019-01-20T02_26_42 956  9.64  254.8 2456.2   7.74    0.0    0.0  0.00 215.00 215.00
2019-01-20T02_26_45 957  9.66  229.6 2218.8   7.76    0.0    0.0  0.00 215.00 215.00
2019-01-20T02_26_47 958  9.66  228.4 2207.2   7.76    0.0    0.0  0.00 215.00 215.00
2019-01-20T02_26_50 959  9.66  227.6 2199.5   7.76    0.0    0.0  0.00 216.00 216.00
2019-01-20T02_26_52 960  9.66  228.4 2207.2   7.76    0.0    0.0  0.00 215.00 215.00
2019-01-20T02_26_54 961  9.66  229.2 2214.9   7.76    0.0    0.0  0.00 216.00 216.00
2019-01-20T02_26_57 962  9.66  227.6 2199.5   7.76    0.0    0.0  0.00 215.00 215.00
2019-01-20T02_26_59 963  9.66  228.4 2207.2   7.76    0.0    0.0  0.00 216.00 216.00
2019-01-20T02_27_02 964  9.65  240.4 2319.3   7.75    0.0    0.0  0.00 215.00 215.00
2019-01-20T02_27_04 965  9.66  227.2 2195.6   7.77    0.0    0.0  0.00 216.00 216.00