2019-01-30T01_29_12 1724 11.03  212.0 2338.7   8.21    0.0    0.0  0.00 200 200
2019-01-30T01_29_15 1725 11.03  212.8 2347.6   8.21    0.0    0.0  0.00 200 200
2019-01-30T01_29_17 1726 11.03  212.0 2338.7   8.21    0.0    0.0  0.00 200 200
2019-01-30T01_29_20 1727 11.03  212.0 2338.7   8.21    0.0    0.0  0.00 200 200
2019-01-30T01_29_22 1728 11.03  212.0 2338.7   8.21    0.0    0.0  0.00 200 200
2019-01-30T01_29_24 1729 11.03  212.0 2338.7   8.21    0.0    0.0  0.00 200 200
2019-01-30T01_29_27 1730 11.03  212.0 2338.7   8.21    0.0    0.0  0.00 200 200
2019-01-30T01_29_29 1731 11.03  212.0 2338.7   8.21    0.0    0.0  0.00 200 200
2019-01-30T01_29_32 1732 11.03  212.0 2338.7   8.21    0.0    0.0  0.00 200 200
2019-01-30T01_29_34 1733 11.03  212.4 2343.2   8.21    0.0    0.0  0.00 200 200
2019-01-30T01_29_37 1734 11.03  212.0 2338.7   8.21    0.0    0.0  0.00 200 200
2019-01-30T01_29_39 1735 11.03  212.8 2347.6   8.21    0.0    0.0  0.00 200 200
2019-01-30T01_29_42 1736 11.03  212.8 2347.6   8.21    0.0    0.0  0.00 200 200
2019-01-30T01_29_44 1737 11.03  212.0 2338.7   8.21    0.0    0.0  0.00 200 200
2019-01-30T01_29_47 1738 11.03  212.0 2338.7   8.21    0.0    0.0  0.00 200 200
2019-01-30T01_29_49 1739 11.03  212.4 2343.2   8.21    0.0    0.0  0.00 200 200
2019-01-30T01_29_51 1740 11.03  212.0 2338.7   8.21    0.0    0.0  0.00 200 200
2019-01-30T01_29_54 1741 11.03  212.8 2347.6   8.21    0.0    0.0  0.00 200 200
2019-01-30T01_29_56 1742 11.03  212.0 2338.7   8.21    0.0    0.0  0.00 200 200
2019-01-30T01_29_59 1743 11.03  212.0 2338.7   8.21    0.0    0.0  0.00 200 200
2019-01-30T01_30_01 1744 11.03  212.0 2338.7   8.21    0.0    0.0  0.00 200 200
2019-01-30T01_30_04 1745 11.03  212.0 2338.7   8.21    0.0    0.0  0.00 200 200
2019-01-30T01_30_06 1746 11.03  212.0 2338.7   8.21    0.0    0.0  0.00 200 200
2019-01-30T01_30_09 1747 11.03  212.4 2343.2   8.21    0.0    0.0  0.00 200 200
2019-01-30T01_30_11 1748 11.03  212.0 2338.7   8.21    0.0    0.0  0.00 200 200
2019-01-30T01_30_14 1749 11.03  212.0 2338.7   8.21    0.0    0.0  0.00 200 200
2019-01-30T01_30_16 1750 11.03  212.8 2347.6   8.21    0.0    0.0  0.00 200 200
2019-01-30T01_30_19 1751 11.03  212.0 2338.7   8.21    0.0    0.0  0.00 200 200
2019-01-30T01_30_21 1752 11.03  212.0 2338.7   8.21    0.0    0.0  0.00 200 200
2019-01-30T01_30_23 1753 11.03  212.0 2338.7   8.21    0.0    0.0  0.00 200 200
2019-01-30T01_30_26 1754 11.03  212.0 2338.7   8.21    0.0    0.0  0.00 200 200
2019-01-30T01_30_28 1755 11.03  212.4 2343.2   8.21    0.0    0.0  0.00 200 200
2019-01-30T01_30_31 1756 11.03  212.0 2338.7   8.21    0.0    0.0  0.00 200 200
2019-01-30T01_30_33 1757 11.03  212.4 2343.2   8.21    0.0    0.0  0.00 200 200
2019-01-30T01_30_36 1758 11.03  212.4 2343.2   8.21    0.0    0.0  0.00 200 200
2019-01-30T01_30_38 1759 11.03  212.0 2338.7   8.21    0.0    0.0  0.00 200 200
2019-01-30T01_30_41 1760 11.03  212.0 2338.7   8.21    0.0    0.0  0.00 200 200
2019-01-30T01_30_43 1761 11.03  212.8 2347.6   8.21    0.0    0.0  0.00 200 200
2019-01-30T01_30_46 1762 11.03  212.0 2338.7   8.21    0.0    0.0  0.00 200 200
2019-01-30T01_30_48 1763 11.03  212.0 2338.7   8.21    0.0    0.0  0.00 200 200
2019-01-30T01_30_50 1764 11.03  212.0 2338.7   8.21    0.0    0.0  0.00 200 200
2019-01-30T01_30_53 1765 11.03  212.0 2338.7   8.21    0.0    0.0  0.00 200 200
2019-01-30T01_30_55 1766 11.03  212.0 2338.7   8.21    0.0    0.0  0.00 200 200
2019-01-30T01_30_58 1767 11.03  212.0 2338.7   8.21    0.0    0.0  0.00 200 200
2019-01-30T01_31_00 1768 11.03  215.2 2374.0   8.20    0.0    0.0  0.00 200 200
2019-01-30T01_31_03 1769 11.03  212.0 2338.7   8.21    0.0    0.0  0.00 200 200
2019-01-30T01_31_05 1770 11.03  211.6 2334.3   8.21    0.0    0.0  0.00 200 200
2019-01-30T01_31_08 1771 11.03  211.6 2334.3   8.21    0.0    0.0  0.00 200 200
2019-01-30T01_31_10 1772 11.03  212.8 2347.6   8.21    0.0    0.0  0.00 200 200
2019-01-30T01_31_13 1773 11.03  211.6 2334.3   8.21    0.0    0.0  0.00 200 200
2019-01-30T01_31_15 1774 11.03  211.6 2334.3   8.21    0.0    0.0  0.00 200 200