2019-02-01T00_03_53 1916 11.04  212.0 2340.4   8.22    0.0    0.0  0.00 200 200
2019-02-01T00_03_55 1917 11.04  212.0 2340.4   8.22    0.0    0.0  0.00 200 200
2019-02-01T00_03_58 1918 11.04  212.0 2340.4   8.22    0.0    0.0  0.00 200 200
2019-02-01T00_04_00 1919 11.04  212.0 2340.4   8.22    0.0    0.0  0.00 200 200
2019-02-01T00_04_03 1920 11.04  212.8 2349.3   8.22    0.0    0.0  0.00 200 200
2019-02-01T00_04_05 1921 11.04  212.4 2344.9   8.22    0.0    0.0  0.00 200 200
2019-02-01T00_04_08 1922 11.04  213.2 2353.7   8.22    0.0    0.0  0.00 200 200
2019-02-01T00_04_10 1923 11.04  212.0 2340.4   8.22    0.0    0.0  0.00 200 200
2019-02-01T00_04_12 1924 11.04  212.0 2340.4   8.22    0.0    0.0  0.00 200 200
2019-02-01T00_04_15 1925 11.04  212.4 2344.9   8.22    0.0    0.0  0.00 200 200
2019-02-01T00_04_17 1926 11.04  212.0 2340.4   8.22    0.0    0.0  0.00 200 200
2019-02-01T00_04_20 1927 11.04  212.0 2340.4   8.22    0.0    0.0  0.00 200 200
2019-02-01T00_04_22 1928 11.03  224.4 2475.5   8.21    0.0    0.0  0.00 200 200
2019-02-01T00_04_25 1929 11.04  212.4 2344.9   8.22    0.0    0.0  0.00 200 200
2019-02-01T00_04_27 1930 11.04  212.0 2340.4   8.22    0.0    0.0  0.00 200 200
2019-02-01T00_04_30 1931 11.04  212.0 2340.4   8.22    0.0    0.0  0.00 200 200
2019-02-01T00_04_32 1932 11.04  216.0 2384.6   8.21    0.0    0.0  0.00 200 200
2019-02-01T00_04_35 1933 11.04  213.2 2353.7   8.22    0.0    0.0  0.00 200 200
2019-02-01T00_04_37 1934 11.04  212.0 2340.4   8.22    0.0    0.0  0.00 200 200
2019-02-01T00_04_40 1935 11.04  212.0 2340.4   8.22    0.0    0.0  0.00 200 200
2019-02-01T00_04_42 1936 11.04  212.0 2340.4   8.22    0.0    0.0  0.00 200 200
2019-02-01T00_04_44 1937 11.04  212.0 2340.4   8.22    0.0    0.0  0.00 200 200
2019-02-01T00_04_47 1938 11.04  212.0 2340.4   8.22    0.0    0.0  0.00 200 200
2019-02-01T00_04_49 1939 11.02  239.6 2641.3   8.19    0.0    0.0  0.00 200 200
2019-02-01T00_04_52 1940 11.01  250.8 2760.8   8.18    0.0    0.0  0.00 200 200
2019-02-01T00_04_54 1941 11.01  249.2 2743.1   8.19    0.0    0.0  0.00 200 200
2019-02-01T00_04_57 1942 11.01  249.2 2743.1   8.18    0.0    0.0  0.00 200 200
2019-02-01T00_04_59 1943 11.02  237.2 2614.8   8.20    0.0    0.0  0.00 200 200
2019-02-01T00_05_02 1944 11.02  237.2 2613.0   8.20    0.0    0.0  0.00 200 200
2019-02-01T00_05_04 1945 11.01  246.8 2716.7   8.19    0.0    0.0  0.00 200 200
2019-02-01T00_05_07 1946 11.02  239.6 2639.4   8.19    0.0    0.0  0.00 200 200
2019-02-01T00_05_09 1947 11.02  228.8 2522.2   8.20    0.0    0.0  0.00 200 200
2019-02-01T00_05_11 1948 11.03  221.2 2440.2   8.21    0.0    0.0  0.00 200 200
2019-02-01T00_05_14 1949 11.03  220.4 2431.4   8.21    0.0    0.0  0.00 200 200
2019-02-01T00_05_16 1950 11.02  246.4 2714.3   8.19    0.0    0.0  0.00 200 200
2019-02-01T00_05_19 1951 11.02  240.8 2652.6   8.19    0.0    0.0  0.00 200 200
2019-02-01T00_05_21 1952 11.02  234.4 2584.0   8.20    0.0    0.0  0.00 200 200
2019-02-01T00_05_24 1953 11.02  237.6 2619.3   8.19    0.0    0.0  0.00 200 200
2019-02-01T00_05_26 1954 11.02  232.8 2566.3   8.20    0.0    0.0  0.00 200 200
2019-02-01T00_05_29 1955 11.02  239.2 2635.0   8.19    0.0    0.0  0.00 200 200
2019-02-01T00_05_31 1956 11.02  230.4 2539.9   8.20    0.0    0.0  0.00 200 200
2019-02-01T00_05_34 1957 11.02  244.8 2696.7   8.19    0.0    0.0  0.00 200 200
2019-02-01T00_05_36 1958 11.02  240.4 2648.2   8.19    0.0    0.0  0.00 200 200
2019-02-01T00_05_39 1959 11.02  242.0 2665.8   8.19    0.0    0.0  0.00 200 200
2019-02-01T00_05_41 1960 11.03  220.8 2435.8   8.21    0.0    0.0  0.00 200 200
2019-02-01T00_05_43 1961 11.02  229.6 2531.1   8.20    0.0    0.0  0.00 200 200
2019-02-01T00_05_46 1962 11.03  220.8 2435.8   8.21    0.0    0.0  0.00 200 200
2019-02-01T00_05_48 1963 11.02  232.0 2557.5   8.20    0.0    0.0  0.00 200 200
2019-02-01T00_05_51 1964 11.02  242.0 2665.8   8.19    0.0    0.0  0.00 200 200
2019-02-01T00_05_53 1965 11.03  221.2 2440.2   8.21    0.0    0.0  0.00 200 200
2019-02-01T00_05_56 1966 11.03  220.0 2427.0   8.21    0.0    0.0  0.00 200 200