2019-02-02T00_13_21 7696 11.09  194.4 2155.5   8.12  -10.4  -84.4  -0.04 200 200
2019-02-02T00_13_23 7697 11.09  196.4 2177.6   8.12  -10.4  -84.4  -0.04 200 200
2019-02-02T00_13_26 7698 11.09  198.4 2199.8   8.12  -10.0  -81.2  -0.04 200 200
2019-02-02T00_13_28 7699 11.10  188.4 2090.4   8.12  -10.8  -87.7  -0.04 200 200
2019-02-02T00_13_31 7700 11.09  192.8 2137.7   8.12  -10.4  -84.4  -0.04 200 200
2019-02-02T00_13_33 7701 11.09  192.8 2137.7   8.12  -10.4  -84.4  -0.04 200 200
2019-02-02T00_13_36 7702 11.09  194.8 2159.9   8.12  -10.4  -84.4  -0.04 200 200
2019-02-02T00_13_38 7703 11.09  196.8 2182.1   8.12  -10.0  -81.2  -0.04 200 200
2019-02-02T00_13_41 7704 11.11  153.2 1702.3   8.12  -13.6 -110.4  -0.06 200 200
2019-02-02T00_13_43 7705 11.10  164.0 1821.0   8.12  -12.8 -103.9  -0.06 200 200
2019-02-02T00_13_46 7706 11.11  152.0 1689.0   8.12  -13.6 -110.4  -0.07 200 200
2019-02-02T00_13_48 7707 11.10  184.0 2041.6   8.12  -11.2  -90.9  -0.04 200 200
2019-02-02T00_13_50 7708 11.11  152.0 1689.0   8.12  -13.6 -110.4  -0.07 200 200
2019-02-02T00_13_53 7709 11.11  152.0 1689.0   8.12  -13.6 -110.4  -0.07 200 200
2019-02-02T00_13_55 7710 11.11  152.0 1689.0   8.12  -13.6 -110.4  -0.07 200 200
2019-02-02T00_13_58 7711 11.11  152.0 1689.0   8.12  -13.6 -110.4  -0.07 200 200
2019-02-02T00_14_00 7712 11.11  152.0 1689.0   8.12  -13.6 -110.4  -0.07 200 200
2019-02-02T00_14_03 7713 11.11  152.0 1689.0   8.12  -13.6 -110.4  -0.07 200 200
2019-02-02T00_14_05 7714 11.10  164.8 1829.9   8.12  -12.8 -103.9  -0.06 200 200
2019-02-02T00_14_08 7715 11.11  152.0 1689.0   8.12  -13.6 -110.4  -0.07 200 200
2019-02-02T00_14_10 7716 11.10  190.0 2108.2   8.12  -10.8  -87.7  -0.04 200 200
2019-02-02T00_14_13 7717 11.11  153.2 1702.3   8.12  -13.6 -110.4  -0.06 200 200
2019-02-02T00_14_15 7718 11.11  153.6 1706.8   8.12  -13.6 -110.4  -0.06 200 200
2019-02-02T00_14_18 7719 11.11  152.4 1693.4   8.12  -13.6 -110.4  -0.07 200 200
2019-02-02T00_14_20 7720 11.11  152.4 1693.4   8.12  -13.6 -110.4  -0.07 200 200
2019-02-02T00_14_22 7721 11.11  152.4 1693.4   8.12  -13.6 -110.4  -0.07 200 200
2019-02-02T00_14_25 7722 11.10  169.6 1883.2   8.12  -12.4 -100.6  -0.05 200 200
2019-02-02T00_14_27 7723 11.11  152.4 1693.4   8.12  -13.6 -110.4  -0.07 200 200
2019-02-02T00_14_30 7724 11.11  154.8 1720.1   8.12  -13.6 -110.4  -0.06 200 200
2019-02-02T00_14_32 7725 11.11  155.6 1729.0   8.12  -13.6 -110.4  -0.06 200 200
2019-02-02T00_14_35 7726 11.11  152.0 1689.0   8.12  -13.6 -110.4  -0.07 200 200
2019-02-02T00_14_37 7727 11.11  152.0 1689.0   8.12  -13.6 -110.4  -0.07 200 200
2019-02-02T00_14_40 7728 11.11  152.8 1697.9   8.12  -13.6 -110.4  -0.07 200 200
2019-02-02T00_14_42 7729 11.11  152.4 1693.4   8.12  -13.6 -110.4  -0.07 200 200
2019-02-02T00_14_45 7730 11.10  164.4 1825.5   8.12  -12.8 -103.9  -0.06 200 200
2019-02-02T00_14_47 7731 11.11  152.0 1689.0   8.12  -13.6 -110.4  -0.07 200 200
2019-02-02T00_14_49 7732 11.11  153.2 1702.3   8.12  -13.6 -110.4  -0.06 200 200
2019-02-02T00_14_52 7733 11.11  152.4 1693.4   8.12  -13.6 -110.4  -0.07 200 200
2019-02-02T00_14_54 7734 11.10  164.0 1821.0   8.12  -12.8 -103.9  -0.06 200 200
2019-02-02T00_14_57 7735 11.11  152.0 1689.0   8.12  -13.6 -110.4  -0.07 200 200
2019-02-02T00_14_59 7736 11.10  165.6 1838.8   8.12  -12.4 -100.6  -0.05 200 200
2019-02-02T00_15_02 7737 11.10  173.2 1923.2   8.12  -12.0  -97.4  -0.05 200 200
2019-02-02T00_15_04 7738 11.11  152.0 1689.0   8.12  -13.6 -110.4  -0.07 200 200
2019-02-02T00_15_07 7739 11.11  152.4 1693.4   8.12  -13.6 -110.4  -0.07 200 200
2019-02-02T00_15_09 7740 11.11  157.6 1751.2   8.12  -13.2 -107.1  -0.06 200 200
2019-02-02T00_15_12 7741 11.11  152.4 1693.4   8.12  -13.6 -110.4  -0.07 200 200
2019-02-02T00_15_14 7742 11.11  152.8 1697.9   8.12  -13.6 -110.4  -0.07 200 200
2019-02-02T00_15_17 7743 11.11  152.0 1689.0   8.12  -13.6 -110.4  -0.07 200 200
2019-02-02T00_15_19 7744 11.11  152.0 1689.0   8.12  -13.6 -110.4  -0.07 200 200
2019-02-02T00_15_21 7745 11.11  152.0 1689.0   8.12  -13.6 -110.4  -0.07 200 200
2019-02-02T00_15_24 7746 11.11  152.0 1689.0   8.12  -13.6 -110.4  -0.07 200 200