2019-01-30T23_38_48 1304 11.04  212.4 2344.9   8.22    0.0    0.0  0.00 200 200
2019-01-30T23_38_51 1305 11.04  212.4 2344.9   8.22    0.0    0.0  0.00 200 200
2019-01-30T23_38_53 1306 11.04  212.4 2344.9   8.22    0.0    0.0  0.00 200 200
2019-01-30T23_38_55 1307 11.04  212.0 2340.4   8.22    0.0    0.0  0.00 200 200
2019-01-30T23_38_58 1308 11.04  212.8 2349.3   8.22    0.0    0.0  0.00 200 200
2019-01-30T23_39_00 1309 11.04  212.0 2340.4   8.22    0.0    0.0  0.00 200 200
2019-01-30T23_39_03 1310 11.04  212.8 2349.3   8.22    0.0    0.0  0.00 200 200
2019-01-30T23_39_05 1311 11.04  212.4 2344.9   8.22    0.0    0.0  0.00 200 200
2019-01-30T23_39_08 1312 11.04  212.0 2340.4   8.22    0.0    0.0  0.00 200 200
2019-01-30T23_39_10 1313 11.04  212.4 2344.9   8.22    0.0    0.0  0.00 200 200
2019-01-30T23_39_13 1314 11.04  212.4 2344.9   8.22    0.0    0.0  0.00 200 200
2019-01-30T23_39_15 1315 11.04  212.0 2340.4   8.22    0.0    0.0  0.00 200 200
2019-01-30T23_39_18 1316 11.04  212.0 2340.4   8.22    0.0    0.0  0.00 200 200
2019-01-30T23_39_20 1317 11.04  213.2 2353.7   8.22    0.0    0.0  0.00 200 200
2019-01-30T23_39_22 1318 11.04  212.0 2340.4   8.22    0.0    0.0  0.00 200 200
2019-01-30T23_39_25 1319 11.04  212.0 2340.4   8.22    0.0    0.0  0.00 200 200
2019-01-30T23_39_27 1320 11.04  212.0 2340.4   8.22    0.0    0.0  0.00 200 200
2019-01-30T23_39_30 1321 11.04  212.0 2340.4   8.22    0.0    0.0  0.00 200 200
2019-01-30T23_39_32 1322 11.04  212.4 2344.9   8.22    0.0    0.0  0.00 200 200
2019-01-30T23_39_35 1323 11.04  212.0 2340.4   8.22    0.0    0.0  0.00 200 200
2019-01-30T23_39_37 1324 11.04  212.0 2340.4   8.22    0.0    0.0  0.00 200 200
2019-01-30T23_39_40 1325 11.04  212.4 2344.9   8.22    0.0    0.0  0.00 200 200
2019-01-30T23_39_42 1326 11.04  212.0 2340.4   8.22    0.0    0.0  0.00 200 200
2019-01-30T23_39_45 1327 11.04  212.4 2344.9   8.22    0.0    0.0  0.00 200 200
2019-01-30T23_39_47 1328 11.04  212.8 2349.3   8.22    0.0    0.0  0.00 200 200
2019-01-30T23_39_50 1329 11.04  212.0 2340.4   8.22    0.0    0.0  0.00 200 200
2019-01-30T23_39_52 1330 11.04  212.4 2344.9   8.22    0.0    0.0  0.00 200 200
2019-01-30T23_39_54 1331 11.04  212.4 2344.9   8.22    0.0    0.0  0.00 200 200
2019-01-30T23_39_57 1332 11.04  212.4 2344.9   8.22    0.0    0.0  0.00 200 200
2019-01-30T23_39_59 1333 11.04  212.4 2344.9   8.22    0.0    0.0  0.00 200 200
2019-01-30T23_40_02 1334 11.04  212.4 2344.9   8.22    0.0    0.0  0.00 200 200
2019-01-30T23_40_04 1335 11.04  212.4 2344.9   8.22    0.0    0.0  0.00 200 200
2019-01-30T23_40_07 1336 11.04  212.8 2349.3   8.22    0.0    0.0  0.00 200 200
2019-01-30T23_40_09 1337 11.04  212.4 2344.9   8.22    0.0    0.0  0.00 200 200
2019-01-30T23_40_12 1338 11.04  212.4 2344.9   8.22    0.0    0.0  0.00 200 200
2019-01-30T23_40_14 1339 11.04  213.2 2353.7   8.22    0.0    0.0  0.00 200 200
2019-01-30T23_40_17 1340 11.04  212.8 2349.3   8.22    0.0    0.0  0.00 200 200
2019-01-30T23_40_19 1341 11.04  212.8 2349.3   8.22    0.0    0.0  0.00 200 200
2019-01-30T23_40_21 1342 11.04  212.8 2349.3   8.22    0.0    0.0  0.00 200 200
2019-01-30T23_40_24 1343 11.04  212.8 2349.3   8.22    0.0    0.0  0.00 200 200
2019-01-30T23_40_26 1344 11.04  212.8 2349.3   8.22    0.0    0.0  0.00 200 200
2019-01-30T23_40_29 1345 11.04  212.8 2349.3   8.22    0.0    0.0  0.00 200 200
2019-01-30T23_40_31 1346 11.04  212.8 2349.3   8.22    0.0    0.0  0.00 200 200
2019-01-30T23_40_34 1347 11.04  212.8 2349.3   8.22    0.0    0.0  0.00 200 200
2019-01-30T23_40_36 1348 11.04  212.8 2349.3   8.22    0.0    0.0  0.00 200 200
2019-01-30T23_40_39 1349 11.04  212.8 2349.3   8.22    0.0    0.0  0.00 200 200
2019-01-30T23_40_41 1350 11.04  213.2 2353.7   8.22    0.0    0.0  0.00 200 200
2019-01-30T23_40_44 1351 11.04  212.8 2349.3   8.22    0.0    0.0  0.00 200 200
2019-01-30T23_40_46 1352 11.04  212.8 2349.3   8.22    0.0    0.0  0.00 200 200
2019-01-30T23_40_49 1353 11.04  212.8 2349.3   8.22    0.0    0.0  0.00 200 200
2019-01-30T23_40_51 1354 11.04  212.8 2349.3   8.22    0.0    0.0  0.00 200 200