2019-05-05_01:46:44 00001 11.560 200.400 2316.624 3.216 0.000 0.000 0.32
2019-05-05_01:46:44 00002 11.568 194.800 2253.446 3.440 0.000 0.000 0.34
2019-05-05_01:46:45 00003 11.584 191.600 2219.494 3.680 0.400 1.472 0.36
2019-05-05_01:46:46 00004 11.576 186.000 2153.136 3.920 0.000 0.000 0.38
2019-05-05_01:46:47 00005 11.560 189.200 2187.152 4.144 0.000 0.000 0.40
2019-05-05_01:46:48 00006 11.568 197.200 2281.210 4.384 0.000 0.000 0.42
2019-05-05_01:46:49 00007 11.568 195.200 2258.074 4.616 0.400 1.846 0.44
2019-05-05_01:46:51 00008 11.568 203.600 2355.245 4.856 0.000 0.000 0.46
2019-05-05_01:46:51 00009 11.560 199.600 2307.376 5.072 0.000 0.000 0.48
2019-05-05_01:46:53 00010 11.560 192.400 2224.144 5.312 0.000 0.000 0.50
2019-05-05_01:46:54 00011 11.568 193.200 2234.938 5.544 0.000 0.000 0.52
2019-05-05_01:46:55 00012 11.568 195.200 2258.074 5.776 0.000 0.000 0.54
2019-05-05_01:46:56 00013 11.552 192.800 2227.226 5.992 0.000 0.000 0.56
2019-05-05_01:46:57 00014 11.568 188.800 2184.038 6.232 0.000 0.000 0.58
2019-05-05_01:46:58 00015 11.568 194.000 2244.192 6.456 0.000 0.000 0.60
2019-05-05_01:46:59 00016 11.560 194.800 2251.888 6.680 0.000 0.000 0.62
2019-05-05_01:47:00 00017 11.552 199.200 2301.158 6.896 0.000 0.000 0.64
2019-05-05_01:47:01 00018 11.568 192.800 2230.310 7.128 0.000 0.000 0.66
2019-05-05_01:47:02 00019 11.568 188.400 2179.411 7.344 0.000 0.000 0.68
2019-05-05_01:47:03 00020 11.560 193.600 2238.016 7.560 0.000 0.000 0.70
2019-05-05_01:47:04 00021 11.560 196.000 2265.760 7.768 0.000 0.000 0.72
2019-05-05_01:47:05 00022 11.568 198.000 2290.464 7.992 0.400 3.197 0.74
2019-05-05_01:47:06 00023 11.568 188.000 2174.784 8.200 0.000 0.000 0.76
2019-05-05_01:47:07 00024 11.552 195.200 2254.950 8.416 0.000 0.000 0.75
2019-05-05_01:47:08 00025 11.560 194.800 2251.888 8.304 0.000 0.000 0.75
2019-05-05_01:47:09 00026 11.568 196.400 2271.955 8.312 0.400 3.325 0.75
2019-05-05_01:47:10 00027 11.560 194.000 2242.640 8.320 0.000 0.000 0.75
2019-05-05_01:47:11 00028 11.568 186.400 2156.275 8.344 0.400 3.338 0.75
2019-05-05_01:47:12 00029 11.560 195.200 2256.512 8.344 0.400 3.338 0.76
2019-05-05_01:47:13 00030 11.560 192.400 2224.144 8.360 0.400 3.344 0.76
2019-05-05_01:47:14 00031 11.552 194.800 2250.330 8.368 0.400 3.347 0.76
2019-05-05_01:47:15 00032 11.560 196.000 2265.760 8.376 0.400 3.350 0.76
2019-05-05_01:47:16 00033 11.552 195.200 2254.950 8.392 0.000 0.000 0.76
2019-05-05_01:47:17 00034 11.560 197.200 2279.632 8.400 0.000 0.000 0.76
2019-05-05_01:47:18 00035 11.560 197.200 2279.632 8.416 0.000 0.000 0.75
2019-05-05_01:47:19 00036 11.568 188.800 2184.038 8.304 0.000 0.000 0.75
2019-05-05_01:47:20 00037 11.568 186.800 2160.902 8.320 0.400 3.328 0.75
2019-05-05_01:47:21 00038 11.560 195.200 2256.512 8.328 0.400 3.331 0.75
2019-05-05_01:47:22 00039 11.560 199.200 2302.752 8.336 0.000 0.000 0.75
2019-05-05_01:47:23 00040 11.568 190.400 2202.547 8.352 0.000 0.000 0.76
2019-05-05_01:47:24 00041 11.552 198.000 2287.296 8.352 0.400 3.341 0.76
2019-05-05_01:47:25 00042 11.560 195.600 2261.136 8.368 0.400 3.347 0.76
2019-05-05_01:47:26 00043 11.552 197.600 2282.675 8.384 0.000 0.000 0.76
2019-05-05_01:47:27 00044 11.552 194.000 2241.088 8.392 0.400 3.357 0.76
2019-05-05_01:47:28 00045 11.552 196.400 2268.813 8.400 0.000 0.000 0.76
2019-05-05_01:47:29 00046 11.552 198.800 2296.538 8.416 0.000 0.000 0.75
2019-05-05_01:47:30 00047 11.560 199.600 2307.376 8.296 0.000 0.000 0.77
2019-05-05_01:47:31 00048 11.552 199.600 2305.779 8.560 0.000 0.000 0.76
2019-05-05_01:47:32 00049 11.560 189.200 2187.152 8.416 0.000 0.000 0.75
2019-05-05_01:47:33 00050 11.560 191.600 2214.896 8.304 0.000 0.000 0.75
2019-05-05_01:47:34 00051 11.560 200.800 2321.248 8.312 0.000 0.000 0.75
2019-05-05_01:47:35 00052 11.568 191.200 2211.802 8.328 0.000 0.000 0.75
2019-05-05_01:47:36 00053 11.560 195.200 2256.512 8.336 0.000 0.000 0.75
2019-05-05_01:47:37 00054 11.560 188.000 2173.280 8.344 0.400 3.338 0.76
2019-05-05_01:47:38 00055 11.560 200.800 2321.248 8.352 0.400 3.341 0.76
2019-05-05_01:47:39 00056 11.560 194.000 2242.640 8.360 0.000 0.000 0.76
2019-05-05_01:47:40 00057 11.568 185.600 2147.021 8.384 0.400 3.354 0.76
2019-05-05_01:47:41 00058 11.552 200.000 2310.400 8.392 0.000 0.000 0.76
2019-05-05_01:47:42 00059 11.552 200.000 2310.400 8.400 0.000 0.000 0.76
2019-05-05_01:47:43 00060 11.552 199.200 2301.158 8.416 0.000 0.000 0.75
2019-05-05_01:47:44 00061 11.560 198.400 2293.504 8.304 0.000 0.000 0.75
2019-05-05_01:47:45 00062 11.560 199.200 2302.752 8.312 0.000 0.000 0.75
2019-05-05_01:47:46 00063 11.560 192.400 2224.144 8.328 0.000 0.000 0.75
2019-05-05_01:47:47 00064 11.568 170.800 1975.814 8.352 0.400 3.341 0.75
2019-05-05_01:47:48 00065 11.576 164.400 1903.094 8.368 0.400 3.347 0.76
2019-05-05_01:47:49 00066 11.576 169.600 1963.290 8.368 0.400 3.347 0.76
2019-05-05_01:47:50 00067 11.584 153.600 1779.302 8.392 0.400 3.357 0.76
2019-05-05_01:47:51 00068 11.576 162.800 1884.573 8.400 0.400 3.360 0.76
2019-05-05_01:47:52 00069 11.576 165.200 1912.355 8.408 0.400 3.363 0.75
2019-05-05_01:47:53 00070 11.600 153.200 1777.120 8.304 0.000 0.000 0.75
2019-05-05_01:47:54 00071 11.584 153.600 1779.302 8.312 0.400 3.325 0.75
2019-05-05_01:47:55 00072 11.584 160.800 1862.707 8.328 0.000 0.000 0.75
2019-05-05_01:47:56 00073 11.584 165.200 1913.677 8.336 0.400 3.334 0.75
2019-05-05_01:47:57 00074 11.592 153.600 1780.531 8.344 0.400 3.338 0.75
2019-05-05_01:47:58 00075 11.592 153.600 1780.531 8.360 0.400 3.344 0.75
2019-05-05_01:47:59 00076 11.584 154.400 1788.570 8.368 0.400 3.347 0.76
2019-05-05_01:48:00 00077 11.576 159.600 1847.530 8.376 0.400 3.350 0.76
2019-05-05_01:48:01 00078 11.576 171.600 1986.442 8.376 0.400 3.350 0.76
2019-05-05_01:48:02 00079 11.584 153.600 1779.302 8.400 0.000 0.000 0.76
2019-05-05_01:48:03 00080 11.584 153.600 1779.302 8.408 0.400 3.363 0.75
2019-05-05_01:48:04 00081 11.592 156.400 1812.989 8.304 0.000 0.000 0.75
2019-05-05_01:48:05 00082 11.584 163.600 1895.142 8.312 0.000 0.000 0.75
2019-05-05_01:48:06 00083 11.584 169.600 1964.646 8.312 0.000 0.000 0.75
2019-05-05_01:48:07 00084 11.592 153.600 1780.531 8.336 0.400 3.334 0.75
2019-05-05_01:48:08 00085 11.592 153.600 1780.531 8.344 0.400 3.338 0.75
2019-05-05_01:48:09 00086 11.560 182.800 2113.168 8.352 0.400 3.341 0.75
2019-05-05_01:48:10 00087 11.576 165.200 1912.355 8.368 0.400 3.347 0.76
2019-05-05_01:48:11 00088 11.576 168.800 1954.029 8.368 0.400 3.347 0.76
2019-05-05_01:48:12 00089 11.584 153.600 1779.302 8.392 0.400 3.357 0.76
2019-05-05_01:48:13 00090 11.576 153.200 1773.443 8.400 0.400 3.360 0.76
2019-05-05_01:48:14 00091 11.560 178.800 2066.928 8.400 0.000 0.000 0.76
2019-05-05_01:48:15 00092 11.576 164.800 1907.725 8.424 0.000 0.000 0.75
2019-05-05_01:48:16 00093 11.584 166.400 1927.578 8.304 0.000 0.000 0.75
2019-05-05_01:48:17 00094 11.592 165.200 1914.998 8.320 0.000 0.000 0.75
2019-05-05_01:48:18 00095 11.592 153.200 1775.894 8.328 0.000 0.000 0.75
2019-05-05_01:48:19 00096 11.568 169.200 1957.306 8.336 0.400 3.334 0.75
2019-05-05_01:48:20 00097 11.576 160.000 1852.160 8.360 0.400 3.344 0.75
2019-05-05_01:48:21 00098 11.584 168.000 1946.112 8.360 0.400 3.344 0.76
2019-05-05_01:48:22 00099 11.584 165.200 1913.677 8.376 0.400 3.350 0.76
2019-05-05_01:48:23 00100 11.584 167.600 1941.478 8.384 0.400 3.354 0.76
2019-05-05_01:48:24 00101 11.568 169.200 1957.306 8.392 0.400 3.357 0.76