2019-05-04_23:57:03 00910 11.584 153.600 1779.302 8.320 0.000 0.000 0.75
2019-05-04_23:57:04 00911 11.568 174.000 2012.832 8.320 0.000 0.000 0.75
2019-05-04_23:57:05 00912 11.584 162.400 1881.242 8.336 0.000 0.000 0.75
2019-05-04_23:57:06 00913 11.592 153.200 1775.894 8.352 0.400 3.341 0.75
2019-05-04_23:57:07 00914 11.568 168.800 1952.678 8.352 0.000 0.000 0.75
2019-05-04_23:57:08 00915 11.576 163.600 1893.834 8.368 0.000 0.000 0.76
2019-05-04_23:57:09 00916 11.576 169.200 1958.659 8.376 0.400 3.350 0.76
2019-05-04_23:57:10 00917 11.584 152.800 1770.035 8.392 0.400 3.357 0.76
2019-05-04_23:57:11 00918 11.576 158.000 1829.008 8.400 0.000 0.000 0.76
2019-05-04_23:57:12 00919 11.576 169.200 1958.659 8.400 0.000 0.000 0.76
2019-05-04_23:57:13 00920 11.584 153.600 1779.302 8.416 0.400 3.366 0.75
2019-05-04_23:57:14 00921 11.592 153.200 1775.894 8.320 0.400 3.328 0.75
2019-05-04_23:57:15 00922 11.584 162.000 1876.608 8.328 0.000 0.000 0.75
2019-05-04_23:57:16 00923 11.592 153.200 1775.894 8.336 0.400 3.334 0.75
2019-05-04_23:57:17 00924 11.584 153.200 1774.669 8.352 0.400 3.341 0.75
2019-05-04_23:57:18 00925 11.584 162.800 1885.875 8.360 0.400 3.344 0.75
2019-05-04_23:57:19 00926 11.576 169.200 1958.659 8.360 0.000 0.000 0.76
2019-05-04_23:57:20 00927 11.584 153.200 1774.669 8.384 0.400 3.354 0.76
2019-05-04_23:57:21 00928 11.576 163.200 1889.203 8.392 0.400 3.357 0.76
2019-05-04_23:57:22 00929 11.592 153.200 1775.894 8.400 0.000 0.000 0.76
2019-05-04_23:57:23 00930 11.584 152.800 1770.035 8.408 0.000 0.000 0.75
2019-05-04_23:57:24 00931 11.576 171.200 1981.811 8.304 0.000 0.000 0.75
2019-05-04_23:57:25 00932 11.592 164.000 1901.088 8.320 0.000 0.000 0.75
2019-05-04_23:57:26 00933 11.592 155.200 1799.078 8.328 0.000 0.000 0.75
2019-05-04_23:57:27 00934 11.576 168.800 1954.029 8.336 0.000 0.000 0.75
2019-05-04_23:57:28 00935 11.584 158.400 1834.906 8.352 0.400 3.341 0.75
2019-05-04_23:57:29 00936 11.576 169.600 1963.290 8.352 0.000 0.000 0.75
2019-05-04_23:57:30 00937 11.592 153.600 1780.531 8.368 0.000 0.000 0.76
2019-05-04_23:57:31 00938 11.584 154.400 1788.570 8.384 0.400 3.354 0.76
2019-05-04_23:57:32 00939 11.576 169.200 1958.659 8.384 0.400 3.354 0.76
2019-05-04_23:57:33 00940 11.584 153.600 1779.302 8.400 0.400 3.360 0.76
2019-05-04_23:57:34 00941 11.568 168.800 1952.678 8.400 0.400 3.360 0.76
2019-05-04_23:57:35 00942 11.576 162.000 1875.312 8.424 0.000 0.000 0.75
2019-05-04_23:57:36 00943 11.600 153.600 1781.760 8.320 0.000 0.000 0.75
2019-05-04_23:57:37 00944 11.592 153.600 1780.531 8.328 0.000 0.000 0.75
2019-05-04_23:57:38 00945 11.584 161.600 1871.974 8.336 0.400 3.334 0.75
2019-05-04_23:57:39 00946 11.576 170.000 1967.920 8.344 0.000 0.000 0.75
2019-05-04_23:57:40 00947 11.592 154.000 1785.168 8.360 0.400 3.344 0.75
2019-05-04_23:57:41 00948 11.584 153.600 1779.302 8.368 0.400 3.347 0.76
2019-05-04_23:57:42 00949 11.584 163.600 1895.142 8.384 0.400 3.354 0.76
2019-05-04_23:57:43 00950 11.584 154.000 1783.936 8.392 0.000 0.000 0.76
2019-05-04_23:57:44 00951 11.568 169.200 1957.306 8.392 0.000 0.000 0.76
2019-05-04_23:57:45 00952 11.576 161.600 1870.682 8.408 0.000 0.000 0.75
2019-05-04_23:57:46 00953 11.600 154.000 1786.400 8.312 0.000 0.000 0.75
2019-05-04_23:57:47 00954 11.600 153.200 1777.120 8.320 0.000 0.000 0.75
2019-05-04_23:57:48 00955 11.584 153.600 1779.302 8.328 0.000 0.000 0.75
2019-05-04_23:57:49 00956 11.584 170.000 1969.280 8.328 0.400 3.331 0.75
2019-05-04_23:57:50 00957 11.592 155.200 1799.078 8.344 0.400 3.338 0.75
2019-05-04_23:57:51 00958 11.576 158.400 1833.638 8.352 0.000 0.000 0.75
2019-05-04_23:57:52 00959 11.568 193.600 2239.565 8.360 0.400 3.344 0.76
2019-05-04_23:57:53 00960 11.576 170.000 1967.920 8.368 0.400 3.347 0.76
2019-05-04_23:57:54 00961 11.568 174.800 2022.086 8.368 0.000 0.000 0.76
2019-05-04_23:57:55 00962 11.576 170.400 1972.550 8.392 0.000 0.000 0.76
2019-05-04_23:57:56 00963 11.576 168.400 1949.398 8.400 0.000 0.000 0.76
2019-05-04_23:57:57 00964 11.576 167.200 1935.507 8.408 0.400 3.363 0.75
2019-05-04_23:57:58 00965 11.584 167.200 1936.845 8.312 0.000 0.000 0.75
2019-05-04_23:57:59 00966 11.560 192.800 2228.768 8.304 0.000 0.000 0.75
2019-05-04_23:58:00 00967 11.584 169.200 1960.013 8.328 0.000 0.000 0.75
2019-05-04_23:58:01 00968 11.576 170.400 1972.550 8.344 0.400 3.338 0.75
2019-05-04_23:58:02 00969 11.576 170.400 1972.550 8.352 0.000 0.000 0.75
2019-05-04_23:58:03 00970 11.576 170.400 1972.550 8.360 0.000 0.000 0.76
2019-05-04_23:58:04 00971 11.552 185.600 2144.051 8.352 0.000 0.000 0.76
2019-05-04_23:58:05 00972 11.576 166.800 1930.877 8.376 0.000 0.000 0.76
2019-05-04_23:58:06 00973 11.576 171.200 1981.811 8.392 0.400 3.357 0.76
2019-05-04_23:58:07 00974 11.568 170.800 1975.814 8.400 0.400 3.360 0.76
2019-05-04_23:58:08 00975 11.568 169.200 1957.306 8.408 0.400 3.363 0.75
2019-05-04_23:58:09 00976 11.576 175.600 2032.746 8.296 0.000 0.000 0.77
2019-05-04_23:58:10 00977 11.568 163.600 1892.525 8.544 0.000 0.000 0.76
2019-05-04_23:58:11 00978 11.568 170.000 1966.560 8.416 0.000 0.000 0.75
2019-05-04_23:58:12 00979 11.592 158.400 1836.173 8.312 0.400 3.325 0.75
2019-05-04_23:58:13 00980 11.584 159.200 1844.173 8.320 0.000 0.000 0.75
2019-05-04_23:58:14 00981 11.576 165.200 1912.355 8.328 0.000 0.000 0.75
2019-05-04_23:58:15 00982 11.576 169.200 1958.659 8.344 0.000 0.000 0.75
2019-05-04_23:58:16 00983 11.576 170.400 1972.550 8.352 0.400 3.341 0.75
2019-05-04_23:58:17 00984 11.584 173.600 2010.982 8.352 0.000 0.000 0.76
2019-05-04_23:58:18 00985 11.576 168.000 1944.768 8.368 0.000 0.000 0.76
2019-05-04_23:58:19 00986 11.552 194.000 2241.088 8.376 0.000 0.000 0.76
2019-05-04_23:58:20 00987 11.576 167.600 1940.138 8.392 0.400 3.357 0.76
2019-05-04_23:58:21 00988 11.576 168.400 1949.398 8.400 0.000 0.000 0.76
2019-05-04_23:58:22 00989 11.568 170.800 1975.814 8.416 0.000 0.000 0.75
2019-05-04_23:58:23 00990 11.584 167.200 1936.845 8.312 0.400 3.325 0.75
2019-05-04_23:58:24 00991 11.560 192.800 2228.768 8.304 0.000 0.000 0.75
2019-05-04_23:58:25 00992 11.584 168.000 1946.112 8.328 0.400 3.331 0.75
2019-05-04_23:58:26 00993 11.576 170.000 1967.920 8.344 0.400 3.338 0.75
2019-05-04_23:58:27 00994 11.576 170.400 1972.550 8.352 0.000 0.000 0.75
2019-05-04_23:58:28 00995 11.576 168.400 1949.398 8.360 0.400 3.344 0.76
2019-05-04_23:58:29 00996 11.552 194.400 2245.709 8.360 0.000 0.000 0.76
2019-05-04_23:58:30 00997 11.576 168.800 1954.029 8.384 0.400 3.354 0.76
2019-05-04_23:58:31 00998 11.576 170.400 1972.550 8.392 0.400 3.357 0.76
2019-05-04_23:58:32 00999 11.576 169.200 1958.659 8.400 0.400 3.360 0.76
2019-05-04_23:58:33 01000 11.568 170.800 1975.814 8.416 0.000 0.000 0.75
2019-05-04_23:58:34 01001 11.568 181.200 2096.122 8.296 0.000 0.000 0.77
2019-05-04_23:58:35 01002 11.568 166.000 1920.288 8.544 0.000 0.000 0.76
2019-05-04_23:58:36 01003 11.568 168.800 1952.678 8.408 0.000 0.000 0.75
2019-05-04_23:58:37 01004 11.584 169.600 1964.646 8.312 0.000 0.000 0.75
2019-05-04_23:58:38 01005 11.584 169.600 1964.646 8.320 0.000 0.000 0.75
2019-05-04_23:58:39 01006 11.576 170.400 1972.550 8.328 0.000 0.000 0.75
2019-05-04_23:58:40 01007 11.576 170.400 1972.550 8.344 0.000 0.000 0.75
2019-05-04_23:58:41 01008 11.576 166.400 1926.246 8.352 0.400 3.341 0.75
2019-05-04_23:58:42 01009 11.576 166.400 1926.246 8.360 0.400 3.344 0.76
2019-05-04_23:58:44 01010 11.576 169.600 1963.290 8.376 0.000 0.000 0.76