2019-05-05_22:19:47 02930 2.240 -0.800 -1.792 7.888 194.400 1533.427 0.00
2019-05-05_22:19:48 02931 2.240 -0.800 -1.792 7.888 193.600 1527.117 0.00
2019-05-05_22:19:49 02932 2.240 -0.800 -1.792 7.888 193.600 1527.117 0.00
2019-05-05_22:19:50 02933 2.240 -0.800 -1.792 7.888 203.600 1605.997 0.00
2019-05-05_22:19:51 02934 2.240 -0.800 -1.792 7.888 193.600 1527.117 0.00
2019-05-05_22:19:52 02935 2.240 -0.800 -1.792 7.888 193.200 1523.962 0.00
2019-05-05_22:19:53 02936 2.240 -0.800 -1.792 7.888 194.000 1530.272 0.00
2019-05-05_22:19:54 02937 2.240 -0.800 -1.792 7.888 193.200 1523.962 0.00
2019-05-05_22:19:55 02938 2.240 -0.800 -1.792 7.888 193.600 1527.117 0.00
2019-05-05_22:19:56 02939 2.240 -0.800 -1.792 7.888 193.600 1527.117 0.00
2019-05-05_22:19:57 02940 2.240 -0.800 -1.792 7.888 193.200 1523.962 0.00
2019-05-05_22:19:58 02941 2.240 -0.800 -1.792 7.888 194.800 1536.582 0.00
2019-05-05_22:19:59 02942 2.240 -0.800 -1.792 7.888 193.200 1523.962 0.00
2019-05-05_22:20:00 02943 2.240 -0.800 -1.792 7.880 193.200 1522.416 0.00
2019-05-05_22:20:01 02944 2.240 -0.800 -1.792 7.888 193.200 1523.962 0.00
2019-05-05_22:20:02 02945 2.240 -0.800 -1.792 7.888 192.800 1520.806 0.00
2019-05-05_22:20:03 02946 2.240 -0.800 -1.792 7.888 193.200 1523.962 0.00
2019-05-05_22:20:04 02947 2.240 -0.800 -1.792 7.888 202.400 1596.531 0.00
2019-05-05_22:20:05 02948 2.240 -0.800 -1.792 7.872 218.400 1719.245 0.00
2019-05-05_22:20:06 02949 2.240 -0.800 -1.792 7.888 194.400 1533.427 0.00
2019-05-05_22:20:07 02950 2.240 -0.800 -1.792 7.880 192.800 1519.264 0.00
2019-05-05_22:20:08 02951 2.240 -0.800 -1.792 7.888 193.600 1527.117 0.00
2019-05-05_22:20:09 02952 2.240 -0.800 -1.792 7.888 193.200 1523.962 0.00
2019-05-05_22:20:10 02953 2.240 -0.800 -1.792 7.888 192.800 1520.806 0.00
2019-05-05_22:20:11 02954 2.240 -0.800 -1.792 7.880 192.800 1519.264 0.00
2019-05-05_22:20:12 02955 2.240 -0.800 -1.792 7.888 194.400 1533.427 0.00
2019-05-05_22:20:13 02956 2.240 -0.800 -1.792 7.888 193.600 1527.117 0.00
2019-05-05_22:20:14 02957 2.240 -0.800 -1.792 7.888 198.800 1568.134 0.00
2019-05-05_22:20:15 02958 2.240 -0.800 -1.792 7.888 193.600 1527.117 0.00
2019-05-05_22:20:16 02959 2.240 -0.800 -1.792 7.888 193.200 1523.962 0.00
2019-05-05_22:20:17 02960 2.240 -0.800 -1.792 7.888 196.000 1546.048 0.00
2019-05-05_22:20:18 02961 2.240 -0.800 -1.792 7.888 193.200 1523.962 0.00
2019-05-05_22:20:19 02962 2.240 -0.800 -1.792 7.888 194.400 1533.427 0.00
2019-05-05_22:20:20 02963 2.240 -0.400 -0.896 7.880 193.200 1522.416 0.00
2019-05-05_22:20:21 02964 2.240 -0.800 -1.792 7.888 193.200 1523.962 0.00
2019-05-05_22:20:22 02965 2.240 -0.800 -1.792 7.888 193.600 1527.117 0.00
2019-05-05_22:20:23 02966 2.240 -0.800 -1.792 7.888 193.600 1527.117 0.00
2019-05-05_22:20:24 02967 2.240 -0.800 -1.792 7.888 193.600 1527.117 0.00
2019-05-05_22:20:25 02968 2.240 -0.800 -1.792 7.888 193.600 1527.117 0.00
2019-05-05_22:20:26 02969 2.240 -0.800 -1.792 7.888 194.400 1533.427 0.00
2019-05-05_22:20:27 02970 2.240 -0.800 -1.792 7.864 218.000 1714.352 0.00
2019-05-05_22:20:28 02971 2.240 -0.800 -1.792 7.888 202.000 1593.376 0.00
2019-05-05_22:20:29 02972 2.240 -0.800 -1.792 7.888 192.800 1520.806 0.00
2019-05-05_22:20:30 02973 2.240 -0.800 -1.792 7.888 193.600 1527.117 0.00
2019-05-05_22:20:31 02974 2.240 -0.800 -1.792 7.888 193.600 1527.117 0.00
2019-05-05_22:20:32 02975 2.240 -0.800 -1.792 7.888 194.000 1530.272 0.00
2019-05-05_22:20:33 02976 2.240 -0.800 -1.792 7.888 193.600 1527.117 0.00
2019-05-05_22:20:34 02977 2.240 -0.800 -1.792 7.888 193.600 1527.117 0.00
2019-05-05_22:20:35 02978 2.240 -0.800 -1.792 7.872 217.600 1712.947 0.00
2019-05-05_22:20:36 02979 2.240 -0.800 -1.792 7.888 193.600 1527.117 0.00
2019-05-05_22:20:37 02980 2.240 -0.800 -1.792 7.888 193.600 1527.117 0.00
2019-05-05_22:20:38 02981 2.240 -0.800 -1.792 7.888 194.000 1530.272 0.00
2019-05-05_22:20:39 02982 2.240 -0.800 -1.792 7.888 193.200 1523.962 0.00
2019-05-05_22:20:40 02983 2.240 -0.800 -1.792 7.888 193.600 1527.117 0.00
2019-05-05_22:20:41 02984 2.240 -0.800 -1.792 7.888 193.600 1527.117 0.00
2019-05-05_22:20:42 02985 2.240 -0.800 -1.792 7.888 193.600 1527.117 0.00
2019-05-05_22:20:43 02986 2.240 -0.800 -1.792 7.888 193.600 1527.117 0.00
2019-05-05_22:20:44 02987 2.240 -0.400 -0.896 7.880 194.000 1528.720 0.00
2019-05-05_22:20:45 02988 2.240 -0.800 -1.792 7.888 193.600 1527.117 0.00
2019-05-05_22:20:46 02989 2.240 -0.800 -1.792 7.888 193.600 1527.117 0.00
2019-05-05_22:20:47 02990 2.240 -0.800 -1.792 7.888 193.600 1527.117 0.00
2019-05-05_22:20:48 02991 2.240 -0.800 -1.792 7.888 193.600 1527.117 0.00
2019-05-05_22:20:49 02992 2.240 -0.800 -1.792 7.888 193.600 1527.117 0.00
2019-05-05_22:20:50 02993 2.240 -0.800 -1.792 7.880 193.600 1525.568 0.00
2019-05-05_22:20:51 02994 2.240 -0.800 -1.792 7.888 193.600 1527.117 0.00
2019-05-05_22:20:52 02995 2.240 -0.800 -1.792 7.888 193.200 1523.962 0.00
2019-05-05_22:20:53 02996 2.240 -0.800 -1.792 7.880 192.800 1519.264 0.00
2019-05-05_22:20:54 02997 2.240 -0.800 -1.792 7.888 193.200 1523.962 0.00
2019-05-05_22:20:55 02998 2.240 -0.800 -1.792 7.888 193.200 1523.962 0.00
2019-05-05_22:20:56 02999 2.240 -0.800 -1.792 7.888 193.200 1523.962 0.00
2019-05-05_22:20:57 03000 2.240 -0.800 -1.792 7.888 194.000 1530.272 0.00
2019-05-05_22:20:58 03001 2.240 -0.800 -1.792 7.888 193.200 1523.962 0.00
2019-05-05_22:20:59 03002 2.240 -0.800 -1.792 7.888 193.200 1523.962 0.00
2019-05-05_22:21:00 03003 2.240 -0.800 -1.792 7.888 193.200 1523.962 0.00
2019-05-05_22:21:01 03004 2.240 -0.800 -1.792 7.888 193.600 1527.117 0.00
2019-05-05_22:21:02 03005 2.240 -0.800 -1.792 7.888 194.000 1530.272 0.00
2019-05-05_22:21:03 03006 2.240 -0.800 -1.792 7.880 193.200 1522.416 0.00
2019-05-05_22:21:04 03007 2.240 -0.800 -1.792 7.888 195.600 1542.893 0.00
2019-05-05_22:21:05 03008 2.240 -0.800 -1.792 7.888 193.600 1527.117 0.00
2019-05-05_22:21:06 03009 2.240 -0.800 -1.792 7.888 193.600 1527.117 0.00
2019-05-05_22:21:07 03010 2.240 -0.800 -1.792 7.880 194.000 1528.720 0.00
2019-05-05_22:21:08 03011 2.240 -0.800 -1.792 7.888 193.600 1527.117 0.00
2019-05-05_22:21:09 03012 2.240 -0.800 -1.792 7.888 193.600 1527.117 0.00
2019-05-05_22:21:10 03013 2.240 -0.800 -1.792 7.880 193.600 1525.568 0.00
2019-05-05_22:21:11 03014 2.240 -0.800 -1.792 7.888 199.200 1571.290 0.00
2019-05-05_22:21:12 03015 2.240 -0.800 -1.792 7.888 193.600 1527.117 0.00
2019-05-05_22:21:13 03016 2.240 -0.800 -1.792 7.888 194.000 1530.272 0.00
2019-05-05_22:21:14 03017 2.240 -0.800 -1.792 7.872 194.000 1527.168 0.00
2019-05-05_22:21:15 03018 2.240 -0.800 -1.792 7.888 194.800 1536.582 0.00
2019-05-05_22:21:16 03019 2.240 -0.800 -1.792 7.888 195.600 1542.893 0.00
2019-05-05_22:21:17 03020 2.240 -0.800 -1.792 7.880 194.000 1528.720 0.00
2019-05-05_22:21:18 03021 2.240 -0.800 -1.792 7.872 194.000 1527.168 0.00
2019-05-05_22:21:19 03022 2.240 -0.800 -1.792 7.888 194.000 1530.272 0.00
2019-05-05_22:21:20 03023 2.240 -0.800 -1.792 7.888 194.000 1530.272 0.00
2019-05-05_22:21:21 03024 2.240 -0.800 -1.792 7.888 194.000 1530.272 0.00
2019-05-05_22:21:22 03025 2.240 -0.800 -1.792 7.872 193.600 1524.019 0.00
2019-05-05_22:21:23 03026 2.240 -0.800 -1.792 7.888 194.000 1530.272 0.00
2019-05-05_22:21:24 03027 2.240 -0.800 -1.792 7.888 193.600 1527.117 0.00
2019-05-05_22:21:25 03028 2.240 -0.800 -1.792 7.888 193.600 1527.117 0.00
2019-05-05_22:21:26 03029 2.240 -0.800 -1.792 7.888 193.200 1523.962 0.00
2019-05-05_22:21:27 03030 2.240 -0.800 -1.792 7.864 217.200 1708.061 0.00