2019-05-05_00:12:14 01819 11.576 170.000 1967.920 8.392 0.000 0.000 0.76
2019-05-05_00:12:15 01820 11.576 199.200 2305.939 8.392 0.000 0.000 0.76
2019-05-05_00:12:16 01821 11.568 170.800 1975.814 8.416 0.000 0.000 0.75
2019-05-05_00:12:17 01822 11.576 169.600 1963.290 8.304 0.000 0.000 0.75
2019-05-05_00:12:18 01823 11.592 163.200 1891.814 8.328 0.400 3.331 0.75
2019-05-05_00:12:19 01824 11.584 154.400 1788.570 8.336 0.000 0.000 0.75
2019-05-05_00:12:20 01825 11.584 171.200 1983.181 8.344 0.400 3.338 0.75
2019-05-05_00:12:21 01826 11.584 162.000 1876.608 8.360 0.400 3.344 0.75
2019-05-05_00:12:22 01827 11.576 169.200 1958.659 8.360 0.400 3.344 0.76
2019-05-05_00:12:23 01828 11.584 153.200 1774.669 8.376 0.400 3.350 0.76
2019-05-05_00:12:24 01829 11.584 154.000 1783.936 8.392 0.400 3.357 0.76
2019-05-05_00:12:25 01830 11.576 160.000 1852.160 8.400 0.400 3.360 0.76
2019-05-05_00:12:26 01831 11.584 153.200 1774.669 8.408 0.000 0.000 0.75
2019-05-05_00:12:27 01832 11.584 169.200 1960.013 8.304 0.000 0.000 0.75
2019-05-05_00:12:28 01833 11.584 156.400 1811.738 8.320 0.400 3.328 0.75
2019-05-05_00:12:29 01834 11.584 168.000 1946.112 8.320 0.000 0.000 0.75
2019-05-05_00:12:30 01835 11.592 154.400 1789.805 8.336 0.000 0.000 0.75
2019-05-05_00:12:31 01836 11.592 153.600 1780.531 8.352 0.400 3.341 0.75
2019-05-05_00:12:32 01837 11.568 170.800 1975.814 8.352 0.400 3.341 0.75
2019-05-05_00:12:33 01838 11.592 163.200 1891.814 8.368 0.000 0.000 0.76
2019-05-05_00:12:34 01839 11.584 153.600 1779.302 8.376 0.400 3.350 0.76
2019-05-05_00:12:35 01840 11.568 169.200 1957.306 8.384 0.400 3.354 0.76
2019-05-05_00:12:36 01841 11.584 163.200 1890.509 8.400 0.400 3.360 0.76
2019-05-05_00:12:37 01842 11.576 169.200 1958.659 8.400 0.000 0.000 0.76
2019-05-05_00:12:38 01843 11.584 153.600 1779.302 8.424 0.400 3.370 0.75
2019-05-05_00:12:39 01844 11.592 153.200 1775.894 8.320 0.400 3.328 0.75
2019-05-05_00:12:40 01845 11.584 159.600 1848.806 8.328 0.000 0.000 0.75
2019-05-05_00:12:41 01846 11.592 153.200 1775.894 8.336 0.400 3.334 0.75
2019-05-05_00:12:42 01847 11.592 153.200 1775.894 8.352 0.400 3.341 0.75
2019-05-05_00:12:43 01848 11.584 153.600 1779.302 8.360 0.400 3.344 0.75
2019-05-05_00:12:44 01849 11.592 162.400 1882.541 8.368 0.000 0.000 0.76
2019-05-05_00:12:45 01850 11.592 153.200 1775.894 8.376 0.000 0.000 0.76
2019-05-05_00:12:46 01851 11.584 154.400 1788.570 8.392 0.400 3.357 0.76
2019-05-05_00:12:47 01852 11.576 169.200 1958.659 8.392 0.400 3.357 0.76
2019-05-05_00:12:48 01853 11.584 153.200 1774.669 8.408 0.400 3.363 0.75
2019-05-05_00:12:49 01854 11.584 160.800 1862.707 8.312 0.000 0.000 0.75
2019-05-05_00:12:50 01855 11.584 169.600 1964.646 8.312 0.000 0.000 0.75
2019-05-05_00:12:51 01856 11.592 153.200 1775.894 8.328 0.000 0.000 0.75
2019-05-05_00:12:52 01857 11.576 170.000 1967.920 8.328 0.000 0.000 0.75
2019-05-05_00:12:53 01858 11.584 160.000 1853.440 8.352 0.000 0.000 0.75
2019-05-05_00:12:54 01859 11.592 153.200 1775.894 8.360 0.000 0.000 0.75
2019-05-05_00:12:55 01860 11.576 169.600 1963.290 8.360 0.400 3.344 0.76
2019-05-05_00:12:56 01861 11.584 153.200 1774.669 8.376 0.400 3.350 0.76
2019-05-05_00:12:57 01862 11.576 182.800 2116.093 8.384 0.400 3.354 0.76
2019-05-05_00:12:58 01863 11.584 153.200 1774.669 8.400 0.400 3.360 0.76
2019-05-05_00:12:59 01864 11.584 153.200 1774.669 8.408 0.400 3.363 0.75
2019-05-05_00:13:00 01865 11.584 169.200 1960.013 8.304 0.000 0.000 0.75
2019-05-05_00:13:01 01866 11.592 153.200 1775.894 8.320 0.000 0.000 0.75
2019-05-05_00:13:02 01867 11.592 153.200 1775.894 8.328 0.000 0.000 0.75
2019-05-05_00:13:03 01868 11.592 153.600 1780.531 8.336 0.400 3.334 0.75
2019-05-05_00:13:04 01869 11.592 153.200 1775.894 8.352 0.400 3.341 0.75
2019-05-05_00:13:05 01870 11.584 159.600 1848.806 8.360 0.400 3.344 0.75
2019-05-05_00:13:06 01871 11.592 153.200 1775.894 8.368 0.400 3.347 0.76
2019-05-05_00:13:07 01872 11.576 169.200 1958.659 8.368 0.400 3.347 0.76
2019-05-05_00:13:08 01873 11.576 153.600 1778.074 8.392 0.400 3.357 0.76
2019-05-05_00:13:09 01874 11.584 163.600 1895.142 8.400 0.400 3.360 0.76
2019-05-05_00:13:10 01875 11.576 169.600 1963.290 8.400 0.000 0.000 0.76
2019-05-05_00:13:11 01876 11.584 153.600 1779.302 8.424 0.000 0.000 0.75
2019-05-05_00:13:12 01877 11.584 169.200 1960.013 8.312 0.000 0.000 0.75
2019-05-05_00:13:13 01878 11.584 157.600 1825.638 8.328 0.000 0.000 0.75
2019-05-05_00:13:14 01879 11.584 162.000 1876.608 8.336 0.000 0.000 0.75
2019-05-05_00:13:15 01880 11.584 171.600 1987.814 8.328 0.000 0.000 0.75
2019-05-05_00:13:16 01881 11.592 153.600 1780.531 8.352 0.400 3.341 0.75
2019-05-05_00:13:17 01882 11.560 182.400 2108.544 8.360 0.400 3.344 0.76
2019-05-05_00:13:18 01883 11.576 168.800 1954.029 8.368 0.400 3.347 0.76
2019-05-05_00:13:19 01884 11.576 170.400 1972.550 8.384 0.400 3.354 0.76
2019-05-05_00:13:20 01885 11.568 193.600 2239.565 8.376 0.400 3.350 0.76
2019-05-05_00:13:21 01886 11.576 170.400 1972.550 8.400 0.400 3.360 0.76
2019-05-05_00:13:22 01887 11.552 195.200 2254.950 8.400 0.400 3.360 0.76
2019-05-05_00:13:23 01888 11.568 170.400 1971.187 8.424 0.000 0.000 0.75
2019-05-05_00:13:24 01889 11.584 170.400 1973.914 8.320 0.000 0.000 0.75
2019-05-05_00:13:25 01890 11.560 193.200 2233.392 8.312 0.000 0.000 0.75
2019-05-05_00:13:26 01891 11.576 166.400 1926.246 8.344 0.400 3.338 0.75
2019-05-05_00:13:27 01892 11.560 185.600 2145.536 8.352 0.400 3.341 0.75
2019-05-05_00:13:28 01893 11.576 170.000 1967.920 8.368 0.000 0.000 0.76
2019-05-05_00:13:29 01894 11.560 196.800 2275.008 8.360 0.000 0.000 0.76
2019-05-05_00:13:30 01895 11.576 170.000 1967.920 8.384 0.400 3.354 0.76
2019-05-05_00:13:31 01896 11.576 170.000 1967.920 8.392 0.000 0.000 0.76
2019-05-05_00:13:32 01897 11.568 168.800 1952.678 8.392 0.000 0.000 0.76
2019-05-05_00:13:33 01898 11.568 170.400 1971.187 8.408 0.400 3.363 0.75
2019-05-05_00:13:34 01899 11.584 170.000 1969.280 8.312 0.400 3.325 0.75
2019-05-05_00:13:35 01900 11.560 180.800 2090.048 8.304 0.000 0.000 0.75
2019-05-05_00:13:36 01901 11.576 170.000 1967.920 8.336 0.000 0.000 0.75
2019-05-05_00:13:37 01902 11.584 168.400 1950.746 8.344 0.000 0.000 0.75
2019-05-05_00:13:38 01903 11.584 156.800 1816.371 8.360 0.400 3.344 0.75
2019-05-05_00:13:39 01904 11.592 152.400 1766.621 8.368 0.400 3.347 0.76
2019-05-05_00:13:40 01905 11.592 152.800 1771.258 8.376 0.000 0.000 0.76
2019-05-05_00:13:41 01906 11.584 153.600 1779.302 8.392 0.400 3.357 0.76
2019-05-05_00:13:42 01907 11.576 179.600 2079.050 8.392 0.000 0.000 0.76
2019-05-05_00:13:43 01908 11.584 154.000 1783.936 8.408 0.400 3.363 0.75
2019-05-05_00:13:44 01909 11.600 152.800 1772.480 8.312 0.000 0.000 0.75
2019-05-05_00:13:45 01910 11.576 169.200 1958.659 8.312 0.400 3.325 0.75
2019-05-05_00:13:46 01911 11.592 162.800 1887.178 8.328 0.400 3.331 0.75
2019-05-05_00:13:47 01912 11.584 168.400 1950.746 8.328 0.400 3.331 0.75
2019-05-05_00:13:48 01913 11.592 152.400 1766.621 8.352 0.400 3.341 0.75
2019-05-05_00:13:49 01914 11.584 155.200 1797.837 8.360 0.400 3.344 0.75
2019-05-05_00:13:50 01915 11.576 168.400 1949.398 8.360 0.400 3.344 0.76
2019-05-05_00:13:51 01916 11.592 152.800 1771.258 8.376 0.400 3.350 0.76
2019-05-05_00:13:52 01917 11.576 169.200 1958.659 8.384 0.400 3.354 0.76
2019-05-05_00:13:53 01918 11.576 164.800 1907.725 8.400 0.000 0.000 0.76
2019-05-05_00:13:54 01919 11.584 162.800 1885.875 8.408 0.400 3.363 0.75