2019-05-05_23:13:42 06162 11.304 486.800 5502.787 8.408 -373.600 -3141.229 0.82
2019-05-05_23:13:43 06163 11.344 434.800 4932.371 8.352 -308.800 -2579.098 0.82
2019-05-05_23:13:44 06164 11.344 435.200 4936.909 8.360 -320.400 -2678.544 0.82
2019-05-05_23:13:45 06165 11.328 446.000 5052.288 8.360 -323.200 -2701.952 0.82
2019-05-05_23:13:46 06166 11.328 446.400 5056.819 8.368 -330.400 -2764.787 0.82
2019-05-05_23:13:47 06167 11.328 454.400 5147.443 8.376 -336.400 -2817.686 0.82
2019-05-05_23:13:48 06168 11.320 459.600 5202.672 8.384 -341.600 -2863.974 0.82
2019-05-05_23:13:49 06169 11.320 465.200 5266.064 8.384 -348.000 -2917.632 0.82
2019-05-05_23:13:50 06170 11.320 470.800 5329.456 8.392 -360.800 -3027.834 0.82
2019-05-05_23:13:51 06171 11.312 476.400 5389.037 8.392 -360.000 -3021.120 0.82
2019-05-05_23:13:52 06172 11.304 478.800 5412.355 8.400 -367.200 -3084.480 0.83
2019-05-05_23:13:53 06173 11.304 485.600 5489.222 8.408 -374.000 -3144.592 0.82
2019-05-05_23:13:54 06174 11.344 435.600 4941.446 8.352 -306.800 -2562.394 0.82
2019-05-05_23:13:55 06175 11.336 442.000 5010.512 8.360 -317.600 -2655.136 0.82
2019-05-05_23:13:56 06176 11.336 443.600 5028.650 8.360 -322.800 -2698.608 0.82
2019-05-05_23:13:57 06177 11.328 452.000 5120.256 8.368 -329.600 -2758.093 0.82
2019-05-05_23:13:58 06178 11.328 455.600 5161.037 8.376 -341.200 -2857.891 0.82
2019-05-05_23:13:59 06179 11.320 457.200 5175.504 8.384 -341.600 -2863.974 0.82
2019-05-05_23:14:00 06180 11.320 465.200 5266.064 8.384 -347.200 -2910.925 0.82
2019-05-05_23:14:01 06181 11.312 470.400 5321.165 8.392 -360.000 -3021.120 0.82
2019-05-05_23:14:02 06182 11.320 472.800 5352.096 8.400 -368.400 -3094.560 0.82
2019-05-05_23:14:03 06183 11.304 483.200 5462.093 8.400 -368.000 -3091.200 0.83
2019-05-05_23:14:04 06184 11.312 478.800 5416.186 8.416 -384.400 -3235.110 0.82
2019-05-05_23:14:05 06185 11.344 431.200 4891.533 8.352 -310.400 -2592.461 0.82
2019-05-05_23:14:06 06186 11.336 441.600 5005.978 8.360 -317.200 -2651.792 0.82
2019-05-05_23:14:07 06187 11.352 424.400 4817.789 8.368 -335.600 -2808.301 0.82
2019-05-05_23:14:08 06188 11.344 438.000 4968.672 8.376 -341.200 -2857.891 0.82
2019-05-05_23:14:09 06189 11.336 434.000 4919.824 8.376 -346.800 -2904.797 0.82
2019-05-05_23:14:10 06190 11.336 439.200 4978.771 8.384 -352.800 -2957.875 0.82
2019-05-05_23:14:11 06191 11.336 432.400 4901.686 8.392 -365.600 -3068.115 0.82
2019-05-05_23:14:12 06192 11.328 440.800 4993.382 8.392 -364.800 -3061.402 0.82
2019-05-05_23:14:13 06193 11.336 442.000 5010.512 8.400 -378.400 -3178.560 0.82
2019-05-05_23:14:14 06194 11.328 448.400 5079.475 8.408 -386.400 -3248.851 0.81
2019-05-05_23:14:15 06195 11.360 408.000 4634.880 8.352 -312.800 -2612.506 0.82
2019-05-05_23:14:16 06196 11.360 407.600 4630.336 8.360 -326.800 -2732.048 0.82
2019-05-05_23:14:17 06197 11.360 407.200 4625.792 8.360 -334.400 -2795.584 0.82
2019-05-05_23:14:18 06198 11.352 412.800 4686.106 8.368 -334.400 -2798.259 0.82
2019-05-05_23:14:19 06199 11.344 419.200 4755.405 8.376 -347.200 -2908.147 0.82
2019-05-05_23:14:20 06200 11.336 431.200 4888.083 8.376 -346.400 -2901.446 0.82
2019-05-05_23:14:21 06201 11.344 427.200 4846.157 8.384 -358.800 -3008.179 0.82
2019-05-05_23:14:22 06202 11.336 431.600 4892.618 8.392 -364.800 -3061.402 0.82
2019-05-05_23:14:23 06203 11.336 436.800 4951.565 8.400 -372.000 -3124.800 0.82
2019-05-05_23:14:24 06204 11.336 449.200 5092.131 8.408 -378.800 -3184.950 0.81
2019-05-05_23:14:25 06205 11.360 402.800 4575.808 8.344 -306.800 -2559.939 0.81
2019-05-05_23:14:26 06206 11.368 395.200 4492.634 8.352 -320.000 -2672.640 0.82
2019-05-05_23:14:27 06207 11.360 400.400 4548.544 8.360 -326.400 -2728.704 0.82
2019-05-05_23:14:28 06208 11.352 412.800 4686.106 8.368 -334.400 -2798.259 0.82
2019-05-05_23:14:29 06209 11.352 411.600 4672.483 8.368 -340.800 -2851.814 0.82
2019-05-05_23:14:30 06210 11.344 429.600 4873.382 8.376 -340.000 -2847.840 0.82
2019-05-05_23:14:31 06211 11.344 427.600 4850.694 8.384 -353.200 -2961.229 0.82
2019-05-05_23:14:32 06212 11.344 426.800 4841.619 8.384 -359.200 -3011.533 0.82
2019-05-05_23:14:33 06213 11.344 431.600 4896.070 8.392 -366.000 -3071.472 0.82
2019-05-05_23:14:34 06214 11.336 436.800 4951.565 8.400 -372.000 -3124.800 0.82
2019-05-05_23:14:35 06215 11.328 460.000 5210.880 8.400 -373.200 -3134.880 0.82
2019-05-05_23:14:36 06216 11.328 460.400 5215.411 8.408 -380.000 -3195.040 0.81
2019-05-05_23:14:37 06217 11.360 407.600 4630.336 8.352 -312.400 -2609.165 0.82
2019-05-05_23:14:38 06218 11.360 406.400 4616.704 8.360 -326.000 -2725.360 0.82
2019-05-05_23:14:39 06219 11.360 406.800 4621.248 8.368 -334.400 -2798.259 0.82
2019-05-05_23:14:40 06220 11.352 412.400 4681.565 8.368 -340.800 -2851.814 0.82
2019-05-05_23:14:41 06221 11.344 418.400 4746.330 8.376 -346.400 -2901.446 0.82
2019-05-05_23:14:42 06222 11.344 422.000 4787.168 8.384 -353.200 -2961.229 0.82
2019-05-05_23:14:43 06223 11.344 426.400 4837.082 8.384 -359.200 -3011.533 0.82
2019-05-05_23:14:44 06224 11.336 432.000 4897.152 8.392 -365.200 -3064.758 0.82
2019-05-05_23:14:45 06225 11.328 445.600 5047.757 8.400 -364.400 -3060.960 0.82
2019-05-05_23:14:46 06226 11.336 441.200 5001.443 8.408 -376.800 -3168.134 0.81
2019-05-05_23:14:47 06227 11.352 416.400 4726.973 8.344 -296.400 -2473.162 0.81
2019-05-05_23:14:48 06228 11.344 428.000 4855.232 8.352 -303.600 -2535.667 0.82
2019-05-05_23:14:49 06229 11.344 432.400 4905.146 8.352 -309.200 -2582.438 0.82
2019-05-05_23:14:50 06230 11.336 439.600 4983.306 8.360 -316.400 -2645.104 0.82
2019-05-05_23:14:51 06231 11.336 442.800 5019.581 8.368 -325.600 -2724.621 0.82
2019-05-05_23:14:52 06232 11.336 450.000 5101.200 8.376 -328.800 -2754.029 0.82
2019-05-05_23:14:53 06233 11.328 453.600 5138.381 8.376 -334.800 -2804.285 0.82
2019-05-05_23:14:54 06234 11.320 461.200 5220.784 8.384 -342.800 -2874.035 0.82
2019-05-05_23:14:55 06235 11.320 463.600 5247.952 8.384 -347.200 -2910.925 0.82
2019-05-05_23:14:56 06236 11.312 469.200 5307.590 8.392 -353.600 -2967.411 0.82
2019-05-05_23:14:57 06237 11.320 475.200 5379.264 8.400 -359.200 -3017.280 0.82
2019-05-05_23:14:58 06238 11.312 480.000 5429.760 8.408 -372.400 -3131.139 0.81
2019-05-05_23:14:59 06239 11.360 407.200 4625.792 8.352 -314.000 -2622.528 0.82
2019-05-05_23:15:00 06240 11.344 432.000 4900.608 8.352 -308.400 -2575.757 0.82
2019-05-05_23:15:01 06241 11.336 439.600 4983.306 8.360 -317.200 -2651.792 0.82
2019-05-05_23:15:02 06242 11.336 437.200 4956.099 8.368 -322.400 -2697.843 0.82
2019-05-05_23:15:03 06243 11.336 448.800 5087.597 8.368 -328.800 -2751.398 0.82
2019-05-05_23:15:04 06244 11.328 454.800 5151.974 8.376 -336.000 -2814.336 0.82
2019-05-05_23:15:05 06245 11.328 457.200 5179.162 8.384 -340.000 -2850.560 0.82
2019-05-05_23:15:06 06246 11.320 461.200 5220.784 8.384 -348.000 -2917.632 0.82
2019-05-05_23:15:07 06247 11.320 469.200 5311.344 8.392 -352.800 -2960.698 0.82
2019-05-05_23:15:08 06248 11.312 474.000 5361.888 8.400 -358.000 -3007.200 0.82
2019-05-05_23:15:09 06249 11.312 479.600 5425.235 8.408 -366.400 -3080.691 0.81
2019-05-05_23:15:10 06250 11.352 426.000 4835.952 8.352 -308.000 -2572.416 0.82
2019-05-05_23:15:11 06251 11.344 432.800 4909.683 8.352 -309.200 -2582.438 0.82
2019-05-05_23:15:12 06252 11.344 440.400 4995.898 8.360 -316.400 -2645.104 0.82
2019-05-05_23:15:13 06253 11.336 442.400 5015.046 8.368 -322.800 -2701.190 0.82
2019-05-05_23:15:14 06254 11.328 441.200 4997.914 8.376 -329.200 -2757.379 0.82
2019-05-05_23:15:15 06255 11.328 454.400 5147.443 8.376 -340.400 -2851.190 0.82
2019-05-05_23:15:16 06256 11.328 457.200 5179.162 8.384 -341.200 -2860.621 0.82
2019-05-05_23:15:17 06257 11.320 462.000 5229.840 8.392 -346.400 -2906.989 0.82
2019-05-05_23:15:18 06258 11.328 466.000 5278.848 8.392 -355.200 -2980.838 0.82
2019-05-05_23:15:19 06259 11.312 473.600 5357.363 8.400 -358.000 -3007.200 0.82
2019-05-05_23:15:20 06260 11.312 480.400 5434.285 8.408 -367.200 -3087.418 0.81
2019-05-05_23:15:21 06261 11.352 426.800 4845.034 8.352 -304.000 -2539.008 0.82
2019-05-05_23:15:22 06262 11.344 425.200 4823.469 8.352 -306.400 -2559.053 0.82