2019-05-04_01:46:54 00001 16.784 160.000 2685.440 4.672 0.000 0.000 0.32
2019-05-04_01:46:55 00002 16.784 155.600 2611.590 5.016 0.000 0.000 0.34
2019-05-04_01:46:56 00003 16.800 157.200 2640.960 5.368 0.400 2.147 0.36
2019-05-04_01:46:57 00004 16.792 159.200 2673.286 5.704 0.000 0.000 0.38
2019-05-04_01:46:58 00005 16.776 162.800 2731.133 6.040 0.000 0.000 0.40
2019-05-04_01:46:59 00006 16.784 161.200 2705.581 6.384 0.000 0.000 0.42
2019-05-04_01:47:00 00007 16.792 161.200 2706.870 6.728 0.400 2.691 0.44
2019-05-04_01:47:01 00008 16.784 185.600 3115.110 7.072 0.000 0.000 0.46
2019-05-04_01:47:02 00009 16.776 164.800 2764.685 7.392 0.000 0.000 0.48
2019-05-04_01:47:03 00010 16.792 164.400 2760.605 7.728 0.000 0.000 0.50
2019-05-04_01:47:04 00011 16.792 166.800 2800.906 8.064 0.400 3.226 0.52
2019-05-04_01:47:05 00012 16.800 163.200 2741.760 8.408 0.000 0.000 0.51
2019-05-04_01:47:06 00013 16.792 161.200 2706.870 8.232 0.000 0.000 0.53
2019-05-04_01:47:07 00014 16.768 170.000 2850.560 8.568 0.000 0.000 0.52
2019-05-04_01:47:08 00015 16.792 164.400 2760.605 8.408 0.000 0.000 0.51
2019-05-04_01:47:09 00016 16.792 161.600 2713.587 8.232 0.000 0.000 0.53
2019-05-04_01:47:10 00017 16.784 164.400 2759.290 8.560 0.400 3.424 0.52
2019-05-04_01:47:11 00018 16.792 162.800 2733.738 8.408 0.000 0.000 0.51
2019-05-04_01:47:12 00019 16.792 160.400 2693.437 8.232 0.000 0.000 0.53
2019-05-04_01:47:13 00020 16.776 169.600 2845.210 8.560 0.400 3.424 0.52
2019-05-04_01:47:14 00021 16.800 162.400 2728.320 8.408 0.000 0.000 0.51
2019-05-04_01:47:15 00022 16.792 168.000 2821.056 8.232 0.000 0.000 0.53
2019-05-04_01:47:16 00023 16.776 166.800 2798.237 8.560 0.400 3.424 0.52
2019-05-04_01:47:17 00024 16.792 170.800 2868.074 8.408 0.000 0.000 0.51
2019-05-04_01:47:18 00025 16.792 162.800 2733.738 8.232 0.000 0.000 0.53
2019-05-04_01:47:19 00026 16.760 180.000 3016.800 8.552 0.000 0.000 0.52
2019-05-04_01:47:20 00027 16.792 164.000 2753.888 8.408 0.000 0.000 0.51
2019-05-04_01:47:21 00028 16.784 164.000 2752.576 8.224 0.000 0.000 0.53
2019-05-04_01:47:22 00029 16.776 152.000 2549.952 8.576 0.400 3.430 0.52
2019-05-04_01:47:23 00030 16.816 132.000 2219.712 8.416 0.000 0.000 0.51
2019-05-04_01:47:24 00031 16.808 132.400 2225.379 8.240 0.000 0.000 0.53
2019-05-04_01:47:25 00032 16.800 132.800 2231.040 8.576 0.400 3.430 0.52
2019-05-04_01:47:26 00033 16.816 132.400 2226.438 8.416 0.000 0.000 0.51
2019-05-04_01:47:27 00034 16.800 135.600 2278.080 8.240 0.000 0.000 0.53
2019-05-04_01:47:28 00035 16.800 132.800 2231.040 8.576 0.400 3.430 0.52
2019-05-04_01:47:29 00036 16.816 132.000 2219.712 8.416 0.000 0.000 0.51
2019-05-04_01:47:30 00037 16.808 131.200 2205.210 8.240 0.000 0.000 0.53
2019-05-04_01:47:31 00038 16.792 135.600 2276.995 8.576 0.400 3.430 0.52
2019-05-04_01:47:32 00039 16.808 135.600 2279.165 8.416 0.000 0.000 0.51
2019-05-04_01:47:33 00040 16.800 136.800 2298.240 8.240 0.000 0.000 0.53
2019-05-04_01:47:34 00041 16.792 138.000 2317.296 8.576 0.400 3.430 0.52
2019-05-04_01:47:35 00042 16.816 131.600 2212.986 8.416 0.000 0.000 0.51
2019-05-04_01:47:36 00043 16.808 131.600 2211.933 8.240 0.000 0.000 0.53
2019-05-04_01:47:37 00044 16.784 161.600 2712.294 8.176 -61.200 -500.371 0.55
2019-05-04_01:47:38 00045 16.744 232.800 3898.003 8.280 -186.800 -1546.704 0.57
2019-05-04_01:47:39 00046 16.592 349.200 5793.926 8.384 -393.600 -3299.942 0.57
2019-05-04_01:47:40 00047 16.592 349.200 5793.926 8.392 -408.000 -3423.936 0.57
2019-05-04_01:47:41 00048 16.576 355.600 5894.426 8.400 -400.000 -3360.000 0.57
2019-05-04_01:47:42 00049 16.576 366.000 6066.816 8.408 -423.600 -3561.629 0.56
2019-05-04_01:47:43 00050 16.648 305.200 5080.970 8.344 -314.800 -2626.691 0.56
2019-05-04_01:47:44 00051 16.640 310.400 5165.056 8.352 -322.400 -2692.685 0.57
2019-05-04_01:47:45 00052 16.640 312.000 5191.680 8.360 -334.000 -2792.240 0.57
2019-05-04_01:47:46 00053 16.632 319.600 5315.587 8.368 -352.000 -2945.536 0.57
2019-05-04_01:47:47 00054 16.616 328.400 5456.694 8.368 -336.400 -2814.995 0.57
2019-05-04_01:47:48 00055 16.616 337.600 5609.562 8.376 -355.200 -2975.155 0.57
2019-05-04_01:47:49 00056 16.608 336.800 5593.574 8.384 -377.200 -3162.445 0.57
2019-05-04_01:47:50 00057 16.600 343.200 5697.120 8.392 -389.600 -3269.523 0.57
2019-05-04_01:47:51 00058 6.152 -3.200 -19.686 8.008 193.200 1547.146 0.00
2019-05-04_01:47:52 00059 3.000 -3.200 -9.600 8.000 194.000 1552.000 0.00
2019-05-04_01:47:53 00060 1.816 -4.800 -8.717 7.984 211.600 1689.414 0.00
2019-05-04_01:47:54 00061 1.784 -4.800 -8.563 7.984 201.200 1606.381 0.00
2019-05-04_01:47:55 00062 1.776 -4.800 -8.525 7.984 200.800 1603.187 0.00
2019-05-04_01:47:56 00063 1.776 -4.800 -8.525 7.984 200.800 1603.187 0.00
2019-05-04_01:47:57 00064 16.840 93.200 1569.488 8.136 0.000 0.000 0.02
2019-05-04_01:47:58 00065 16.848 96.000 1617.408 8.136 0.400 3.254 0.04
2019-05-04_01:47:59 00066 16.840 101.200 1704.208 8.136 0.400 3.254 0.06
2019-05-04_01:48:00 00067 16.824 122.400 2059.258 8.128 0.000 0.000 0.08
2019-05-04_01:48:01 00068 16.848 106.400 1792.627 8.136 0.000 0.000 0.10
2019-05-04_01:48:02 00069 16.824 108.000 1816.992 8.128 0.000 0.000 0.12
2019-05-04_01:48:03 00070 16.816 112.800 1896.845 8.128 0.400 3.251 0.14
2019-05-04_01:48:04 00071 16.816 116.800 1964.109 8.128 0.400 3.251 0.16
2019-05-04_01:48:05 00072 16.816 113.600 1910.298 8.120 0.400 3.248 0.18
2019-05-04_01:48:06 00073 16.824 114.800 1931.395 8.128 0.400 3.251 0.20
2019-05-04_01:48:07 00074 16.816 120.400 2024.646 8.128 0.400 3.251 0.22
2019-05-04_01:48:08 00075 16.816 118.400 1991.014 8.128 0.000 0.000 0.24
2019-05-04_01:48:09 00076 16.816 120.000 2017.920 8.120 0.000 0.000 0.26
2019-05-04_01:48:10 00077 16.824 121.200 2039.069 8.128 0.400 3.251 0.28
2019-05-04_01:48:11 00078 16.816 123.200 2071.731 8.128 0.000 0.000 0.30
2019-05-04_01:48:12 00079 16.800 128.000 2150.400 8.120 0.000 0.000 0.32
2019-05-04_01:48:13 00080 16.800 129.600 2177.280 8.120 0.000 0.000 0.34
2019-05-04_01:48:14 00081 16.800 132.000 2217.600 8.128 0.400 3.251 0.36
2019-05-04_01:48:15 00082 16.824 127.200 2140.013 8.128 0.000 0.000 0.38
2019-05-04_01:48:16 00083 16.800 128.400 2157.120 8.120 0.000 0.000 0.40
2019-05-04_01:48:17 00084 16.800 132.400 2224.320 8.120 0.000 0.000 0.42
2019-05-04_01:48:18 00085 16.808 134.800 2265.718 8.128 0.400 3.251 0.44
2019-05-04_01:48:19 00086 16.816 130.000 2186.080 8.128 0.000 0.000 0.46
2019-05-04_01:48:20 00087 16.800 131.200 2204.160 8.112 0.400 3.245 0.48
2019-05-04_01:48:21 00088 16.800 132.400 2224.320 8.120 0.000 0.000 0.50
2019-05-04_01:48:22 00089 16.800 154.400 2593.920 8.120 0.400 3.248 0.52
2019-05-04_01:48:23 00090 16.808 144.800 2433.798 8.152 -28.400 -231.517 0.54
2019-05-04_01:48:24 00091 16.760 184.800 3097.248 8.200 -107.600 -882.320 0.56
2019-05-04_01:48:25 00092 16.680 283.600 4730.448 8.328 -293.600 -2445.101 0.56
2019-05-04_01:48:26 00093 16.664 293.600 4892.550 8.336 -306.400 -2554.150 0.56
2019-05-04_01:48:27 00094 16.664 300.000 4999.200 8.344 -310.800 -2593.315 0.56
2019-05-04_01:48:28 00095 16.664 300.000 4999.200 8.352 -314.800 -2629.210 0.56
2019-05-04_01:48:29 00096 16.640 308.800 5138.432 8.352 -328.400 -2742.797 0.57
2019-05-04_01:48:30 00097 16.632 315.600 5249.059 8.360 -323.600 -2705.296 0.57
2019-05-04_01:48:31 00098 16.624 324.000 5386.176 8.360 -356.400 -2979.504 0.57
2019-05-04_01:48:32 00099 16.624 322.800 5366.227 8.368 -334.800 -2801.606 0.57
2019-05-04_01:48:33 00100 16.616 331.600 5509.866 8.376 -352.400 -2951.702 0.57
2019-05-04_01:48:34 00101 16.608 341.200 5666.650 8.384 -377.200 -3162.445 0.57