2019-05-05_23:46:40 00405 11.384 381.600 4344.134 8.400 -300.800 -2526.720 0.82
2019-05-05_23:46:41 00406 11.376 390.800 4445.741 8.400 -307.200 -2580.480 0.82
2019-05-05_23:46:42 00407 11.368 399.600 4542.653 8.408 -312.000 -2623.296 0.81
2019-05-05_23:46:43 00408 11.416 352.400 4022.998 8.360 -250.000 -2090.000 0.81
2019-05-05_23:46:44 00409 11.416 346.400 3954.502 8.360 -254.800 -2130.128 0.81
2019-05-05_23:46:45 00410 11.400 352.000 4012.800 8.368 -262.400 -2195.763 0.81
2019-05-05_23:46:46 00411 11.400 364.400 4154.160 8.368 -268.400 -2245.971 0.81
2019-05-05_23:46:47 00412 11.400 360.800 4113.120 8.376 -274.400 -2298.374 0.81
2019-05-05_23:46:48 00413 11.392 365.600 4164.915 8.384 -280.400 -2350.874 0.81
2019-05-05_23:46:49 00414 11.376 390.000 4436.640 8.384 -280.400 -2350.874 0.82
2019-05-05_23:46:50 00415 11.384 384.000 4371.456 8.392 -292.400 -2453.821 0.82
2019-05-05_23:46:51 00416 11.384 381.600 4344.134 8.392 -300.800 -2524.314 0.82
2019-05-05_23:46:52 00417 11.376 386.400 4395.686 8.400 -305.600 -2567.040 0.82
2019-05-05_23:46:53 00418 11.368 392.000 4456.256 8.408 -312.800 -2630.022 0.81
2019-05-05_23:46:54 00419 11.408 350.800 4001.926 8.360 -250.400 -2093.344 0.81
2019-05-05_23:46:55 00420 11.408 346.400 3951.731 8.360 -256.800 -2146.848 0.81
2019-05-05_23:46:56 00421 11.408 353.200 4029.306 8.368 -262.400 -2195.763 0.81
2019-05-05_23:46:57 00422 11.400 362.000 4126.800 8.368 -268.400 -2245.971 0.81
2019-05-05_23:46:58 00423 11.392 369.200 4205.926 8.376 -274.000 -2295.024 0.81
2019-05-05_23:46:59 00424 11.392 365.600 4164.915 8.376 -280.400 -2348.630 0.81
2019-05-05_23:47:00 00425 11.384 370.000 4212.080 8.384 -286.400 -2401.178 0.82
2019-05-05_23:47:01 00426 11.384 383.200 4362.349 8.392 -292.800 -2457.178 0.82
2019-05-05_23:47:02 00427 11.384 391.200 4453.421 8.392 -300.800 -2524.314 0.82
2019-05-05_23:47:03 00428 11.376 386.000 4391.136 8.400 -306.400 -2573.760 0.82
2019-05-05_23:47:04 00429 11.368 392.800 4465.350 8.408 -312.000 -2623.296 0.81
2019-05-05_23:47:05 00430 11.416 350.400 4000.166 8.360 -250.400 -2093.344 0.81
2019-05-05_23:47:06 00431 11.408 346.800 3956.294 8.368 -256.000 -2142.208 0.81
2019-05-05_23:47:07 00432 11.408 351.200 4006.490 8.368 -260.400 -2179.027 0.81
2019-05-05_23:47:08 00433 11.400 362.400 4131.360 8.376 -268.000 -2244.768 0.81
2019-05-05_23:47:09 00434 11.392 369.200 4205.926 8.376 -274.000 -2295.024 0.81
2019-05-05_23:47:10 00435 11.392 365.200 4160.358 8.384 -280.000 -2347.520 0.81
2019-05-05_23:47:11 00436 11.392 369.600 4210.483 8.384 -283.600 -2377.702 0.82
2019-05-05_23:47:12 00437 11.384 374.800 4266.723 8.392 -292.400 -2453.821 0.82
2019-05-05_23:47:13 00438 11.376 389.200 4427.539 8.400 -300.400 -2523.360 0.82
2019-05-05_23:47:14 00439 11.376 394.800 4491.245 8.400 -306.400 -2573.760 0.82
2019-05-05_23:47:15 00440 11.376 391.200 4450.291 8.408 -311.200 -2616.570 0.81
2019-05-05_23:47:16 00441 11.416 341.600 3899.706 8.360 -250.000 -2090.000 0.81
2019-05-05_23:47:17 00442 11.408 349.600 3988.237 8.360 -255.200 -2133.472 0.81
2019-05-05_23:47:18 00443 11.400 360.000 4104.000 8.368 -262.000 -2192.416 0.81
2019-05-05_23:47:19 00444 11.400 366.000 4172.400 8.368 -268.000 -2242.624 0.81
2019-05-05_23:47:20 00445 11.400 360.000 4104.000 8.376 -272.800 -2284.973 0.81
2019-05-05_23:47:21 00446 11.392 365.600 4164.915 8.384 -279.600 -2344.166 0.81
2019-05-05_23:47:22 00447 11.384 377.200 4294.045 8.384 -286.400 -2401.178 0.82
2019-05-05_23:47:23 00448 11.384 382.400 4353.242 8.392 -291.600 -2447.107 0.82
2019-05-05_23:47:24 00449 11.376 389.600 4432.090 8.392 -300.400 -2520.957 0.82
2019-05-05_23:47:25 00450 11.376 395.600 4500.346 8.400 -306.000 -2570.400 0.82
2019-05-05_23:47:26 00451 11.376 390.800 4445.741 8.408 -311.600 -2619.933 0.81
2019-05-05_23:47:27 00452 11.416 341.200 3895.139 8.360 -250.000 -2090.000 0.81
2019-05-05_23:47:28 00453 11.408 354.400 4042.995 8.360 -256.000 -2140.160 0.81
2019-05-05_23:47:29 00454 11.408 360.000 4106.880 8.368 -261.600 -2189.069 0.81
2019-05-05_23:47:30 00455 11.400 356.000 4058.400 8.368 -265.600 -2222.541 0.81
2019-05-05_23:47:31 00456 11.384 360.000 4098.240 8.376 -273.200 -2288.323 0.81
2019-05-05_23:47:32 00457 11.392 373.200 4251.494 8.376 -279.600 -2341.930 0.81
2019-05-05_23:47:33 00458 11.384 383.600 4366.902 8.384 -286.000 -2397.824 0.82
2019-05-05_23:47:34 00459 11.384 374.800 4266.723 8.392 -292.000 -2450.464 0.82
2019-05-05_23:47:35 00460 11.376 392.800 4468.493 8.400 -293.600 -2466.240 0.82
2019-05-05_23:47:36 00461 11.360 416.400 4730.304 8.400 -289.600 -2432.640 0.82
2019-05-05_23:47:37 00462 11.360 422.000 4793.920 8.408 -297.200 -2498.858 0.81
2019-05-05_23:47:38 00463 11.400 374.000 4263.600 8.360 -233.200 -1949.552 0.81
2019-05-05_23:47:39 00464 11.392 379.600 4324.403 8.360 -238.400 -1993.024 0.81
2019-05-05_23:47:40 00465 11.392 383.600 4369.971 8.368 -244.800 -2048.486 0.81
2019-05-05_23:47:41 00466 11.384 386.000 4394.224 8.368 -250.800 -2098.694 0.81
2019-05-05_23:47:42 00467 11.384 394.000 4485.296 8.368 -258.000 -2158.944 0.81
2019-05-05_23:47:43 00468 11.376 396.400 4509.446 8.376 -264.000 -2211.264 0.81
2019-05-05_23:47:44 00469 11.376 404.400 4600.454 8.384 -269.600 -2260.326 0.82
2019-05-05_23:47:45 00470 11.368 410.000 4660.880 8.384 -274.800 -2303.923 0.82
2019-05-05_23:47:46 00471 11.360 414.000 4703.040 8.392 -283.600 -2379.971 0.82
2019-05-05_23:47:47 00472 11.360 419.200 4762.112 8.400 -288.400 -2422.560 0.82
2019-05-05_23:47:48 00473 11.360 422.800 4803.008 8.400 -294.800 -2476.320 0.82
2019-05-05_23:47:49 00474 11.352 424.800 4822.330 8.408 -302.800 -2545.942 0.81
2019-05-05_23:47:50 00475 11.400 378.800 4318.320 8.360 -238.800 -1996.368 0.81
2019-05-05_23:47:51 00476 11.392 384.800 4383.642 8.368 -244.400 -2045.139 0.81
2019-05-05_23:47:52 00477 11.392 380.800 4338.074 8.368 -251.600 -2105.389 0.81
2019-05-05_23:47:53 00478 11.384 390.800 4448.867 8.376 -257.200 -2154.307 0.81
2019-05-05_23:47:54 00479 11.376 398.400 4532.198 8.376 -262.400 -2197.862 0.81
2019-05-05_23:47:55 00480 11.368 400.000 4547.200 8.384 -268.400 -2250.266 0.82
2019-05-05_23:47:56 00481 11.368 408.400 4642.691 8.384 -274.400 -2300.570 0.82
2019-05-05_23:47:57 00482 11.368 412.400 4688.163 8.392 -282.000 -2366.544 0.82
2019-05-05_23:47:58 00483 11.360 416.000 4725.760 8.400 -288.800 -2425.920 0.82
2019-05-05_23:47:59 00484 11.360 423.600 4812.096 8.400 -294.400 -2472.960 0.82
2019-05-05_23:48:00 00485 11.352 426.800 4845.034 8.408 -300.800 -2529.126 0.81
2019-05-05_23:48:01 00486 11.400 378.400 4313.760 8.360 -240.400 -2009.744 0.81
2019-05-05_23:48:02 00487 11.392 380.400 4333.517 8.368 -246.400 -2061.875 0.81
2019-05-05_23:48:03 00488 11.384 387.600 4412.438 8.368 -250.800 -2098.694 0.81
2019-05-05_23:48:04 00489 11.384 391.200 4453.421 8.376 -257.600 -2157.658 0.81
2019-05-05_23:48:05 00490 11.376 397.200 4518.547 8.376 -262.800 -2201.213 0.81
2019-05-05_23:48:06 00491 11.376 404.400 4600.454 8.384 -268.800 -2253.619 0.82
2019-05-05_23:48:07 00492 11.368 408.400 4642.691 8.384 -273.600 -2293.862 0.82
2019-05-05_23:48:08 00493 11.360 412.400 4684.864 8.392 -284.400 -2386.685 0.82
2019-05-05_23:48:09 00494 11.360 419.600 4766.656 8.392 -288.800 -2423.610 0.82
2019-05-05_23:48:10 00495 11.360 422.000 4793.920 8.408 -294.400 -2475.315 0.81
2019-05-05_23:48:11 00496 11.400 376.400 4290.960 8.360 -233.200 -1949.552 0.81
2019-05-05_23:48:12 00497 11.392 379.600 4324.403 8.360 -238.800 -1996.368 0.81
2019-05-05_23:48:13 00498 11.392 384.000 4374.528 8.368 -244.800 -2048.486 0.81
2019-05-05_23:48:14 00499 11.384 386.000 4394.224 8.368 -250.400 -2095.347 0.81
2019-05-05_23:48:15 00500 11.384 394.800 4494.403 8.376 -257.600 -2157.658 0.81
2019-05-05_23:48:16 00501 11.376 398.400 4532.198 8.376 -262.000 -2194.512 0.81
2019-05-05_23:48:17 00502 11.368 402.000 4569.936 8.384 -269.600 -2260.326 0.82
2019-05-05_23:48:18 00503 11.368 404.800 4601.766 8.384 -274.000 -2297.216 0.82
2019-05-05_23:48:19 00504 11.360 414.400 4707.584 8.392 -282.000 -2366.544 0.82
2019-05-05_23:48:20 00505 11.360 418.000 4748.480 8.400 -288.400 -2422.560 0.82