2019-05-04_23:48:37 00405 11.584 163.600 1895.142 8.328 0.000 0.000 0.75
2019-05-04_23:48:38 00406 11.592 152.000 1761.984 8.336 0.400 3.334 0.75
2019-05-04_23:48:39 00407 11.584 168.800 1955.379 8.344 0.000 0.000 0.75
2019-05-04_23:48:40 00408 11.584 153.200 1774.669 8.360 0.400 3.344 0.75
2019-05-04_23:48:41 00409 11.576 159.200 1842.899 8.368 0.400 3.347 0.76
2019-05-04_23:48:42 00410 11.576 163.200 1889.203 8.384 0.000 0.000 0.76
2019-05-04_23:48:43 00411 11.584 152.400 1765.402 8.392 0.400 3.357 0.76
2019-05-04_23:48:44 00412 11.576 168.400 1949.398 8.392 0.400 3.357 0.76
2019-05-04_23:48:45 00413 11.576 159.200 1842.899 8.408 0.000 0.000 0.75
2019-05-04_23:48:46 00414 11.600 152.400 1767.840 8.312 0.000 0.000 0.75
2019-05-04_23:48:47 00415 11.592 152.800 1771.258 8.320 0.000 0.000 0.75
2019-05-04_23:48:48 00416 11.576 157.200 1819.747 8.328 0.000 0.000 0.75
2019-05-04_23:48:49 00417 11.560 185.200 2140.912 8.328 0.000 0.000 0.75
2019-05-04_23:48:50 00418 11.592 152.800 1771.258 8.352 0.400 3.341 0.75
2019-05-04_23:48:51 00419 11.576 170.800 1977.181 8.352 0.000 0.000 0.75
2019-05-04_23:48:52 00420 11.576 152.800 1768.813 8.368 0.400 3.347 0.76
2019-05-04_23:48:53 00421 11.576 170.800 1977.181 8.384 0.000 0.000 0.76
2019-05-04_23:48:54 00422 11.560 168.800 1951.328 8.384 0.400 3.354 0.76
2019-05-04_23:48:55 00423 11.576 160.800 1861.421 8.400 0.000 0.000 0.76
2019-05-04_23:48:56 00424 11.576 169.200 1958.659 8.400 0.400 3.360 0.76
2019-05-04_23:48:57 00425 11.568 165.600 1915.661 8.424 0.400 3.370 0.75
2019-05-04_23:48:59 00426 11.584 170.000 1969.280 8.320 0.000 0.000 0.75
2019-05-04_23:48:59 00427 11.584 200.000 2316.800 8.320 0.400 3.328 0.75
2019-05-04_23:49:01 00428 11.576 162.000 1875.312 8.336 0.400 3.334 0.75
2019-05-04_23:49:02 00429 11.576 171.200 1981.811 8.344 0.400 3.338 0.75
2019-05-04_23:49:03 00430 11.592 152.800 1771.258 8.360 0.400 3.344 0.75
2019-05-04_23:49:04 00431 11.592 152.400 1766.621 8.368 0.400 3.347 0.76
2019-05-04_23:49:05 00432 11.560 172.800 1997.568 8.376 0.400 3.350 0.76
2019-05-04_23:49:06 00433 11.576 161.600 1870.682 8.392 0.400 3.357 0.76
2019-05-04_23:49:07 00434 11.576 167.600 1940.138 8.392 0.000 0.000 0.76
2019-05-04_23:49:08 00435 11.576 163.200 1889.203 8.408 0.000 0.000 0.75
2019-05-04_23:49:09 00436 11.600 152.400 1767.840 8.312 0.000 0.000 0.75
2019-05-04_23:49:10 00437 11.592 152.800 1771.258 8.320 0.000 0.000 0.75
2019-05-04_23:49:11 00438 11.584 156.800 1816.371 8.328 0.400 3.331 0.75
2019-05-04_23:49:12 00439 11.584 170.000 1969.280 8.328 0.000 0.000 0.75
2019-05-04_23:49:13 00440 11.576 163.200 1889.203 8.352 0.400 3.341 0.75
2019-05-04_23:49:14 00441 11.592 152.800 1771.258 8.360 0.000 0.000 0.75
2019-05-04_23:49:15 00442 11.568 168.400 1948.051 8.360 0.400 3.344 0.76
2019-05-04_23:49:16 00443 11.576 158.000 1829.008 8.384 0.000 0.000 0.76
2019-05-04_23:49:17 00444 11.576 167.200 1935.507 8.384 0.000 0.000 0.76
2019-05-04_23:49:18 00445 11.584 152.400 1765.402 8.400 0.000 0.000 0.76
2019-05-04_23:49:19 00446 11.576 162.400 1879.942 8.416 0.000 0.000 0.75
2019-05-04_23:49:20 00447 11.584 168.800 1955.379 8.304 0.000 0.000 0.75
2019-05-04_23:49:21 00448 11.584 171.200 1983.181 8.320 0.000 0.000 0.75
2019-05-04_23:49:22 00449 11.584 170.800 1978.547 8.320 0.000 0.000 0.75
2019-05-04_23:49:23 00450 11.576 170.400 1972.550 8.328 0.000 0.000 0.75
2019-05-04_23:49:24 00451 11.576 168.400 1949.398 8.352 0.400 3.341 0.75
2019-05-04_23:49:25 00452 11.552 197.600 2282.675 8.352 0.000 0.000 0.75
2019-05-04_23:49:26 00453 11.576 170.400 1972.550 8.376 0.000 0.000 0.76
2019-05-04_23:49:27 00454 11.576 170.800 1977.181 8.368 0.000 0.000 0.76
2019-05-04_23:49:28 00455 11.576 170.800 1977.181 8.392 0.000 0.000 0.76
2019-05-04_23:49:29 00456 11.576 169.600 1963.290 8.400 0.000 0.000 0.76
2019-05-04_23:49:30 00457 11.552 193.200 2231.846 8.384 0.000 0.000 0.76
2019-05-04_23:49:31 00458 11.576 170.000 1967.920 8.408 0.000 0.000 0.75
2019-05-04_23:49:32 00459 11.568 193.200 2234.938 8.312 0.400 3.325 0.75
2019-05-04_23:49:33 00460 11.584 170.400 1973.914 8.328 0.400 3.331 0.75
2019-05-04_23:49:34 00461 11.576 170.000 1967.920 8.328 0.400 3.331 0.75
2019-05-04_23:49:35 00462 11.560 190.400 2201.024 8.328 0.000 0.000 0.75
2019-05-04_23:49:36 00463 11.576 170.000 1967.920 8.352 0.400 3.341 0.75
2019-05-04_23:49:37 00464 11.576 169.200 1958.659 8.368 0.400 3.347 0.76
2019-05-04_23:49:38 00465 11.576 167.200 1935.507 8.368 0.400 3.347 0.76
2019-05-04_23:49:39 00466 11.576 168.400 1949.398 8.384 0.000 0.000 0.76
2019-05-04_23:49:40 00467 11.552 203.200 2347.366 8.376 0.400 3.350 0.76
2019-05-04_23:49:41 00468 11.576 156.000 1805.856 8.408 0.400 3.363 0.75
2019-05-04_23:49:42 00469 11.584 183.600 2126.822 8.304 0.000 0.000 0.75
2019-05-04_23:49:43 00470 11.584 164.800 1909.043 8.320 0.000 0.000 0.75
2019-05-04_23:49:44 00471 11.592 164.400 1905.725 8.328 0.000 0.000 0.75
2019-05-04_23:49:45 00472 11.584 170.800 1978.547 8.328 0.000 0.000 0.75
2019-05-04_23:49:46 00473 11.592 155.200 1799.078 8.352 0.000 0.000 0.75
2019-05-04_23:49:47 00474 11.576 157.200 1819.747 8.360 0.400 3.344 0.75
2019-05-04_23:49:48 00475 11.584 162.800 1885.875 8.376 0.400 3.350 0.76
2019-05-04_23:49:49 00476 11.584 153.200 1774.669 8.376 0.000 0.000 0.76
2019-05-04_23:49:50 00477 11.584 153.200 1774.669 8.392 0.400 3.357 0.76
2019-05-04_23:49:51 00478 11.576 158.400 1833.638 8.400 0.000 0.000 0.76
2019-05-04_23:49:52 00479 11.576 186.800 2162.397 8.400 0.000 0.000 0.76
2019-05-04_23:49:53 00480 11.584 153.600 1779.302 8.424 0.000 0.000 0.75
2019-05-04_23:49:54 00481 11.592 153.600 1780.531 8.320 0.000 0.000 0.75
2019-05-04_23:49:55 00482 11.576 169.200 1958.659 8.320 0.000 0.000 0.75
2019-05-04_23:49:56 00483 11.584 163.600 1895.142 8.336 0.000 0.000 0.75
2019-05-04_23:49:57 00484 11.576 170.400 1972.550 8.344 0.000 0.000 0.75
2019-05-04_23:49:58 00485 11.592 153.200 1775.894 8.360 0.400 3.344 0.75
2019-05-04_23:49:59 00486 11.584 153.200 1774.669 8.368 0.000 0.000 0.76
2019-05-04_23:50:00 00487 11.576 184.800 2139.245 8.376 0.000 0.000 0.76
2019-05-04_23:50:01 00488 11.584 153.200 1774.669 8.392 0.000 0.000 0.76
2019-05-04_23:50:02 00489 11.576 169.600 1963.290 8.392 0.400 3.357 0.76
2019-05-04_23:50:03 00490 11.584 153.200 1774.669 8.408 0.400 3.363 0.75
2019-05-04_23:50:04 00491 11.592 156.800 1817.626 8.312 0.000 0.000 0.75
2019-05-04_23:50:05 00492 11.584 169.200 1960.013 8.312 0.000 0.000 0.75
2019-05-04_23:50:06 00493 11.592 153.200 1775.894 8.328 0.000 0.000 0.75
2019-05-04_23:50:07 00494 11.584 169.200 1960.013 8.328 0.400 3.331 0.75
2019-05-04_23:50:08 00495 11.584 162.800 1885.875 8.352 0.000 0.000 0.75
2019-05-04_23:50:09 00496 11.592 153.200 1775.894 8.360 0.000 0.000 0.75
2019-05-04_23:50:10 00497 11.592 153.200 1775.894 8.368 0.000 0.000 0.76
2019-05-04_23:50:11 00498 11.584 153.600 1779.302 8.376 0.400 3.350 0.76
2019-05-04_23:50:12 00499 11.576 162.400 1879.942 8.392 0.400 3.357 0.76
2019-05-04_23:50:13 00500 11.584 153.600 1779.302 8.400 0.400 3.360 0.76
2019-05-04_23:50:14 00501 11.584 153.200 1774.669 8.408 0.000 0.000 0.75
2019-05-04_23:50:15 00502 11.592 156.400 1812.989 8.312 0.000 0.000 0.75
2019-05-04_23:50:16 00503 11.584 163.600 1895.142 8.320 0.000 0.000 0.75
2019-05-04_23:50:17 00504 11.592 153.600 1780.531 8.328 0.400 3.331 0.75
2019-05-04_23:50:18 00505 11.592 153.200 1775.894 8.336 0.000 0.000 0.75