2019-05-06_23:51:19 05470 1.040 -5.200 -5.408 7.992 146.000 1166.832 0.00
2019-05-06_23:51:29 05480 1.040 -5.200 -5.408 8.000 148.800 1190.400 0.00
2019-05-06_23:51:39 05490 1.040 -5.200 -5.408 8.000 145.600 1164.800 0.00
2019-05-06_23:51:49 05500 1.040 -5.200 -5.408 8.000 145.600 1164.800 0.00
2019-05-06_23:51:59 05510 1.040 -5.200 -5.408 8.000 145.600 1164.800 0.00
2019-05-06_23:52:09 05520 1.040 -5.200 -5.408 8.000 145.600 1164.800 0.00
2019-05-06_23:52:19 05530 1.040 -5.200 -5.408 8.000 145.600 1164.800 0.00
2019-05-06_23:52:29 05540 1.040 -5.200 -5.408 8.000 148.400 1187.200 0.00
2019-05-06_23:52:39 05550 1.040 -5.200 -5.408 8.000 148.400 1187.200 0.00
2019-05-06_23:52:49 05560 1.040 -5.200 -5.408 8.000 150.400 1203.200 0.00
2019-05-06_23:52:59 05570 1.040 -5.200 -5.408 8.000 147.600 1180.800 0.00
2019-05-06_23:53:09 05580 1.040 -5.200 -5.408 8.000 142.800 1142.400 0.00
2019-05-06_23:53:19 05590 1.040 -5.200 -5.408 8.000 145.600 1164.800 0.00
2019-05-06_23:53:29 05600 1.040 -5.200 -5.408 8.000 145.200 1161.600 0.00
2019-05-06_23:53:39 05610 1.040 -5.200 -5.408 8.000 146.400 1171.200 0.00
2019-05-06_23:53:49 05620 1.040 -5.200 -5.408 8.000 144.000 1152.000 0.00
2019-05-06_23:53:59 05630 1.040 -5.200 -5.408 8.000 147.600 1180.800 0.00
2019-05-06_23:54:09 05640 1.040 -5.200 -5.408 8.000 158.800 1270.400 0.00
2019-05-06_23:54:19 05650 1.040 -5.200 -5.408 8.000 148.000 1184.000 0.00
2019-05-06_23:54:29 05660 1.040 -5.200 -5.408 7.984 148.400 1184.826 0.00
2019-05-06_23:54:39 05670 1.040 -5.200 -5.408 7.992 144.400 1154.045 0.00
2019-05-06_23:54:49 05680 1.040 -5.200 -5.408 8.000 143.200 1145.600 0.00
2019-05-06_23:54:59 05690 1.040 -5.200 -5.408 8.000 144.800 1158.400 0.00
2019-05-06_23:55:09 05700 1.040 -5.200 -5.408 8.000 150.000 1200.000 0.00
2019-05-06_23:55:19 05710 1.040 -5.200 -5.408 7.992 148.000 1182.816 0.00
2019-05-06_23:55:29 05720 1.040 -5.200 -5.408 7.960 186.800 1486.928 0.00
2019-05-06_23:55:39 05730 1.040 -5.200 -5.408 7.992 148.000 1182.816 0.00
2019-05-06_23:55:49 05740 1.040 -5.200 -5.408 8.000 147.600 1180.800 0.00
2019-05-06_23:55:59 05750 1.040 -5.200 -5.408 7.992 152.400 1217.981 0.00
2019-05-06_23:56:09 05760 1.040 -5.200 -5.408 8.000 193.600 1548.800 0.00
2019-05-06_23:56:19 05770 1.040 -5.200 -5.408 8.000 153.600 1228.800 0.00
2019-05-06_23:56:29 05780 1.040 -5.200 -5.408 8.000 144.800 1158.400 0.00
2019-05-06_23:56:39 05790 1.040 -5.200 -5.408 8.000 142.000 1136.000 0.00
2019-05-06_23:56:49 05800 1.040 -5.200 -5.408 7.952 188.000 1494.976 0.00
2019-05-06_23:56:59 05810 1.040 -5.200 -5.408 7.960 195.200 1553.792 0.00
2019-05-06_23:57:09 05820 1.040 -5.200 -5.408 7.992 146.800 1173.226 0.00
2019-05-06_23:57:19 05830 1.040 -5.200 -5.408 7.992 146.800 1173.226 0.00
2019-05-06_23:57:29 05840 1.040 -5.200 -5.408 8.000 149.200 1193.600 0.00
2019-05-06_23:57:39 05850 1.040 -5.200 -5.408 8.000 144.800 1158.400 0.00
2019-05-06_23:57:49 05860 1.040 -5.200 -5.408 8.000 145.600 1164.800 0.00
2019-05-06_23:57:59 05870 1.040 -5.200 -5.408 8.000 146.000 1168.000 0.00
2019-05-06_23:58:09 05880 1.040 -5.200 -5.408 8.000 144.800 1158.400 0.00
2019-05-06_23:58:19 05890 1.040 -5.200 -5.408 7.992 148.400 1186.013 0.00
2019-05-06_23:58:29 05900 1.040 -5.200 -5.408 7.984 148.800 1188.019 0.00
2019-05-06_23:58:39 05910 1.040 -5.200 -5.408 7.992 148.000 1182.816 0.00
2019-05-06_23:58:49 05920 1.040 -5.200 -5.408 7.992 148.800 1189.210 0.00
2019-05-06_23:58:59 05930 1.040 -5.200 -5.408 7.992 149.600 1195.603 0.00
2019-05-06_23:59:09 05940 1.040 -5.200 -5.408 7.992 143.600 1147.651 0.00
2019-05-06_23:59:19 05950 1.040 -5.200 -5.408 8.000 153.600 1228.800 0.00
2019-05-06_23:59:29 05960 1.040 -5.200 -5.408 8.000 148.800 1190.400 0.00
2019-05-06_23:59:39 05970 1.040 -5.200 -5.408 7.992 144.800 1157.242 0.00
2019-05-06_23:59:49 05980 1.040 -5.200 -5.408 7.992 145.200 1160.438 0.00
2019-05-06_23:59:59 05990 1.040 -5.200 -5.408 7.992 149.200 1192.406 0.00
2019-05-07_00:00:09 06000 1.040 -5.200 -5.408 7.992 149.600 1195.603 0.00
2019-05-07_00:00:19 06010 1.040 -5.200 -5.408 7.992 149.200 1192.406 0.00
2019-05-07_00:00:29 06020 1.040 -5.200 -5.408 7.992 147.600 1179.619 0.00
2019-05-07_00:00:39 06030 1.040 -5.200 -5.408 7.992 146.000 1166.832 0.00
2019-05-07_00:00:49 06040 1.040 -5.200 -5.408 7.992 145.600 1163.635 0.00
2019-05-07_00:00:59 06050 1.040 -5.200 -5.408 7.992 145.200 1160.438 0.00
2019-05-07_00:01:09 06060 1.040 -5.200 -5.408 7.992 144.800 1157.242 0.00
2019-05-07_00:01:19 06070 1.040 -5.200 -5.408 7.992 146.800 1173.226 0.00
2019-05-07_00:01:29 06080 1.040 -5.200 -5.408 7.992 145.600 1163.635 0.00
2019-05-07_00:01:39 06090 1.040 -5.200 -5.408 7.992 148.800 1189.210 0.00
2019-05-07_00:01:49 06100 1.040 -5.200 -5.408 7.992 148.000 1182.816 0.00
2019-05-07_00:01:59 06110 1.040 -5.200 -5.408 8.000 143.200 1145.600 0.00
2019-05-07_00:02:09 06120 1.040 -5.200 -5.408 7.992 144.400 1154.045 0.00
2019-05-07_00:02:19 06130 1.040 -5.200 -5.408 7.960 184.400 1467.824 0.00
2019-05-07_00:02:29 06140 1.040 -5.200 -5.408 7.992 143.200 1144.454 0.00
2019-05-07_00:02:39 06150 1.040 -5.200 -5.408 7.992 144.000 1150.848 0.00
2019-05-07_00:02:49 06160 1.040 -5.200 -5.408 7.992 148.000 1182.816 0.00
2019-05-07_00:03:00 06170 1.040 -5.200 -5.408 7.992 146.000 1166.832 0.00
2019-05-07_00:03:10 06180 1.040 -5.200 -5.408 7.992 156.400 1249.949 0.00
2019-05-07_00:03:20 06190 1.040 -5.200 -5.408 7.992 154.000 1230.768 0.00
2019-05-07_00:03:30 06200 1.040 -5.200 -5.408 7.992 143.600 1147.651 0.00
2019-05-07_00:03:40 06210 1.040 -5.200 -5.408 7.992 143.200 1144.454 0.00
2019-05-07_00:03:50 06220 1.040 -5.200 -5.408 7.992 146.400 1170.029 0.00
2019-05-07_00:04:00 06230 1.040 -5.200 -5.408 7.992 144.000 1150.848 0.00
2019-05-07_00:04:10 06240 1.040 -5.200 -5.408 7.960 188.800 1502.848 0.00
2019-05-07_00:04:20 06250 1.040 -5.200 -5.408 7.992 149.200 1192.406 0.00
2019-05-07_00:04:30 06260 1.040 -5.200 -5.408 7.992 148.000 1182.816 0.00
2019-05-07_00:04:40 06270 1.040 -5.200 -5.408 7.984 148.800 1188.019 0.00
2019-05-07_00:04:50 06280 1.040 -5.200 -5.408 7.960 193.600 1541.056 0.00
2019-05-07_00:05:00 06290 1.040 -5.200 -5.408 7.992 145.200 1160.438 0.00
2019-05-07_00:05:10 06300 1.040 -5.200 -5.408 7.992 146.400 1170.029 0.00
2019-05-07_00:05:20 06310 1.040 -5.200 -5.408 7.992 146.800 1173.226 0.00
2019-05-07_00:05:30 06320 1.040 -5.200 -5.408 7.960 145.200 1155.792 0.00
2019-05-07_00:05:40 06330 1.040 -5.200 -5.408 7.992 145.600 1163.635 0.00
2019-05-07_00:05:50 06340 1.040 -5.200 -5.408 7.984 149.600 1194.406 0.00
2019-05-07_00:06:00 06350 1.040 -5.200 -5.408 7.984 148.800 1188.019 0.00
2019-05-07_00:06:10 06360 1.040 -5.200 -5.408 7.952 191.200 1520.422 0.00
2019-05-07_00:06:20 06370 1.040 -5.200 -5.408 7.984 148.400 1184.826 0.00