2019-05-05_21:37:39 00405 2.240 -0.800 -1.792 7.968 194.400 1548.979 0.00
2019-05-05_21:37:40 00406 2.240 -0.800 -1.792 7.968 195.200 1555.354 0.00
2019-05-05_21:37:41 00407 2.240 -0.800 -1.792 7.968 195.200 1555.354 0.00
2019-05-05_21:37:42 00408 2.240 -0.800 -1.792 7.960 194.800 1550.608 0.00
2019-05-05_21:37:43 00409 2.240 -0.800 -1.792 7.968 194.800 1552.166 0.00
2019-05-05_21:37:44 00410 2.240 -0.800 -1.792 7.968 194.400 1548.979 0.00
2019-05-05_21:37:45 00411 2.240 -0.800 -1.792 7.968 194.800 1552.166 0.00
2019-05-05_21:37:46 00412 2.240 -0.800 -1.792 7.952 195.600 1555.411 0.00
2019-05-05_21:37:47 00413 2.240 -0.800 -1.792 7.968 195.600 1558.541 0.00
2019-05-05_21:37:48 00414 2.240 -0.800 -1.792 7.968 199.600 1590.413 0.00
2019-05-05_21:37:49 00415 2.240 -0.800 -1.792 7.960 194.400 1547.424 0.00
2019-05-05_21:37:50 00416 2.240 -0.800 -1.792 7.968 194.800 1552.166 0.00
2019-05-05_21:37:51 00417 2.240 -0.400 -0.896 7.968 208.000 1657.344 0.00
2019-05-05_21:37:52 00418 2.240 -0.800 -1.792 7.968 194.800 1552.166 0.00
2019-05-05_21:37:53 00419 2.240 -0.800 -1.792 7.968 194.800 1552.166 0.00
2019-05-05_21:37:54 00420 2.240 -0.800 -1.792 7.968 194.800 1552.166 0.00
2019-05-05_21:37:55 00421 2.240 -0.800 -1.792 7.968 194.400 1548.979 0.00
2019-05-05_21:37:56 00422 2.240 -0.400 -0.896 7.952 197.600 1571.315 0.00
2019-05-05_21:37:57 00423 2.240 -0.800 -1.792 7.968 194.800 1552.166 0.00
2019-05-05_21:37:58 00424 2.240 -0.800 -1.792 7.968 195.200 1555.354 0.00
2019-05-05_21:37:59 00425 2.240 -0.800 -1.792 7.968 194.400 1548.979 0.00
2019-05-05_21:38:00 00426 2.240 -0.800 -1.792 7.960 193.200 1537.872 0.00
2019-05-05_21:38:01 00427 2.240 -0.800 -1.792 7.968 200.000 1593.600 0.00
2019-05-05_21:38:02 00428 2.240 -0.800 -1.792 7.968 194.800 1552.166 0.00
2019-05-05_21:38:03 00429 2.240 -0.800 -1.792 7.968 195.200 1555.354 0.00
2019-05-05_21:38:04 00430 2.240 -0.800 -1.792 7.968 192.400 1533.043 0.00
2019-05-05_21:38:05 00431 2.240 -0.800 -1.792 7.960 191.600 1525.136 0.00
2019-05-05_21:38:06 00432 2.240 -0.800 -1.792 7.952 198.400 1577.677 0.00
2019-05-05_21:38:07 00433 2.240 -0.800 -1.792 7.968 195.200 1555.354 0.00
2019-05-05_21:38:08 00434 2.240 -0.800 -1.792 7.968 191.600 1526.669 0.00
2019-05-05_21:38:09 00435 2.240 -0.800 -1.792 7.968 191.600 1526.669 0.00
2019-05-05_21:38:10 00436 2.240 -0.800 -1.792 7.968 200.800 1599.974 0.00
2019-05-05_21:38:11 00437 2.240 -0.800 -1.792 7.968 195.200 1555.354 0.00
2019-05-05_21:38:12 00438 2.240 -0.800 -1.792 7.968 192.000 1529.856 0.00
2019-05-05_21:38:13 00439 2.240 -0.800 -1.792 7.968 192.400 1533.043 0.00
2019-05-05_21:38:14 00440 2.240 -0.800 -1.792 7.928 219.200 1737.818 0.00
2019-05-05_21:38:15 00441 2.240 -0.800 -1.792 7.968 193.200 1539.418 0.00
2019-05-05_21:38:16 00442 2.240 -0.800 -1.792 7.968 192.000 1529.856 0.00
2019-05-05_21:38:17 00443 2.240 -0.800 -1.792 7.960 194.000 1544.240 0.00
2019-05-05_21:38:18 00444 2.240 -0.800 -1.792 7.952 198.800 1580.858 0.00
2019-05-05_21:38:19 00445 2.240 -0.800 -1.792 7.968 192.800 1536.230 0.00
2019-05-05_21:38:20 00446 2.240 -0.800 -1.792 7.968 192.000 1529.856 0.00
2019-05-05_21:38:21 00447 2.240 -0.800 -1.792 7.968 194.800 1552.166 0.00
2019-05-05_21:38:22 00448 2.240 -0.800 -1.792 7.952 195.600 1555.411 0.00
2019-05-05_21:38:23 00449 2.240 -0.800 -1.792 7.968 192.400 1533.043 0.00
2019-05-05_21:38:24 00450 2.240 -0.800 -1.792 7.968 191.600 1526.669 0.00
2019-05-05_21:38:25 00451 2.240 -0.800 -1.792 7.960 195.600 1556.976 0.00
2019-05-05_21:38:26 00452 2.240 -0.800 -1.792 7.960 197.600 1572.896 0.00
2019-05-05_21:38:27 00453 2.240 -0.800 -1.792 7.952 194.800 1549.050 0.00
2019-05-05_21:38:28 00454 2.240 -0.800 -1.792 7.968 208.400 1660.531 0.00
2019-05-05_21:38:29 00455 2.240 -0.800 -1.792 7.968 195.200 1555.354 0.00
2019-05-05_21:38:30 00456 2.240 -0.800 -1.792 7.968 194.800 1552.166 0.00
2019-05-05_21:38:31 00457 2.240 -0.800 -1.792 7.960 194.400 1547.424 0.00
2019-05-05_21:38:32 00458 2.240 -0.800 -1.792 7.960 194.800 1550.608 0.00
2019-05-05_21:38:33 00459 2.240 -0.800 -1.792 7.944 221.200 1757.213 0.00
2019-05-05_21:38:34 00460 2.240 -0.800 -1.792 7.960 194.800 1550.608 0.00
2019-05-05_21:38:35 00461 2.240 -0.800 -1.792 7.952 194.800 1549.050 0.00
2019-05-05_21:38:36 00462 2.240 -0.800 -1.792 7.960 211.200 1681.152 0.00
2019-05-05_21:38:37 00463 2.240 -0.800 -1.792 7.968 195.200 1555.354 0.00
2019-05-05_21:38:38 00464 2.240 -0.800 -1.792 7.968 195.600 1558.541 0.00
2019-05-05_21:38:39 00465 2.240 -0.800 -1.792 7.960 194.400 1547.424 0.00
2019-05-05_21:38:40 00466 2.240 -0.800 -1.792 7.952 194.800 1549.050 0.00
2019-05-05_21:38:41 00467 2.240 -0.800 -1.792 7.960 195.200 1553.792 0.00
2019-05-05_21:38:42 00468 2.240 -0.800 -1.792 7.960 195.200 1553.792 0.00
2019-05-05_21:38:43 00469 2.240 -0.800 -1.792 7.960 195.200 1553.792 0.00
2019-05-05_21:38:44 00470 2.240 -0.800 -1.792 7.944 220.000 1747.680 0.00
2019-05-05_21:38:45 00471 2.240 -0.800 -1.792 7.952 199.200 1584.038 0.00
2019-05-05_21:38:46 00472 2.240 -0.800 -1.792 7.960 206.000 1639.760 0.00
2019-05-05_21:38:47 00473 2.240 -0.800 -1.792 7.968 195.200 1555.354 0.00
2019-05-05_21:38:48 00474 2.240 -0.800 -1.792 7.960 196.400 1563.344 0.00
2019-05-05_21:38:49 00475 2.240 -0.800 -1.792 7.968 195.200 1555.354 0.00
2019-05-05_21:38:50 00476 2.240 -0.800 -1.792 7.952 197.600 1571.315 0.00
2019-05-05_21:38:51 00477 2.240 -0.800 -1.792 7.960 194.800 1550.608 0.00
2019-05-05_21:38:52 00478 2.240 -0.800 -1.792 7.960 195.200 1553.792 0.00
2019-05-05_21:38:53 00479 2.240 -0.800 -1.792 7.952 194.800 1549.050 0.00
2019-05-05_21:38:54 00480 2.240 -0.800 -1.792 7.968 194.800 1552.166 0.00
2019-05-05_21:38:55 00481 2.240 -0.800 -1.792 7.960 195.600 1556.976 0.00
2019-05-05_21:38:56 00482 2.240 -0.800 -1.792 7.960 195.200 1553.792 0.00
2019-05-05_21:38:57 00483 2.240 -0.800 -1.792 7.952 198.400 1577.677 0.00
2019-05-05_21:38:58 00484 2.240 -0.800 -1.792 7.960 194.800 1550.608 0.00
2019-05-05_21:38:59 00485 2.240 -0.800 -1.792 7.968 196.000 1561.728 0.00
2019-05-05_21:39:00 00486 2.240 -0.800 -1.792 7.960 195.200 1553.792 0.00
2019-05-05_21:39:01 00487 2.240 -0.800 -1.792 7.968 194.800 1552.166 0.00
2019-05-05_21:39:02 00488 2.240 -0.800 -1.792 7.952 192.400 1529.965 0.00
2019-05-05_21:39:03 00489 2.240 -0.800 -1.792 7.960 195.200 1553.792 0.00
2019-05-05_21:39:04 00490 2.240 -0.800 -1.792 7.960 195.200 1553.792 0.00
2019-05-05_21:39:05 00491 2.240 -0.800 -1.792 7.968 194.400 1548.979 0.00
2019-05-05_21:39:06 00492 2.240 -0.800 -1.792 7.952 192.400 1529.965 0.00
2019-05-05_21:39:07 00493 2.240 -0.800 -1.792 7.960 195.200 1553.792 0.00
2019-05-05_21:39:08 00494 2.240 -0.800 -1.792 7.960 196.400 1563.344 0.00
2019-05-05_21:39:09 00495 2.240 -0.800 -1.792 7.968 192.800 1536.230 0.00
2019-05-05_21:39:10 00496 2.240 -0.800 -1.792 7.968 191.600 1526.669 0.00
2019-05-05_21:39:11 00497 2.240 -0.800 -1.792 7.944 194.000 1541.136 0.00
2019-05-05_21:39:12 00498 2.240 -0.800 -1.792 7.968 207.200 1650.970 0.00
2019-05-05_21:39:13 00499 2.240 -0.800 -1.792 7.968 193.600 1542.605 0.00
2019-05-05_21:39:14 00500 2.240 -0.800 -1.792 7.944 224.800 1785.811 0.00
2019-05-05_21:39:15 00501 2.240 -0.800 -1.792 7.968 192.800 1536.230 0.00
2019-05-05_21:39:16 00502 2.240 -0.800 -1.792 7.960 202.400 1611.104 0.00
2019-05-05_21:39:17 00503 2.240 -0.800 -1.792 7.960 194.400 1547.424 0.00
2019-05-05_21:39:18 00504 2.240 -0.800 -1.792 7.968 196.000 1561.728 0.00
2019-05-05_21:39:19 00505 2.240 -0.800 -1.792 7.952 192.400 1529.965 0.00