2019-05-05_02:22:04 00102 11.560 193.200 2233.392 8.384 0.000 0.000 0.76
2019-05-05_02:22:05 00103 11.560 196.800 2275.008 8.384 0.400 3.354 0.76
2019-05-05_02:22:06 00104 11.560 195.200 2256.512 8.400 0.400 3.360 0.76
2019-05-05_02:22:07 00105 11.552 191.600 2213.363 8.416 0.400 3.366 0.75
2019-05-05_02:22:08 00106 11.568 195.200 2258.074 8.304 0.400 3.322 0.75
2019-05-05_02:22:09 00107 11.560 195.600 2261.136 8.312 0.400 3.325 0.75
2019-05-05_02:22:10 00108 11.560 190.400 2201.024 8.328 0.000 0.000 0.75
2019-05-05_02:22:12 00109 11.560 194.000 2242.640 8.336 0.400 3.334 0.75
2019-05-05_02:22:13 00110 11.560 196.400 2270.384 8.344 0.400 3.338 0.76
2019-05-05_02:22:14 00111 11.560 193.600 2238.016 8.360 0.400 3.344 0.76
2019-05-05_02:22:15 00112 11.560 196.400 2270.384 8.368 0.000 0.000 0.76
2019-05-05_02:22:16 00113 11.552 194.000 2241.088 8.376 0.000 0.000 0.76
2019-05-05_02:22:17 00114 11.552 198.400 2291.917 8.384 0.000 0.000 0.76
2019-05-05_02:22:18 00115 11.552 196.800 2273.434 8.400 0.000 0.000 0.76
2019-05-05_02:22:19 00116 11.552 196.800 2273.434 8.424 0.000 0.000 0.75
2019-05-05_02:22:20 00117 11.560 193.200 2233.392 8.304 0.400 3.322 0.75
2019-05-05_02:22:21 00118 11.568 185.600 2147.021 8.312 0.400 3.325 0.75
2019-05-05_02:22:22 00119 11.560 186.400 2154.784 8.328 0.400 3.331 0.75
2019-05-05_02:22:23 00120 11.560 185.200 2140.912 8.336 0.400 3.334 0.75
2019-05-05_02:22:24 00121 11.568 193.200 2234.938 8.344 0.400 3.338 0.76
2019-05-05_02:22:25 00122 11.560 188.000 2173.280 8.360 0.400 3.344 0.76
2019-05-05_02:22:26 00123 11.560 194.400 2247.264 8.368 0.400 3.347 0.76
2019-05-05_02:22:27 00124 11.560 190.000 2196.400 8.376 0.000 0.000 0.76
2019-05-05_02:22:28 00125 11.560 187.200 2164.032 8.392 0.400 3.357 0.76
2019-05-05_02:22:29 00126 11.560 195.200 2256.512 8.400 0.000 0.000 0.76
2019-05-05_02:22:30 00127 11.552 200.400 2315.021 8.408 0.400 3.363 0.75
2019-05-05_02:22:31 00128 11.568 197.600 2285.837 8.304 0.000 0.000 0.75
2019-05-05_02:22:32 00129 11.560 196.400 2270.384 8.312 0.400 3.325 0.75
2019-05-05_02:22:33 00130 11.560 196.000 2265.760 8.320 0.400 3.328 0.75
2019-05-05_02:22:34 00131 11.560 188.400 2177.904 8.328 0.400 3.331 0.75
2019-05-05_02:22:35 00132 11.560 196.400 2270.384 8.344 0.400 3.338 0.76
2019-05-05_02:22:36 00133 11.552 200.800 2319.642 8.352 0.400 3.341 0.76
2019-05-05_02:22:37 00134 11.560 194.800 2251.888 8.368 0.400 3.347 0.76
2019-05-05_02:22:38 00135 11.552 198.400 2291.917 8.376 0.000 0.000 0.76
2019-05-05_02:22:39 00136 11.560 197.200 2279.632 8.384 0.000 0.000 0.76
2019-05-05_02:22:40 00137 11.560 195.200 2256.512 8.408 0.000 0.000 0.75
2019-05-05_02:22:41 00138 11.560 195.200 2256.512 8.296 0.400 3.318 0.77
2019-05-05_02:22:42 00139 11.544 202.000 2331.888 8.536 0.000 0.000 0.76
2019-05-05_02:22:43 00140 11.560 194.000 2242.640 8.400 0.000 0.000 0.76
2019-05-05_02:22:44 00141 11.560 195.200 2256.512 8.416 0.000 0.000 0.75
2019-05-05_02:22:45 00142 11.560 198.000 2288.880 8.296 0.000 0.000 0.77
2019-05-05_02:22:46 00143 11.552 199.200 2301.158 8.560 0.000 0.000 0.76
2019-05-05_02:22:47 00144 11.552 198.400 2291.917 8.416 0.400 3.366 0.75
2019-05-05_02:22:48 00145 11.560 196.400 2270.384 8.296 0.000 0.000 0.77
2019-05-05_02:22:49 00146 11.552 194.400 2245.709 8.560 0.000 0.000 0.76
2019-05-05_02:22:50 00147 11.552 192.800 2227.226 8.408 0.000 0.000 0.75
2019-05-05_02:22:51 00148 11.560 193.200 2233.392 8.296 0.000 0.000 0.77
2019-05-05_02:22:52 00149 11.552 195.200 2254.950 8.568 0.000 0.000 0.76
2019-05-05_02:22:53 00150 11.560 196.400 2270.384 8.416 0.000 0.000 0.75
2019-05-05_02:22:54 00151 11.560 171.200 1979.072 8.312 0.000 0.000 0.75
2019-05-05_02:22:55 00152 11.584 164.400 1904.410 8.336 0.400 3.334 0.75
2019-05-05_02:22:56 00153 11.592 155.600 1803.715 8.344 0.000 0.000 0.75
2019-05-05_02:22:57 00154 11.576 166.800 1930.877 8.344 0.400 3.338 0.75
2019-05-05_02:22:58 00155 11.576 182.800 2116.093 8.344 0.400 3.338 0.76
2019-05-05_02:22:59 00156 11.592 153.600 1780.531 8.376 0.400 3.350 0.76
2019-05-05_02:23:00 00157 11.584 154.400 1788.570 8.392 0.000 0.000 0.76
2019-05-05_02:23:01 00158 11.576 164.400 1903.094 8.400 0.400 3.360 0.76
2019-05-05_02:23:02 00159 11.576 171.600 1986.442 8.400 0.000 0.000 0.76
2019-05-05_02:23:03 00160 11.584 153.200 1774.669 8.424 0.400 3.370 0.75
2019-05-05_02:23:04 00161 11.584 164.000 1899.776 8.312 0.000 0.000 0.75
2019-05-05_02:23:05 00162 11.584 164.800 1909.043 8.320 0.400 3.328 0.75
2019-05-05_02:23:06 00163 11.592 153.600 1780.531 8.336 0.000 0.000 0.75
2019-05-05_02:23:07 00164 11.576 169.200 1958.659 8.336 0.400 3.334 0.75
2019-05-05_02:23:08 00165 11.584 165.200 1913.677 8.360 0.400 3.344 0.75
2019-05-05_02:23:09 00166 11.592 153.600 1780.531 8.368 0.400 3.347 0.76
2019-05-05_02:23:10 00167 11.576 170.000 1967.920 8.368 0.400 3.347 0.76
2019-05-05_02:23:11 00168 11.576 170.000 1967.920 8.384 0.400 3.354 0.76
2019-05-05_02:23:12 00169 11.576 154.400 1787.334 8.400 0.000 0.000 0.76
2019-05-05_02:23:13 00170 11.576 163.200 1889.203 8.408 0.400 3.363 0.75
2019-05-05_02:23:14 00171 11.584 170.400 1973.914 8.296 0.000 0.000 0.77
2019-05-05_02:23:15 00172 11.552 185.600 2144.051 8.544 0.000 0.000 0.76
2019-05-05_02:23:16 00173 11.584 165.200 1913.677 8.408 0.400 3.363 0.75
2019-05-05_02:23:17 00174 11.560 199.600 2307.376 8.280 0.000 0.000 0.77
2019-05-05_02:23:18 00175 11.568 168.800 1952.678 8.544 0.000 0.000 0.76
2019-05-05_02:23:19 00176 11.560 198.000 2288.880 8.384 0.000 0.000 0.76
2019-05-05_02:23:20 00177 11.552 196.000 2264.192 8.392 0.000 0.000 0.76
2019-05-05_02:23:21 00178 11.552 196.400 2268.813 8.416 0.000 0.000 0.75
2019-05-05_02:23:22 00179 11.560 194.000 2242.640 8.304 0.400 3.322 0.75
2019-05-05_02:23:23 00180 11.560 200.400 2316.624 8.312 0.000 0.000 0.75
2019-05-05_02:23:24 00181 11.560 196.000 2265.760 8.320 0.400 3.328 0.75
2019-05-05_02:23:25 00182 11.560 198.400 2293.504 8.336 0.000 0.000 0.75
2019-05-05_02:23:26 00183 11.552 201.200 2324.262 8.344 0.400 3.338 0.76
2019-05-05_02:23:27 00184 11.560 200.400 2316.624 8.352 0.000 0.000 0.76
2019-05-05_02:23:28 00185 11.560 198.800 2298.128 8.368 0.400 3.347 0.76
2019-05-05_02:23:29 00186 11.552 200.000 2310.400 8.376 0.000 0.000 0.76
2019-05-05_02:23:30 00187 11.552 194.400 2245.709 8.392 0.400 3.357 0.76
2019-05-05_02:23:31 00188 11.552 198.800 2296.538 8.400 0.000 0.000 0.76
2019-05-05_02:23:32 00189 11.552 200.000 2310.400 8.408 0.000 0.000 0.75
2019-05-05_02:23:33 00190 11.568 194.400 2248.819 8.296 0.400 3.318 0.77
2019-05-05_02:23:34 00191 11.552 197.200 2278.054 8.560 0.000 0.000 0.76
2019-05-05_02:23:35 00192 11.552 199.600 2305.779 8.416 0.000 0.000 0.75
2019-05-05_02:23:36 00193 11.568 196.000 2267.328 8.304 0.400 3.322 0.75
2019-05-05_02:23:37 00194 11.560 198.000 2288.880 8.312 0.400 3.325 0.75
2019-05-05_02:23:38 00195 11.560 200.800 2321.248 8.320 0.000 0.000 0.75
2019-05-05_02:23:39 00196 11.560 199.200 2302.752 8.328 0.000 0.000 0.75
2019-05-05_02:23:40 00197 11.552 197.600 2282.675 8.344 0.000 0.000 0.76
2019-05-05_02:23:41 00198 11.560 196.000 2265.760 8.360 0.400 3.344 0.76
2019-05-05_02:23:42 00199 11.560 196.000 2265.760 8.368 0.000 0.000 0.76
2019-05-05_02:23:43 00200 11.560 185.600 2145.536 8.376 0.000 0.000 0.76
2019-05-05_02:23:44 00201 11.552 198.800 2296.538 8.392 0.000 0.000 0.76
2019-05-05_02:23:45 00202 11.560 190.400 2201.024 8.408 0.400 3.363 0.75