2019-05-05_00:08:52 01617 11.576 168.400 1949.398 8.392 0.400 3.357 0.76
2019-05-05_00:08:53 01618 11.576 169.600 1963.290 8.400 0.400 3.360 0.76
2019-05-05_00:08:54 01619 11.568 168.800 1952.678 8.416 0.400 3.366 0.75
2019-05-05_00:08:55 01620 11.568 197.200 2281.210 8.296 0.000 0.000 0.77
2019-05-05_00:08:56 01621 11.568 170.400 1971.187 8.544 0.000 0.000 0.76
2019-05-05_00:08:57 01622 11.568 170.800 1975.814 8.416 0.000 0.000 0.75
2019-05-05_00:08:58 01623 11.584 170.800 1978.547 8.312 0.000 0.000 0.75
2019-05-05_00:08:59 01624 11.576 172.000 1991.072 8.320 0.000 0.000 0.75
2019-05-05_00:09:00 01625 11.576 169.600 1963.290 8.312 0.000 0.000 0.75
2019-05-05_00:09:01 01626 11.576 168.800 1954.029 8.344 0.000 0.000 0.75
2019-05-05_00:09:02 01627 11.576 169.200 1958.659 8.352 0.400 3.341 0.75
2019-05-05_00:09:03 01628 11.576 170.400 1972.550 8.360 0.400 3.344 0.76
2019-05-05_00:09:04 01629 11.576 170.400 1972.550 8.376 0.000 0.000 0.76
2019-05-05_00:09:05 01630 11.584 165.600 1918.310 8.376 0.000 0.000 0.76
2019-05-05_00:09:06 01631 11.576 160.000 1852.160 8.392 0.400 3.357 0.76
2019-05-05_00:09:07 01632 11.576 165.200 1912.355 8.400 0.000 0.000 0.76
2019-05-05_00:09:08 01633 11.568 170.400 1971.187 8.416 0.000 0.000 0.75
2019-05-05_00:09:09 01634 11.584 170.000 1969.280 8.312 0.000 0.000 0.75
2019-05-05_00:09:10 01635 11.576 173.600 2009.594 8.304 0.000 0.000 0.75
2019-05-05_00:09:11 01636 11.584 168.800 1955.379 8.328 0.400 3.331 0.75
2019-05-05_00:09:12 01637 11.576 168.400 1949.398 8.344 0.000 0.000 0.75
2019-05-05_00:09:13 01638 11.576 168.400 1949.398 8.352 0.400 3.341 0.75
2019-05-05_00:09:14 01639 11.576 170.000 1967.920 8.360 0.000 0.000 0.76
2019-05-05_00:09:15 01640 11.568 174.000 2012.832 8.352 0.400 3.341 0.76
2019-05-05_00:09:16 01641 11.576 168.000 1944.768 8.376 0.400 3.350 0.76
2019-05-05_00:09:17 01642 11.576 169.200 1958.659 8.392 0.400 3.357 0.76
2019-05-05_00:09:18 01643 11.568 169.200 1957.306 8.400 0.400 3.360 0.76
2019-05-05_00:09:19 01644 11.576 168.400 1949.398 8.408 0.000 0.000 0.75
2019-05-05_00:09:20 01645 11.576 197.200 2282.787 8.296 0.400 3.318 0.77
2019-05-05_00:09:21 01646 11.568 170.000 1966.560 8.544 0.000 0.000 0.76
2019-05-05_00:09:22 01647 11.576 165.600 1916.986 8.408 0.000 0.000 0.75
2019-05-05_00:09:23 01648 11.584 169.200 1960.013 8.312 0.000 0.000 0.75
2019-05-05_00:09:24 01649 11.584 170.400 1973.914 8.320 0.000 0.000 0.75
2019-05-05_00:09:25 01650 11.584 162.400 1881.242 8.328 0.000 0.000 0.75
2019-05-05_00:09:26 01651 11.576 170.000 1967.920 8.344 0.000 0.000 0.75
2019-05-05_00:09:27 01652 11.576 170.400 1972.550 8.352 0.400 3.341 0.75
2019-05-05_00:09:28 01653 11.576 170.800 1977.181 8.360 0.000 0.000 0.76
2019-05-05_00:09:29 01654 11.576 169.200 1958.659 8.368 0.400 3.347 0.76
2019-05-05_00:09:30 01655 11.552 193.200 2231.846 8.368 0.000 0.000 0.76
2019-05-05_00:09:31 01656 11.576 169.200 1958.659 8.392 0.400 3.357 0.76
2019-05-05_00:09:32 01657 11.576 170.000 1967.920 8.400 0.000 0.000 0.76
2019-05-05_00:09:33 01658 11.576 168.000 1944.768 8.416 0.000 0.000 0.75
2019-05-05_00:09:34 01659 11.584 166.000 1922.944 8.312 0.000 0.000 0.75
2019-05-05_00:09:35 01660 11.560 196.000 2265.760 8.312 0.000 0.000 0.75
2019-05-05_00:09:36 01661 11.576 170.400 1972.550 8.328 0.400 3.331 0.75
2019-05-05_00:09:37 01662 11.576 168.800 1954.029 8.344 0.400 3.338 0.75
2019-05-05_00:09:38 01663 11.576 170.400 1972.550 8.352 0.000 0.000 0.75
2019-05-05_00:09:39 01664 11.576 172.000 1991.072 8.360 0.400 3.344 0.76
2019-05-05_00:09:40 01665 11.560 186.400 2154.784 8.352 0.400 3.341 0.76
2019-05-05_00:09:41 01666 11.576 170.400 1972.550 8.384 0.400 3.354 0.76
2019-05-05_00:09:42 01667 11.576 168.800 1954.029 8.392 0.400 3.357 0.76
2019-05-05_00:09:43 01668 11.576 169.600 1963.290 8.400 0.400 3.360 0.76
2019-05-05_00:09:44 01669 11.568 170.400 1971.187 8.416 0.000 0.000 0.75
2019-05-05_00:09:45 01670 11.568 198.000 2290.464 8.304 0.400 3.322 0.75
2019-05-05_00:09:46 01671 11.584 170.000 1969.280 8.320 0.000 0.000 0.75
2019-05-05_00:09:47 01672 11.584 170.400 1973.914 8.328 0.000 0.000 0.75
2019-05-05_00:09:48 01673 11.576 170.400 1972.550 8.336 0.000 0.000 0.75
2019-05-05_00:09:49 01674 11.584 166.800 1932.211 8.352 0.400 3.341 0.75
2019-05-05_00:09:50 01675 11.552 193.200 2231.846 8.352 0.000 0.000 0.76
2019-05-05_00:09:51 01676 11.576 169.600 1963.290 8.376 0.400 3.350 0.76
2019-05-05_00:09:52 01677 11.576 168.400 1949.398 8.384 0.000 0.000 0.76
2019-05-05_00:09:53 01678 11.576 168.800 1954.029 8.392 0.000 0.000 0.76
2019-05-05_00:09:54 01679 11.568 170.000 1966.560 8.400 0.000 0.000 0.76
2019-05-05_00:09:55 01680 11.552 181.200 2093.222 8.400 0.000 0.000 0.76
2019-05-05_00:09:56 01681 11.568 166.400 1924.915 8.424 0.000 0.000 0.75
2019-05-05_00:09:57 01682 11.584 169.600 1964.646 8.320 0.000 0.000 0.75
2019-05-05_00:09:58 01683 11.576 166.800 1930.877 8.328 0.400 3.331 0.75
2019-05-05_00:09:59 01684 11.584 168.000 1946.112 8.344 0.000 0.000 0.75
2019-05-05_00:10:00 01685 11.560 193.600 2238.016 8.352 0.400 3.341 0.75
2019-05-05_00:10:01 01686 11.576 169.200 1958.659 8.360 0.000 0.000 0.76
2019-05-05_00:10:02 01687 11.576 168.400 1949.398 8.368 0.000 0.000 0.76
2019-05-05_00:10:03 01688 11.576 168.800 1954.029 8.376 0.400 3.350 0.76
2019-05-05_00:10:04 01689 11.568 170.400 1971.187 8.392 0.400 3.357 0.76
2019-05-05_00:10:05 01690 11.568 169.200 1957.306 8.408 0.000 0.000 0.75
2019-05-05_00:10:06 01691 11.584 168.800 1955.379 8.296 0.400 3.318 0.77
2019-05-05_00:10:07 01692 11.568 168.400 1948.051 8.528 0.000 0.000 0.76
2019-05-05_00:10:08 01693 11.576 170.400 1972.550 8.400 0.000 0.000 0.76
2019-05-05_00:10:09 01694 11.576 170.400 1972.550 8.416 0.000 0.000 0.75
2019-05-05_00:10:10 01695 11.584 197.600 2288.998 8.296 0.000 0.000 0.77
2019-05-05_00:10:11 01696 11.568 170.400 1971.187 8.544 0.000 0.000 0.76
2019-05-05_00:10:12 01697 11.568 170.400 1971.187 8.416 0.400 3.366 0.75
2019-05-05_00:10:13 01698 11.584 170.800 1978.547 8.312 0.000 0.000 0.75
2019-05-05_00:10:14 01699 11.584 170.400 1973.914 8.320 0.400 3.328 0.75
2019-05-05_00:10:15 01700 11.560 181.200 2094.672 8.312 0.000 0.000 0.75
2019-05-05_00:10:16 01701 11.584 168.400 1950.746 8.344 0.000 0.000 0.75
2019-05-05_00:10:17 01702 11.576 169.600 1963.290 8.352 0.400 3.341 0.75
2019-05-05_00:10:18 01703 11.576 168.400 1949.398 8.360 0.400 3.344 0.76
2019-05-05_00:10:19 01704 11.576 169.200 1958.659 8.376 0.000 0.000 0.76
2019-05-05_00:10:20 01705 11.560 192.800 2228.768 8.368 0.000 0.000 0.76
2019-05-05_00:10:21 01706 11.576 170.400 1972.550 8.392 0.000 0.000 0.76
2019-05-05_00:10:22 01707 11.576 170.400 1972.550 8.400 0.000 0.000 0.76
2019-05-05_00:10:23 01708 11.576 168.800 1954.029 8.408 0.400 3.363 0.75
2019-05-05_00:10:24 01709 11.584 168.400 1950.746 8.312 0.400 3.325 0.75
2019-05-05_00:10:25 01710 11.584 168.000 1946.112 8.320 0.000 0.000 0.75
2019-05-05_00:10:26 01711 11.584 168.400 1950.746 8.328 0.400 3.331 0.75
2019-05-05_00:10:27 01712 11.576 167.600 1940.138 8.344 0.400 3.338 0.75
2019-05-05_00:10:28 01713 11.576 170.800 1977.181 8.352 0.400 3.341 0.75
2019-05-05_00:10:29 01714 11.576 164.400 1903.094 8.360 0.400 3.344 0.76
2019-05-05_00:10:30 01715 11.576 169.200 1958.659 8.368 0.000 0.000 0.76
2019-05-05_00:10:31 01716 11.576 166.800 1930.877 8.376 0.000 0.000 0.76
2019-05-05_00:10:32 01717 11.584 171.200 1983.181 8.392 0.400 3.357 0.76