2019-05-05_22:24:50 03233 2.240 -0.800 -1.792 7.872 203.600 1602.739 0.00
2019-05-05_22:24:51 03234 2.240 -0.800 -1.792 7.880 193.600 1525.568 0.00
2019-05-05_22:24:52 03235 2.240 -0.800 -1.792 7.880 194.400 1531.872 0.00
2019-05-05_22:24:53 03236 2.240 -0.800 -1.792 7.880 192.800 1519.264 0.00
2019-05-05_22:24:54 03237 2.240 -0.400 -0.896 7.872 194.000 1527.168 0.00
2019-05-05_22:24:55 03238 2.240 -0.800 -1.792 7.872 194.400 1530.317 0.00
2019-05-05_22:24:56 03239 2.240 -0.800 -1.792 7.864 193.600 1522.470 0.00
2019-05-05_22:24:57 03240 2.240 -0.800 -1.792 7.880 193.200 1522.416 0.00
2019-05-05_22:24:58 03241 2.240 -0.800 -1.792 7.880 193.600 1525.568 0.00
2019-05-05_22:24:59 03242 2.240 -0.800 -1.792 7.880 194.800 1535.024 0.00
2019-05-05_22:25:00 03243 2.240 -0.800 -1.792 7.864 193.600 1522.470 0.00
2019-05-05_22:25:01 03244 2.240 -0.800 -1.792 7.872 193.200 1520.870 0.00
2019-05-05_22:25:02 03245 2.240 -0.800 -1.792 7.880 194.000 1528.720 0.00
2019-05-05_22:25:03 03246 2.240 -0.800 -1.792 7.864 193.200 1519.325 0.00
2019-05-05_22:25:04 03247 2.240 -0.800 -1.792 7.880 194.000 1528.720 0.00
2019-05-05_22:25:05 03248 2.240 -0.800 -1.792 7.872 194.000 1527.168 0.00
2019-05-05_22:25:06 03249 2.240 -0.800 -1.792 7.880 193.200 1522.416 0.00
2019-05-05_22:25:07 03250 2.240 -0.800 -1.792 7.848 218.400 1714.003 0.00
2019-05-05_22:25:08 03251 2.240 -0.800 -1.792 7.872 193.600 1524.019 0.00
2019-05-05_22:25:09 03252 2.240 -0.800 -1.792 7.872 194.000 1527.168 0.00
2019-05-05_22:25:10 03253 2.240 -0.800 -1.792 7.872 193.200 1520.870 0.00
2019-05-05_22:25:11 03254 2.240 -0.800 -1.792 7.872 193.600 1524.019 0.00
2019-05-05_22:25:12 03255 2.240 -0.800 -1.792 7.872 194.400 1530.317 0.00
2019-05-05_22:25:13 03256 2.240 -0.800 -1.792 7.872 193.600 1524.019 0.00
2019-05-05_22:25:14 03257 2.240 -0.800 -1.792 7.872 193.200 1520.870 0.00
2019-05-05_22:25:15 03258 2.240 -0.800 -1.792 7.872 193.600 1524.019 0.00
2019-05-05_22:25:16 03259 2.240 -0.800 -1.792 7.872 194.000 1527.168 0.00
2019-05-05_22:25:17 03260 2.240 -0.800 -1.792 7.880 193.600 1525.568 0.00
2019-05-05_22:25:18 03261 2.240 -0.800 -1.792 7.872 194.400 1530.317 0.00
2019-05-05_22:25:19 03262 2.240 -0.800 -1.792 7.880 192.800 1519.264 0.00
2019-05-05_22:25:20 03263 2.240 -0.800 -1.792 7.872 195.600 1539.763 0.00
2019-05-05_22:25:21 03264 2.240 -0.800 -1.792 7.872 194.000 1527.168 0.00
2019-05-05_22:25:22 03265 2.240 -0.800 -1.792 7.864 193.600 1522.470 0.00
2019-05-05_22:25:23 03266 2.240 -0.800 -1.792 7.872 194.800 1533.466 0.00
2019-05-05_22:25:24 03267 2.240 -0.800 -1.792 7.872 194.400 1530.317 0.00
2019-05-05_22:25:25 03268 2.240 -0.800 -1.792 7.872 193.600 1524.019 0.00
2019-05-05_22:25:26 03269 2.240 -0.800 -1.792 7.864 194.000 1525.616 0.00
2019-05-05_22:25:27 03270 2.240 -0.800 -1.792 7.872 193.600 1524.019 0.00
2019-05-05_22:25:28 03271 2.240 -0.800 -1.792 7.872 194.400 1530.317 0.00
2019-05-05_22:25:29 03272 2.240 -0.800 -1.792 7.872 194.000 1527.168 0.00
2019-05-05_22:25:30 03273 2.240 -0.800 -1.792 7.872 194.400 1530.317 0.00
2019-05-05_22:25:31 03274 2.240 -0.800 -1.792 7.872 194.400 1530.317 0.00
2019-05-05_22:25:32 03275 2.240 -0.800 -1.792 7.872 193.600 1524.019 0.00
2019-05-05_22:25:33 03276 2.240 -0.800 -1.792 7.872 193.200 1520.870 0.00
2019-05-05_22:25:34 03277 2.240 -0.400 -0.896 7.872 194.000 1527.168 0.00
2019-05-05_22:25:35 03278 2.240 -0.800 -1.792 7.872 193.600 1524.019 0.00
2019-05-05_22:25:36 03279 2.240 -0.800 -1.792 7.872 194.800 1533.466 0.00
2019-05-05_22:25:37 03280 2.240 -0.800 -1.792 7.872 194.800 1533.466 0.00
2019-05-05_22:25:38 03281 2.240 -0.800 -1.792 7.872 194.000 1527.168 0.00
2019-05-05_22:25:39 03282 2.240 -0.800 -1.792 7.864 193.600 1522.470 0.00
2019-05-05_22:25:40 03283 2.240 -0.800 -1.792 7.872 198.000 1558.656 0.00
2019-05-05_22:25:41 03284 2.240 -0.800 -1.792 7.872 193.600 1524.019 0.00
2019-05-05_22:25:42 03285 2.240 -0.800 -1.792 7.872 193.600 1524.019 0.00
2019-05-05_22:25:43 03286 2.240 -0.800 -1.792 7.872 194.000 1527.168 0.00
2019-05-05_22:25:44 03287 2.240 -0.800 -1.792 7.872 203.600 1602.739 0.00
2019-05-05_22:25:45 03288 2.240 -0.800 -1.792 7.872 193.200 1520.870 0.00
2019-05-05_22:25:46 03289 2.240 -0.800 -1.792 7.872 193.600 1524.019 0.00
2019-05-05_22:25:47 03290 2.240 -0.800 -1.792 7.872 193.200 1520.870 0.00
2019-05-05_22:25:48 03291 2.240 -0.800 -1.792 7.872 193.200 1520.870 0.00
2019-05-05_22:25:49 03292 2.240 -0.800 -1.792 7.872 193.200 1520.870 0.00
2019-05-05_22:25:50 03293 2.240 -0.800 -1.792 7.872 194.400 1530.317 0.00
2019-05-05_22:25:51 03294 2.240 -0.800 -1.792 7.872 202.400 1593.293 0.00
2019-05-05_22:25:52 03295 2.240 -0.800 -1.792 7.872 193.600 1524.019 0.00
2019-05-05_22:25:53 03296 2.240 -0.800 -1.792 7.872 193.600 1524.019 0.00
2019-05-05_22:25:54 03297 2.240 -0.800 -1.792 7.864 193.200 1519.325 0.00
2019-05-05_22:25:55 03298 2.240 -0.800 -1.792 7.872 193.600 1524.019 0.00
2019-05-05_22:25:56 03299 2.240 -0.800 -1.792 7.872 194.000 1527.168 0.00
2019-05-05_22:25:57 03300 2.240 -0.800 -1.792 7.864 193.200 1519.325 0.00
2019-05-05_22:25:58 03301 2.240 -0.800 -1.792 7.872 193.600 1524.019 0.00
2019-05-05_22:25:59 03302 2.240 -0.800 -1.792 7.872 193.200 1520.870 0.00
2019-05-05_22:26:00 03303 2.240 -0.800 -1.792 7.864 193.600 1522.470 0.00
2019-05-05_22:26:01 03304 2.240 -0.800 -1.792 7.872 194.000 1527.168 0.00
2019-05-05_22:26:02 03305 2.240 -0.800 -1.792 7.872 193.600 1524.019 0.00
2019-05-05_22:26:03 03306 2.240 -0.800 -1.792 7.872 194.800 1533.466 0.00
2019-05-05_22:26:04 03307 2.240 -0.800 -1.792 7.872 193.600 1524.019 0.00
2019-05-05_22:26:05 03308 2.240 -0.800 -1.792 7.872 196.800 1549.210 0.00
2019-05-05_22:26:06 03309 2.240 -0.800 -1.792 7.872 193.600 1524.019 0.00
2019-05-05_22:26:07 03310 2.240 -0.800 -1.792 7.872 194.000 1527.168 0.00
2019-05-05_22:26:08 03311 2.240 -0.800 -1.792 7.872 192.800 1517.722 0.00
2019-05-05_22:26:09 03312 2.240 -0.800 -1.792 7.864 198.400 1560.218 0.00
2019-05-05_22:26:10 03313 2.240 -0.800 -1.792 7.872 193.600 1524.019 0.00
2019-05-05_22:26:11 03314 2.240 -0.800 -1.792 7.872 193.600 1524.019 0.00
2019-05-05_22:26:12 03315 2.240 -0.800 -1.792 7.872 193.600 1524.019 0.00
2019-05-05_22:26:13 03316 2.240 -0.800 -1.792 7.872 198.000 1558.656 0.00
2019-05-05_22:26:14 03317 2.240 -0.800 -1.792 7.872 194.400 1530.317 0.00
2019-05-05_22:26:15 03318 2.240 -0.800 -1.792 7.872 193.600 1524.019 0.00
2019-05-05_22:26:16 03319 2.240 -0.800 -1.792 7.872 193.600 1524.019 0.00
2019-05-05_22:26:17 03320 2.240 -0.800 -1.792 7.872 202.000 1590.144 0.00
2019-05-05_22:26:18 03321 2.240 -0.800 -1.792 7.872 194.000 1527.168 0.00
2019-05-05_22:26:19 03322 2.240 -0.800 -1.792 7.872 193.600 1524.019 0.00
2019-05-05_22:26:20 03323 2.240 -0.800 -1.792 7.872 199.200 1568.102 0.00
2019-05-05_22:26:21 03324 2.240 -0.800 -1.792 7.872 193.600 1524.019 0.00
2019-05-05_22:26:22 03325 2.240 -0.800 -1.792 7.872 194.400 1530.317 0.00
2019-05-05_22:26:23 03326 2.240 -0.800 -1.792 7.872 193.200 1520.870 0.00
2019-05-05_22:26:24 03327 2.240 -0.800 -1.792 7.864 194.000 1525.616 0.00
2019-05-05_22:26:25 03328 2.240 -0.800 -1.792 7.872 193.600 1524.019 0.00
2019-05-05_22:26:26 03329 2.240 -0.800 -1.792 7.872 193.600 1524.019 0.00
2019-05-05_22:26:27 03330 2.240 -0.800 -1.792 7.872 193.600 1524.019 0.00
2019-05-05_22:26:28 03331 2.240 -0.800 -1.792 7.864 193.600 1522.470 0.00
2019-05-05_22:26:29 03332 2.240 -0.800 -1.792 7.872 193.200 1520.870 0.00
2019-05-05_22:26:30 03333 2.240 -0.800 -1.792 7.872 193.200 1520.870 0.00