2019-05-05_01:07:52 05152 11.576 166.800 1930.877 8.352 0.400 3.341 0.75
2019-05-05_01:07:53 05153 11.576 169.200 1958.659 8.360 0.000 0.000 0.76
2019-05-05_01:07:54 05154 11.576 170.000 1967.920 8.368 0.400 3.347 0.76
2019-05-05_01:07:55 05155 11.560 175.200 2025.312 8.368 0.400 3.347 0.76
2019-05-05_01:07:56 05156 11.576 168.000 1944.768 8.392 0.400 3.357 0.76
2019-05-05_01:07:57 05157 11.576 166.400 1926.246 8.400 0.000 0.000 0.76
2019-05-05_01:07:58 05158 11.560 198.000 2288.880 8.400 0.000 0.000 0.76
2019-05-05_01:07:59 05159 11.576 168.800 1954.029 8.424 0.000 0.000 0.75
2019-05-05_01:08:00 05160 11.560 185.600 2145.536 8.296 0.000 0.000 0.77
2019-05-05_01:08:01 05161 11.576 168.400 1949.398 8.560 0.000 0.000 0.76
2019-05-05_01:08:02 05162 11.576 170.400 1972.550 8.424 0.000 0.000 0.75
2019-05-05_01:08:03 05163 11.584 166.800 1932.211 8.312 0.000 0.000 0.75
2019-05-05_01:08:04 05164 11.584 167.200 1936.845 8.328 0.000 0.000 0.75
2019-05-05_01:08:05 05165 11.568 198.400 2295.091 8.336 0.000 0.000 0.75
2019-05-05_01:08:06 05166 11.576 170.000 1967.920 8.352 0.400 3.341 0.75
2019-05-05_01:08:07 05167 11.576 170.400 1972.550 8.360 0.000 0.000 0.76
2019-05-05_01:08:08 05168 11.576 168.800 1954.029 8.368 0.400 3.347 0.76
2019-05-05_01:08:09 05169 11.576 166.800 1930.877 8.376 0.400 3.350 0.76
2019-05-05_01:08:10 05170 11.552 192.800 2227.226 8.376 0.000 0.000 0.76
2019-05-05_01:08:11 05171 11.576 170.000 1967.920 8.400 0.400 3.360 0.76
2019-05-05_01:08:12 05172 11.568 168.400 1948.051 8.416 0.000 0.000 0.75
2019-05-05_01:08:13 05173 11.584 168.800 1955.379 8.312 0.000 0.000 0.75
2019-05-05_01:08:14 05174 11.584 170.800 1978.547 8.320 0.000 0.000 0.75
2019-05-05_01:08:15 05175 11.560 185.600 2145.536 8.312 0.000 0.000 0.75
2019-05-05_01:08:16 05176 11.576 169.200 1958.659 8.336 0.400 3.334 0.75
2019-05-05_01:08:17 05177 11.576 168.400 1949.398 8.352 0.400 3.341 0.75
2019-05-05_01:08:18 05178 11.576 168.400 1949.398 8.360 0.400 3.344 0.76
2019-05-05_01:08:19 05179 11.576 170.000 1967.920 8.368 0.400 3.347 0.76
2019-05-05_01:08:20 05180 11.576 170.400 1972.550 8.376 0.000 0.000 0.76
2019-05-05_01:08:21 05181 11.576 168.400 1949.398 8.392 0.400 3.357 0.76
2019-05-05_01:08:22 05182 11.576 167.200 1935.507 8.400 0.400 3.360 0.76
2019-05-05_01:08:23 05183 11.576 169.600 1963.290 8.416 0.000 0.000 0.75
2019-05-05_01:08:24 05184 11.584 168.800 1955.379 8.304 0.000 0.000 0.75
2019-05-05_01:08:25 05185 11.560 193.200 2233.392 8.304 0.000 0.000 0.75
2019-05-05_01:08:26 05186 11.576 170.000 1967.920 8.328 0.400 3.331 0.75
2019-05-05_01:08:27 05187 11.576 170.000 1967.920 8.344 0.000 0.000 0.75
2019-05-05_01:08:28 05188 11.576 170.400 1972.550 8.344 0.400 3.338 0.75
2019-05-05_01:08:29 05189 11.560 195.600 2261.136 8.344 0.000 0.000 0.76
2019-05-05_01:08:30 05190 11.560 193.600 2238.016 8.352 0.400 3.341 0.76
2019-05-05_01:08:31 05191 11.576 168.800 1954.029 8.376 0.000 0.000 0.76
2019-05-05_01:08:32 05192 11.576 169.200 1958.659 8.392 0.000 0.000 0.76
2019-05-05_01:08:33 05193 11.576 170.800 1977.181 8.400 0.400 3.360 0.76
2019-05-05_01:08:34 05194 11.576 170.400 1972.550 8.408 0.400 3.363 0.75
2019-05-05_01:08:35 05195 11.584 169.200 1960.013 8.304 0.000 0.000 0.75
2019-05-05_01:08:36 05196 11.584 168.400 1950.746 8.312 0.000 0.000 0.75
2019-05-05_01:08:37 05197 11.584 170.400 1973.914 8.328 0.400 3.331 0.75
2019-05-05_01:08:38 05198 11.584 168.800 1955.379 8.336 0.400 3.334 0.75
2019-05-05_01:08:39 05199 11.584 167.600 1941.478 8.352 0.400 3.341 0.75
2019-05-05_01:08:40 05200 11.576 170.000 1967.920 8.360 0.400 3.344 0.76
2019-05-05_01:08:41 05201 11.576 169.200 1958.659 8.368 0.400 3.347 0.76
2019-05-05_01:08:42 05202 11.576 169.200 1958.659 8.376 0.400 3.350 0.76
2019-05-05_01:08:43 05203 11.568 169.600 1961.933 8.392 0.000 0.000 0.76
2019-05-05_01:08:44 05204 11.576 170.400 1972.550 8.400 0.000 0.000 0.76
2019-05-05_01:08:45 05205 11.552 179.200 2070.118 8.392 0.000 0.000 0.76
2019-05-05_01:08:46 05206 11.576 167.600 1940.138 8.424 0.000 0.000 0.75
2019-05-05_01:08:47 05207 11.584 169.200 1960.013 8.312 0.000 0.000 0.75
2019-05-05_01:08:48 05208 11.584 169.600 1964.646 8.328 0.000 0.000 0.75
2019-05-05_01:08:49 05209 11.576 166.800 1930.877 8.336 0.400 3.334 0.75
2019-05-05_01:08:50 05210 11.560 193.200 2233.392 8.336 0.400 3.334 0.75
2019-05-05_01:08:51 05211 11.576 169.200 1958.659 8.360 0.400 3.344 0.76
2019-05-05_01:08:52 05212 11.576 168.000 1944.768 8.368 0.400 3.347 0.76
2019-05-05_01:08:53 05213 11.576 170.000 1967.920 8.384 0.400 3.354 0.76
2019-05-05_01:08:54 05214 11.576 167.600 1940.138 8.392 0.400 3.357 0.76
2019-05-05_01:08:55 05215 11.552 196.400 2268.813 8.400 0.400 3.360 0.76
2019-05-05_01:08:56 05216 11.576 170.800 1977.181 8.408 0.000 0.000 0.75
2019-05-05_01:08:57 05217 11.584 169.600 1964.646 8.304 0.000 0.000 0.75
2019-05-05_01:08:58 05218 11.584 166.800 1932.211 8.320 0.400 3.328 0.75
2019-05-05_01:08:59 05219 11.576 169.600 1963.290 8.328 0.400 3.331 0.75
2019-05-05_01:09:00 05220 11.576 170.400 1972.550 8.336 0.400 3.334 0.75
2019-05-05_01:09:01 05221 11.584 166.000 1922.944 8.352 0.400 3.341 0.75
2019-05-05_01:09:02 05222 11.576 168.000 1944.768 8.360 0.400 3.344 0.76
2019-05-05_01:09:03 05223 11.576 168.000 1944.768 8.368 0.400 3.347 0.76
2019-05-05_01:09:04 05224 11.576 169.200 1958.659 8.376 0.400 3.350 0.76
2019-05-05_01:09:05 05225 11.552 192.400 2222.605 8.392 0.000 0.000 0.76
2019-05-05_01:09:06 05226 11.576 169.200 1958.659 8.400 0.000 0.000 0.76
2019-05-05_01:09:07 05227 11.576 170.400 1972.550 8.416 0.000 0.000 0.75
2019-05-05_01:09:08 05228 11.584 170.400 1973.914 8.304 0.400 3.322 0.75
2019-05-05_01:09:09 05229 11.584 170.400 1973.914 8.312 0.000 0.000 0.75
2019-05-05_01:09:10 05230 11.560 192.000 2219.520 8.312 0.000 0.000 0.75
2019-05-05_01:09:11 05231 11.584 168.400 1950.746 8.336 0.400 3.334 0.75
2019-05-05_01:09:12 05232 11.584 167.600 1941.478 8.344 0.400 3.338 0.75
2019-05-05_01:09:13 05233 11.576 168.400 1949.398 8.360 0.400 3.344 0.76
2019-05-05_01:09:14 05234 11.576 170.400 1972.550 8.368 0.400 3.347 0.76
2019-05-05_01:09:15 05235 11.568 194.400 2248.819 8.368 0.400 3.347 0.76
2019-05-05_01:09:16 05236 11.576 169.600 1963.290 8.392 0.400 3.357 0.76
2019-05-05_01:09:17 05237 11.576 166.400 1926.246 8.400 0.000 0.000 0.76
2019-05-05_01:09:18 05238 11.568 168.000 1943.424 8.416 0.400 3.366 0.75
2019-05-05_01:09:19 05239 11.584 170.000 1969.280 8.304 0.000 0.000 0.75
2019-05-05_01:09:20 05240 11.584 170.000 1969.280 8.320 0.000 0.000 0.75
2019-05-05_01:09:21 05241 11.584 169.200 1960.013 8.328 0.400 3.331 0.75
2019-05-05_01:09:22 05242 11.576 169.600 1963.290 8.344 0.400 3.338 0.75
2019-05-05_01:09:23 05243 11.576 170.400 1972.550 8.352 0.400 3.341 0.75
2019-05-05_01:09:24 05244 11.584 169.200 1960.013 8.360 0.400 3.344 0.76
2019-05-05_01:09:25 05245 11.552 186.400 2153.293 8.352 0.000 0.000 0.76
2019-05-05_01:09:26 05246 11.576 166.400 1926.246 8.376 0.400 3.350 0.76
2019-05-05_01:09:27 05247 11.576 169.600 1963.290 8.392 0.000 0.000 0.76
2019-05-05_01:09:28 05248 11.576 168.400 1949.398 8.400 0.400 3.360 0.76
2019-05-05_01:09:29 05249 11.560 196.400 2270.384 8.400 0.000 0.000 0.76
2019-05-05_01:09:30 05250 11.560 191.600 2214.896 8.408 0.000 0.000 0.75
2019-05-05_01:09:32 05251 11.584 170.000 1969.280 8.312 0.400 3.325 0.75
2019-05-05_01:09:33 05252 11.584 170.400 1973.914 8.328 0.400 3.331 0.75