2019-05-05_00:22:21 02425 11.584 161.600 1871.974 8.368 0.400 3.347 0.76
2019-05-05_00:22:22 02426 11.592 152.400 1766.621 8.376 0.000 0.000 0.76
2019-05-05_00:22:23 02427 11.584 161.600 1871.974 8.392 0.400 3.357 0.76
2019-05-05_00:22:24 02428 11.584 152.400 1765.402 8.400 0.400 3.360 0.76
2019-05-05_00:22:25 02429 11.584 152.800 1770.035 8.408 0.400 3.363 0.75
2019-05-05_00:22:26 02430 11.600 152.400 1767.840 8.312 0.000 0.000 0.75
2019-05-05_00:22:27 02431 11.592 153.600 1780.531 8.320 0.000 0.000 0.75
2019-05-05_00:22:28 02432 11.592 161.600 1873.267 8.328 0.000 0.000 0.75
2019-05-05_00:22:29 02433 11.592 152.800 1771.258 8.336 0.000 0.000 0.75
2019-05-05_00:22:30 02434 11.592 152.800 1771.258 8.352 0.400 3.341 0.75
2019-05-05_00:22:31 02435 11.584 158.400 1834.906 8.360 0.400 3.344 0.75
2019-05-05_00:22:32 02436 11.576 161.200 1866.051 8.368 0.400 3.347 0.76
2019-05-05_00:22:33 02437 11.584 152.800 1770.035 8.376 0.400 3.350 0.76
2019-05-05_00:22:34 02438 11.592 153.200 1775.894 8.392 0.400 3.357 0.76
2019-05-05_00:22:35 02439 11.560 169.600 1960.576 8.392 0.000 0.000 0.76
2019-05-05_00:22:36 02440 11.576 162.400 1879.942 8.408 0.400 3.363 0.75
2019-05-05_00:22:37 02441 11.592 155.600 1803.715 8.312 0.000 0.000 0.75
2019-05-05_00:22:38 02442 11.584 159.600 1848.806 8.320 0.400 3.328 0.75
2019-05-05_00:22:39 02443 11.592 162.800 1887.178 8.328 0.000 0.000 0.75
2019-05-05_00:22:40 02444 11.584 168.800 1955.379 8.328 0.000 0.000 0.75
2019-05-05_00:22:41 02445 11.592 153.200 1775.894 8.352 0.000 0.000 0.75
2019-05-05_00:22:42 02446 11.584 158.800 1839.539 8.360 0.400 3.344 0.75
2019-05-05_00:22:43 02447 11.584 161.600 1871.974 8.368 0.400 3.347 0.76
2019-05-05_00:22:44 02448 11.592 153.600 1780.531 8.384 0.400 3.354 0.76
2019-05-05_00:22:45 02449 11.584 152.800 1770.035 8.392 0.400 3.357 0.76
2019-05-05_00:22:46 02450 11.576 155.600 1801.226 8.400 0.000 0.000 0.76
2019-05-05_00:22:47 02451 11.584 163.200 1890.509 8.408 0.400 3.363 0.75
2019-05-05_00:22:48 02452 11.600 152.800 1772.480 8.304 0.000 0.000 0.75
2019-05-05_00:22:49 02453 11.592 153.200 1775.894 8.320 0.000 0.000 0.75
2019-05-05_00:22:50 02454 11.576 168.800 1954.029 8.320 0.000 0.000 0.75
2019-05-05_00:22:51 02455 11.592 162.400 1882.541 8.336 0.400 3.334 0.75
2019-05-05_00:22:52 02456 11.592 153.600 1780.531 8.352 0.400 3.341 0.75
2019-05-05_00:22:53 02457 11.592 153.200 1775.894 8.360 0.400 3.344 0.75
2019-05-05_00:22:54 02458 11.584 155.200 1797.837 8.368 0.000 0.000 0.76
2019-05-05_00:22:55 02459 11.576 169.200 1958.659 8.376 0.400 3.350 0.76
2019-05-05_00:22:56 02460 11.584 153.200 1774.669 8.392 0.400 3.357 0.76
2019-05-05_00:22:57 02461 11.584 153.200 1774.669 8.400 0.400 3.360 0.76
2019-05-05_00:22:58 02462 11.584 153.600 1779.302 8.408 0.400 3.363 0.75
2019-05-05_00:22:59 02463 11.592 152.800 1771.258 8.312 0.000 0.000 0.75
2019-05-05_00:23:00 02464 11.584 178.000 2061.952 8.312 0.000 0.000 0.75
2019-05-05_00:23:01 02465 11.592 162.400 1882.541 8.328 0.000 0.000 0.75
2019-05-05_00:23:02 02466 11.592 152.800 1771.258 8.336 0.000 0.000 0.75
2019-05-05_00:23:03 02467 11.592 153.200 1775.894 8.352 0.400 3.341 0.75
2019-05-05_00:23:04 02468 11.592 153.600 1780.531 8.360 0.000 0.000 0.75
2019-05-05_00:23:05 02469 11.568 170.800 1975.814 8.360 0.000 0.000 0.76
2019-05-05_00:23:06 02470 11.592 154.000 1785.168 8.376 0.000 0.000 0.76
2019-05-05_00:23:07 02471 11.576 161.200 1866.051 8.392 0.400 3.357 0.76
2019-05-05_00:23:08 02472 11.584 153.200 1774.669 8.400 0.400 3.360 0.76
2019-05-05_00:23:09 02473 11.584 152.800 1770.035 8.408 0.400 3.363 0.75
2019-05-05_00:23:10 02474 11.592 152.800 1771.258 8.304 0.000 0.000 0.75
2019-05-05_00:23:11 02475 11.584 159.600 1848.806 8.320 0.000 0.000 0.75
2019-05-05_00:23:12 02476 11.592 153.200 1775.894 8.328 0.400 3.331 0.75
2019-05-05_00:23:13 02477 11.592 153.200 1775.894 8.336 0.000 0.000 0.75
2019-05-05_00:23:14 02478 11.584 160.400 1858.074 8.352 0.400 3.341 0.75
2019-05-05_00:23:15 02479 11.576 169.600 1963.290 8.352 0.000 0.000 0.75
2019-05-05_00:23:16 02480 11.592 153.200 1775.894 8.368 0.000 0.000 0.76
2019-05-05_00:23:17 02481 11.592 153.200 1775.894 8.376 0.400 3.350 0.76
2019-05-05_00:23:18 02482 11.584 154.400 1788.570 8.392 0.400 3.357 0.76
2019-05-05_00:23:19 02483 11.584 153.600 1779.302 8.400 0.400 3.360 0.76
2019-05-05_00:23:20 02484 11.576 168.800 1954.029 8.400 0.000 0.000 0.76
2019-05-05_00:23:21 02485 11.576 157.200 1819.747 8.424 0.000 0.000 0.75
2019-05-05_00:23:22 02486 11.592 153.200 1775.894 8.320 0.000 0.000 0.75
2019-05-05_00:23:23 02487 11.592 162.400 1882.541 8.328 0.000 0.000 0.75
2019-05-05_00:23:24 02488 11.584 156.400 1811.738 8.336 0.400 3.334 0.75
2019-05-05_00:23:25 02489 11.576 168.800 1954.029 8.344 0.400 3.338 0.75
2019-05-05_00:23:26 02490 11.592 152.800 1771.258 8.360 0.400 3.344 0.75
2019-05-05_00:23:27 02491 11.584 152.400 1765.402 8.368 0.400 3.347 0.76
2019-05-05_00:23:28 02492 11.576 161.200 1866.051 8.376 0.400 3.350 0.76
2019-05-05_00:23:29 02493 11.576 158.800 1838.269 8.392 0.400 3.357 0.76
2019-05-05_00:23:30 02494 11.584 153.200 1774.669 8.400 0.000 0.000 0.76
2019-05-05_00:23:31 02495 11.584 153.200 1774.669 8.408 0.400 3.363 0.75
2019-05-05_00:23:32 02496 11.600 153.200 1777.120 8.304 0.000 0.000 0.75
2019-05-05_00:23:33 02497 11.584 153.600 1779.302 8.320 0.000 0.000 0.75
2019-05-05_00:23:34 02498 11.592 152.400 1766.621 8.328 0.000 0.000 0.75
2019-05-05_00:23:35 02499 11.568 172.400 1994.323 8.328 0.400 3.331 0.75
2019-05-05_00:23:36 02500 11.592 153.200 1775.894 8.352 0.000 0.000 0.75
2019-05-05_00:23:37 02501 11.584 159.200 1844.173 8.360 0.000 0.000 0.75
2019-05-05_00:23:38 02502 11.592 162.800 1887.178 8.368 0.400 3.347 0.76
2019-05-05_00:23:39 02503 11.592 153.200 1775.894 8.376 0.400 3.350 0.76
2019-05-05_00:23:40 02504 11.576 169.600 1963.290 8.384 0.400 3.354 0.76
2019-05-05_00:23:41 02505 11.584 152.400 1765.402 8.400 0.400 3.360 0.76
2019-05-05_00:23:42 02506 11.584 152.400 1765.402 8.408 0.400 3.363 0.75
2019-05-05_00:23:43 02507 11.592 155.600 1803.715 8.312 0.000 0.000 0.75
2019-05-05_00:23:44 02508 11.584 162.000 1876.608 8.320 0.400 3.328 0.75
2019-05-05_00:23:45 02509 11.584 169.200 1960.013 8.320 0.000 0.000 0.75
2019-05-05_00:23:46 02510 11.592 153.200 1775.894 8.336 0.000 0.000 0.75
2019-05-05_00:23:47 02511 11.592 152.800 1771.258 8.352 0.400 3.341 0.75
2019-05-05_00:23:48 02512 11.584 152.800 1770.035 8.360 0.400 3.344 0.75
2019-05-05_00:23:49 02513 11.584 152.800 1770.035 8.368 0.400 3.347 0.76
2019-05-05_00:23:50 02514 11.576 183.600 2125.354 8.376 0.000 0.000 0.76
2019-05-05_00:23:51 02515 11.592 153.200 1775.894 8.392 0.400 3.357 0.76
2019-05-05_00:23:52 02516 11.584 152.800 1770.035 8.400 0.400 3.360 0.76
2019-05-05_00:23:53 02517 11.576 153.200 1773.443 8.408 0.400 3.363 0.75
2019-05-05_00:23:54 02518 11.592 160.800 1863.994 8.312 0.000 0.000 0.75
2019-05-05_00:23:55 02519 11.584 168.800 1955.379 8.312 0.000 0.000 0.75
2019-05-05_00:23:56 02520 11.592 152.800 1771.258 8.328 0.000 0.000 0.75
2019-05-05_00:23:57 02521 11.592 152.400 1766.621 8.336 0.400 3.334 0.75
2019-05-05_00:23:58 02522 11.592 153.200 1775.894 8.352 0.000 0.000 0.75
2019-05-05_00:23:59 02523 11.584 152.800 1770.035 8.360 0.400 3.344 0.75
2019-05-05_00:24:00 02524 11.576 174.400 2018.854 8.360 0.000 0.000 0.76
2019-05-05_00:24:01 02525 11.592 153.200 1775.894 8.384 0.400 3.354 0.76