2019-05-05_02:07:20 00001 11.560 198.800 2298.128 3.216 0.000 0.000 0.32
2019-05-05_02:07:21 00002 11.584 161.200 1867.341 3.448 0.000 0.000 0.34
2019-05-05_02:07:22 00003 11.584 164.400 1904.410 3.688 0.400 1.475 0.36
2019-05-05_02:07:23 00004 11.592 190.400 2207.117 3.928 0.000 0.000 0.38
2019-05-05_02:07:24 00005 11.576 168.000 1944.768 4.160 0.000 0.000 0.40
2019-05-05_02:07:25 00006 11.592 155.600 1803.715 4.392 0.000 0.000 0.42
2019-05-05_02:07:26 00007 11.584 156.400 1811.738 4.624 0.400 1.850 0.44
2019-05-05_02:07:27 00008 11.592 168.400 1952.093 4.872 0.000 0.000 0.46
2019-05-05_02:07:28 00009 11.584 156.800 1816.371 5.080 0.000 0.000 0.48
2019-05-05_02:07:29 00010 11.592 156.800 1817.626 5.328 0.000 0.000 0.50
2019-05-05_02:07:30 00011 11.560 190.400 2201.024 5.544 0.000 0.000 0.52
2019-05-05_02:07:31 00012 11.600 158.400 1837.440 5.792 0.000 0.000 0.54
2019-05-05_02:07:32 00013 11.576 157.600 1824.378 6.008 0.000 0.000 0.56
2019-05-05_02:07:33 00014 11.584 166.800 1932.211 6.248 0.000 0.000 0.58
2019-05-05_02:07:34 00015 11.584 168.000 1946.112 6.472 0.000 0.000 0.60