2019-05-05_23:25:30 06869 11.352 427.600 4854.115 8.384 -308.800 -2588.979 0.82
2019-05-05_23:25:31 06870 11.344 437.200 4959.597 8.384 -319.200 -2676.173 0.82
2019-05-05_23:25:32 06871 11.336 440.400 4992.374 8.392 -324.000 -2719.008 0.82
2019-05-05_23:25:33 06872 11.336 445.600 5051.322 8.392 -329.200 -2762.646 0.82
2019-05-05_23:25:34 06873 11.336 451.200 5114.803 8.400 -337.600 -2835.840 0.82
2019-05-05_23:25:35 06874 11.336 449.600 5096.666 8.408 -338.400 -2845.267 0.81
2019-05-05_23:25:36 06875 11.368 405.600 4610.861 8.352 -275.200 -2298.470 0.81
2019-05-05_23:25:37 06876 11.368 412.000 4683.616 8.360 -281.600 -2354.176 0.81
2019-05-05_23:25:38 06877 11.360 416.400 4730.304 8.360 -293.200 -2451.152 0.82
2019-05-05_23:25:39 06878 11.360 414.800 4712.128 8.368 -293.600 -2456.845 0.82
2019-05-05_23:25:40 06879 11.352 423.600 4808.707 8.376 -300.000 -2512.800 0.82
2019-05-05_23:25:41 06880 11.352 432.400 4908.605 8.376 -311.200 -2606.611 0.82
2019-05-05_23:25:42 06881 11.344 436.000 4945.984 8.384 -315.200 -2642.637 0.82
2019-05-05_23:25:43 06882 11.344 441.600 5009.510 8.392 -324.000 -2719.008 0.82
2019-05-05_23:25:44 06883 11.336 432.800 4906.221 8.400 -325.200 -2731.680 0.82
2019-05-05_23:25:45 06884 11.336 445.200 5046.787 8.400 -338.400 -2842.560 0.82
2019-05-05_23:25:46 06885 11.328 456.400 5170.099 8.408 -338.400 -2845.267 0.81
2019-05-05_23:25:47 06886 11.368 400.000 4547.200 8.352 -275.200 -2298.470 0.81
2019-05-05_23:25:48 06887 11.368 410.000 4660.880 8.360 -282.000 -2357.520 0.81
2019-05-05_23:25:49 06888 11.360 415.600 4721.216 8.368 -298.000 -2493.664 0.82
2019-05-05_23:25:50 06889 11.368 411.200 4674.522 8.368 -294.800 -2466.886 0.82
2019-05-05_23:25:51 06890 11.352 422.000 4790.544 8.376 -302.800 -2536.253 0.82
2019-05-05_23:25:52 06891 11.352 431.200 4894.982 8.376 -307.600 -2576.458 0.82
2019-05-05_23:25:53 06892 11.344 432.000 4900.608 8.384 -316.400 -2652.698 0.82
2019-05-05_23:25:54 06893 11.344 439.600 4986.822 8.392 -323.200 -2712.294 0.82
2019-05-05_23:25:55 06894 11.336 445.600 5051.322 8.400 -331.600 -2785.440 0.82
2019-05-05_23:25:56 06895 11.336 450.400 5105.734 8.400 -334.800 -2812.320 0.82
2019-05-05_23:25:57 06896 11.328 454.400 5147.443 8.408 -338.000 -2841.904 0.81
2019-05-05_23:25:58 06897 11.368 403.200 4583.578 8.352 -276.800 -2311.834 0.81
2019-05-05_23:25:59 06898 11.368 406.000 4615.408 8.360 -280.800 -2347.488 0.81
2019-05-05_23:26:00 06899 11.360 406.800 4621.248 8.368 -290.400 -2430.067 0.82
2019-05-05_23:26:01 06900 11.360 412.800 4689.408 8.376 -298.000 -2496.048 0.82
2019-05-05_23:26:02 06901 11.352 424.800 4822.330 8.376 -303.600 -2542.954 0.82
2019-05-05_23:26:03 06902 11.344 427.200 4846.157 8.384 -309.200 -2592.333 0.82
2019-05-05_23:26:04 06903 11.344 436.400 4950.522 8.384 -312.800 -2622.515 0.82
2019-05-05_23:26:05 06904 11.344 436.000 4945.984 8.392 -326.400 -2739.149 0.82
2019-05-05_23:26:06 06905 11.336 439.600 4983.306 8.392 -325.200 -2729.078 0.82
2019-05-05_23:26:07 06906 11.336 448.000 5078.528 8.400 -332.800 -2795.520 0.82
2019-05-05_23:26:08 06907 11.336 450.800 5110.269 8.408 -339.600 -2855.357 0.81
2019-05-05_23:26:09 06908 11.368 406.400 4619.955 8.352 -277.600 -2318.515 0.81
2019-05-05_23:26:10 06909 11.368 409.600 4656.333 8.360 -284.000 -2374.240 0.81
2019-05-05_23:26:11 06910 11.360 414.000 4703.040 8.360 -290.800 -2431.088 0.82
2019-05-05_23:26:12 06911 11.360 418.800 4757.568 8.368 -292.400 -2446.803 0.82
2019-05-05_23:26:13 06912 11.352 419.200 4758.758 8.376 -301.200 -2522.851 0.82
2019-05-05_23:26:14 06913 11.352 424.400 4817.789 8.384 -310.000 -2599.040 0.82
2019-05-05_23:26:15 06914 11.344 433.600 4918.758 8.384 -318.000 -2666.112 0.82
2019-05-05_23:26:16 06915 11.344 434.400 4927.834 8.392 -319.200 -2678.726 0.82
2019-05-05_23:26:17 06916 11.336 440.400 4992.374 8.400 -327.600 -2751.840 0.82
2019-05-05_23:26:18 06917 11.336 448.400 5083.062 8.400 -334.800 -2812.320 0.82
2019-05-05_23:26:19 06918 11.336 453.200 5137.475 8.408 -339.200 -2851.994 0.81
2019-05-05_23:26:20 06919 11.368 405.600 4610.861 8.352 -278.800 -2328.538 0.81
2019-05-05_23:26:21 06920 11.368 411.600 4679.069 8.360 -284.800 -2380.928 0.81
2019-05-05_23:26:22 06921 11.360 414.800 4712.128 8.368 -285.200 -2386.554 0.82
2019-05-05_23:26:23 06922 11.352 425.600 4831.411 8.368 -290.800 -2433.414 0.82
2019-05-05_23:26:24 06923 11.352 428.800 4867.738 8.376 -305.600 -2559.706 0.82
2019-05-05_23:26:25 06924 11.352 430.800 4890.442 8.384 -311.600 -2612.454 0.82
2019-05-05_23:26:26 06925 11.344 438.800 4977.747 8.392 -318.800 -2675.370 0.82
2019-05-05_23:26:27 06926 11.344 442.000 5014.048 8.392 -323.200 -2712.294 0.82
2019-05-05_23:26:28 06927 11.336 446.800 5064.925 8.400 -330.000 -2772.000 0.82
2019-05-05_23:26:29 06928 11.336 450.000 5101.200 8.408 -332.400 -2794.819 0.81
2019-05-05_23:26:30 06929 11.376 400.800 4559.501 8.352 -267.200 -2231.654 0.81
2019-05-05_23:26:31 06930 11.368 406.800 4624.502 8.352 -273.600 -2285.107 0.81
2019-05-05_23:26:32 06931 11.368 410.400 4665.427 8.360 -280.400 -2344.144 0.81
2019-05-05_23:26:33 06932 11.368 413.200 4697.258 8.360 -290.000 -2424.400 0.82
2019-05-05_23:26:34 06933 11.360 418.400 4753.024 8.368 -291.600 -2440.109 0.82
2019-05-05_23:26:35 06934 11.352 428.000 4858.656 8.376 -306.000 -2563.056 0.82
2019-05-05_23:26:36 06935 11.352 431.600 4899.523 8.384 -305.600 -2562.150 0.82
2019-05-05_23:26:37 06936 11.344 438.400 4973.210 8.384 -312.800 -2622.515 0.82
2019-05-05_23:26:38 06937 11.344 439.600 4986.822 8.392 -318.000 -2668.656 0.82
2019-05-05_23:26:39 06938 11.336 444.000 5033.184 8.392 -324.400 -2722.365 0.82
2019-05-05_23:26:40 06939 11.336 443.200 5024.115 8.400 -330.800 -2778.720 0.82
2019-05-05_23:26:41 06940 11.328 456.800 5174.630 8.408 -340.400 -2862.083 0.81
2019-05-05_23:26:42 06941 11.368 408.400 4642.691 8.352 -274.000 -2288.448 0.81
2019-05-05_23:26:43 06942 11.368 410.800 4669.974 8.360 -280.400 -2344.144 0.81
2019-05-05_23:26:44 06943 11.360 415.600 4721.216 8.360 -284.800 -2380.928 0.82
2019-05-05_23:26:45 06944 11.360 415.200 4716.672 8.368 -292.000 -2443.456 0.82
2019-05-05_23:26:46 06945 11.352 409.600 4649.779 8.376 -310.800 -2603.261 0.82
2019-05-05_23:26:47 06946 11.368 399.600 4542.653 8.384 -322.400 -2703.002 0.82
2019-05-05_23:26:48 06947 11.368 404.400 4597.219 8.392 -328.800 -2759.290 0.82
2019-05-05_23:26:49 06948 11.360 410.800 4666.688 8.400 -329.200 -2765.280 0.82
2019-05-05_23:26:50 06949 11.352 421.600 4786.003 8.400 -337.200 -2832.480 0.82
2019-05-05_23:26:51 06950 11.352 422.000 4790.544 8.408 -348.000 -2925.984 0.81
2019-05-05_23:26:52 06951 11.384 371.600 4230.294 8.352 -278.000 -2321.856 0.81
2019-05-05_23:26:53 06952 11.384 381.600 4344.134 8.360 -284.000 -2374.240 0.81
2019-05-05_23:26:54 06953 11.376 390.400 4441.190 8.360 -290.400 -2427.744 0.81
2019-05-05_23:26:55 06954 11.376 394.400 4486.694 8.368 -296.000 -2476.928 0.82
2019-05-05_23:26:56 06955 11.368 400.000 4547.200 8.368 -302.800 -2533.830 0.82
2019-05-05_23:26:57 06956 11.368 406.400 4619.955 8.376 -310.000 -2596.560 0.82
2019-05-05_23:26:58 06957 11.360 412.800 4689.408 8.384 -318.400 -2669.466 0.82
2019-05-05_23:26:59 06958 11.352 412.800 4686.106 8.392 -322.800 -2708.938 0.82
2019-05-05_23:27:00 06959 11.352 420.800 4776.922 8.392 -328.800 -2759.290 0.82
2019-05-05_23:27:01 06960 11.352 426.000 4835.952 8.400 -340.400 -2859.360 0.82
2019-05-05_23:27:02 06961 11.352 424.400 4817.789 8.408 -341.200 -2868.810 0.81
2019-05-05_23:27:03 06962 11.384 376.400 4284.938 8.352 -278.000 -2321.856 0.81
2019-05-05_23:27:04 06963 11.368 396.400 4506.275 8.360 -274.000 -2290.640 0.81
2019-05-05_23:27:05 06964 11.376 390.400 4441.190 8.368 -294.000 -2460.192 0.81
2019-05-05_23:27:06 06965 11.368 396.800 4510.822 8.368 -286.800 -2399.942 0.82
2019-05-05_23:27:07 06966 11.360 420.400 4775.744 8.368 -290.800 -2433.414 0.82
2019-05-05_23:27:08 06967 11.368 406.000 4615.408 8.376 -310.000 -2596.560 0.82
2019-05-05_23:27:09 06968 11.368 408.400 4642.691 8.384 -315.600 -2645.990 0.82
2019-05-05_23:27:10 06969 11.360 414.000 4703.040 8.392 -323.200 -2712.294 0.82