2019-05-05_21:59:34 01718 2.240 -0.800 -1.792 7.928 192.800 1528.518 0.00
2019-05-05_21:59:35 01719 2.240 -0.800 -1.792 7.928 192.800 1528.518 0.00
2019-05-05_21:59:36 01720 2.240 -0.800 -1.792 7.928 194.400 1541.203 0.00
2019-05-05_21:59:37 01721 2.240 -0.800 -1.792 7.928 192.800 1528.518 0.00
2019-05-05_21:59:38 01722 2.240 -0.800 -1.792 7.928 192.400 1525.347 0.00
2019-05-05_21:59:39 01723 2.240 -0.800 -1.792 7.928 197.600 1566.573 0.00
2019-05-05_21:59:40 01724 2.240 -0.800 -1.792 7.928 192.000 1522.176 0.00
2019-05-05_21:59:41 01725 2.240 -0.800 -1.792 7.928 192.000 1522.176 0.00
2019-05-05_21:59:42 01726 2.240 -0.800 -1.792 7.928 201.600 1598.285 0.00
2019-05-05_21:59:43 01727 2.240 -0.800 -1.792 7.920 192.400 1523.808 0.00
2019-05-05_21:59:44 01728 2.240 -0.800 -1.792 7.928 192.400 1525.347 0.00
2019-05-05_21:59:45 01729 2.240 -0.400 -0.896 7.928 192.400 1525.347 0.00
2019-05-05_21:59:46 01730 2.240 -0.800 -1.792 7.928 192.400 1525.347 0.00
2019-05-05_21:59:47 01731 2.240 -0.800 -1.792 7.928 195.600 1550.717 0.00
2019-05-05_21:59:48 01732 2.240 -0.800 -1.792 7.928 192.800 1528.518 0.00
2019-05-05_21:59:49 01733 2.240 -0.800 -1.792 7.928 192.000 1522.176 0.00
2019-05-05_21:59:50 01734 2.240 -0.800 -1.792 7.928 192.400 1525.347 0.00
2019-05-05_21:59:51 01735 2.240 -0.800 -1.792 7.928 192.800 1528.518 0.00
2019-05-05_21:59:52 01736 2.240 -0.800 -1.792 7.928 192.400 1525.347 0.00
2019-05-05_21:59:53 01737 2.240 -0.800 -1.792 7.928 192.400 1525.347 0.00
2019-05-05_21:59:54 01738 2.240 -0.800 -1.792 7.928 192.000 1522.176 0.00
2019-05-05_21:59:55 01739 2.240 -0.800 -1.792 7.912 216.400 1712.157 0.00
2019-05-05_21:59:56 01740 2.240 -0.800 -1.792 7.928 192.400 1525.347 0.00
2019-05-05_21:59:57 01741 2.240 -0.800 -1.792 7.928 192.400 1525.347 0.00
2019-05-05_21:59:58 01742 2.240 -0.800 -1.792 7.928 192.400 1525.347 0.00
2019-05-05_21:59:59 01743 2.240 -0.800 -1.792 7.928 192.000 1522.176 0.00
2019-05-05_22:00:00 01744 2.240 -0.800 -1.792 7.928 192.400 1525.347 0.00
2019-05-05_22:00:01 01745 2.240 -0.800 -1.792 7.928 192.800 1528.518 0.00
2019-05-05_22:00:02 01746 2.240 -0.800 -1.792 7.920 192.800 1526.976 0.00
2019-05-05_22:00:03 01747 2.240 -0.800 -1.792 7.928 192.400 1525.347 0.00
2019-05-05_22:00:04 01748 2.240 -0.800 -1.792 7.928 192.000 1522.176 0.00
2019-05-05_22:00:05 01749 2.240 -0.800 -1.792 7.928 192.400 1525.347 0.00
2019-05-05_22:00:06 01750 2.240 -0.800 -1.792 7.920 193.200 1530.144 0.00
2019-05-05_22:00:07 01751 2.240 -0.800 -1.792 7.928 192.800 1528.518 0.00
2019-05-05_22:00:08 01752 2.240 -0.800 -1.792 7.928 192.400 1525.347 0.00
2019-05-05_22:00:09 01753 2.240 -0.800 -1.792 7.928 192.800 1528.518 0.00
2019-05-05_22:00:10 01754 2.240 -0.800 -1.792 7.928 192.400 1525.347 0.00
2019-05-05_22:00:11 01755 2.240 -0.800 -1.792 7.928 192.400 1525.347 0.00
2019-05-05_22:00:12 01756 2.240 -0.800 -1.792 7.928 192.800 1528.518 0.00
2019-05-05_22:00:13 01757 2.240 -0.800 -1.792 7.920 192.800 1526.976 0.00
2019-05-05_22:00:14 01758 2.240 -0.800 -1.792 7.912 208.000 1645.696 0.00
2019-05-05_22:00:15 01759 2.240 -0.800 -1.792 7.928 192.000 1522.176 0.00
2019-05-05_22:00:16 01760 2.240 -0.800 -1.792 7.928 192.400 1525.347 0.00
2019-05-05_22:00:17 01761 2.240 -0.800 -1.792 7.912 209.600 1658.355 0.00
2019-05-05_22:00:18 01762 2.240 -0.800 -1.792 7.928 192.800 1528.518 0.00
2019-05-05_22:00:19 01763 2.240 -0.800 -1.792 7.928 195.600 1550.717 0.00
2019-05-05_22:00:20 01764 2.240 -0.800 -1.792 7.912 197.600 1563.411 0.00
2019-05-05_22:00:21 01765 2.240 -0.800 -1.792 7.928 192.800 1528.518 0.00
2019-05-05_22:00:22 01766 2.240 -0.800 -1.792 7.928 192.800 1528.518 0.00
2019-05-05_22:00:23 01767 2.240 -0.800 -1.792 7.912 219.600 1737.475 0.00
2019-05-05_22:00:24 01768 2.240 -0.800 -1.792 7.928 192.800 1528.518 0.00
2019-05-05_22:00:25 01769 2.240 -0.800 -1.792 7.912 218.800 1731.146 0.00
2019-05-05_22:00:26 01770 2.240 -0.800 -1.792 7.920 194.400 1539.648 0.00
2019-05-05_22:00:27 01771 2.240 -0.800 -1.792 7.912 215.600 1705.827 0.00
2019-05-05_22:00:28 01772 2.240 -0.800 -1.792 7.928 192.000 1522.176 0.00
2019-05-05_22:00:29 01773 2.240 -0.800 -1.792 7.928 193.200 1531.690 0.00
2019-05-05_22:00:30 01774 2.240 -0.800 -1.792 7.920 193.600 1533.312 0.00
2019-05-05_22:00:31 01775 2.240 -0.800 -1.792 7.928 192.400 1525.347 0.00
2019-05-05_22:00:32 01776 2.240 -0.800 -1.792 7.928 195.600 1550.717 0.00
2019-05-05_22:00:33 01777 2.240 -0.800 -1.792 7.928 192.800 1528.518 0.00
2019-05-05_22:00:34 01778 2.240 -0.800 -1.792 7.928 192.800 1528.518 0.00
2019-05-05_22:00:35 01779 2.240 -0.800 -1.792 7.928 193.200 1531.690 0.00
2019-05-05_22:00:36 01780 2.240 -0.800 -1.792 7.928 192.000 1522.176 0.00
2019-05-05_22:00:37 01781 2.240 -0.800 -1.792 7.928 192.800 1528.518 0.00
2019-05-05_22:00:38 01782 2.240 -0.800 -1.792 7.928 192.800 1528.518 0.00
2019-05-05_22:00:39 01783 2.240 -0.800 -1.792 7.928 196.800 1560.230 0.00
2019-05-05_22:00:40 01784 2.240 -0.800 -1.792 7.928 193.200 1531.690 0.00
2019-05-05_22:00:41 01785 2.240 -0.800 -1.792 7.928 192.800 1528.518 0.00
2019-05-05_22:00:42 01786 2.240 -0.800 -1.792 7.920 192.800 1526.976 0.00
2019-05-05_22:00:43 01787 2.240 -0.800 -1.792 7.928 193.200 1531.690 0.00
2019-05-05_22:00:44 01788 2.240 -0.800 -1.792 7.928 193.200 1531.690 0.00
2019-05-05_22:00:45 01789 2.240 -0.800 -1.792 7.928 192.400 1525.347 0.00
2019-05-05_22:00:46 01790 2.240 -0.800 -1.792 7.928 192.400 1525.347 0.00
2019-05-05_22:00:47 01791 2.240 -0.800 -1.792 7.928 192.800 1528.518 0.00
2019-05-05_22:00:48 01792 2.240 -0.800 -1.792 7.928 192.400 1525.347 0.00
2019-05-05_22:00:49 01793 2.240 -0.800 -1.792 7.928 192.400 1525.347 0.00
2019-05-05_22:00:50 01794 2.240 -0.800 -1.792 7.928 192.400 1525.347 0.00
2019-05-05_22:00:51 01795 2.240 -0.800 -1.792 7.928 194.400 1541.203 0.00
2019-05-05_22:00:52 01796 2.240 -0.800 -1.792 7.928 192.800 1528.518 0.00
2019-05-05_22:00:53 01797 2.240 -0.800 -1.792 7.928 192.800 1528.518 0.00
2019-05-05_22:00:54 01798 2.240 -0.800 -1.792 7.928 192.800 1528.518 0.00
2019-05-05_22:00:55 01799 2.240 -0.800 -1.792 7.928 198.000 1569.744 0.00
2019-05-05_22:00:56 01800 2.240 -0.800 -1.792 7.928 192.400 1525.347 0.00
2019-05-05_22:00:57 01801 2.240 -0.800 -1.792 7.928 192.400 1525.347 0.00
2019-05-05_22:00:58 01802 2.240 -0.800 -1.792 7.928 192.800 1528.518 0.00
2019-05-05_22:00:59 01803 2.240 -0.800 -1.792 7.928 197.600 1566.573 0.00
2019-05-05_22:01:00 01804 2.240 -0.800 -1.792 7.928 192.400 1525.347 0.00
2019-05-05_22:01:01 01805 2.240 -0.800 -1.792 7.928 192.800 1528.518 0.00
2019-05-05_22:01:02 01806 2.240 -0.800 -1.792 7.872 266.000 2093.952 0.00
2019-05-05_22:01:03 01807 2.240 -0.800 -1.792 7.928 192.800 1528.518 0.00
2019-05-05_22:01:04 01808 2.240 -0.800 -1.792 7.928 192.400 1525.347 0.00
2019-05-05_22:01:05 01809 2.240 -0.800 -1.792 7.928 192.400 1525.347 0.00
2019-05-05_22:01:06 01810 2.240 -0.800 -1.792 7.920 192.000 1520.640 0.00
2019-05-05_22:01:07 01811 2.240 -0.400 -0.896 7.928 192.400 1525.347 0.00
2019-05-05_22:01:08 01812 2.240 -0.800 -1.792 7.928 193.600 1534.861 0.00
2019-05-05_22:01:09 01813 2.240 -0.800 -1.792 7.928 192.800 1528.518 0.00
2019-05-05_22:01:10 01814 2.240 -0.800 -1.792 7.928 192.400 1525.347 0.00
2019-05-05_22:01:11 01815 2.240 -0.800 -1.792 7.928 192.800 1528.518 0.00
2019-05-05_22:01:12 01816 2.240 -0.800 -1.792 7.928 192.800 1528.518 0.00
2019-05-05_22:01:13 01817 2.240 -0.800 -1.792 7.928 192.800 1528.518 0.00
2019-05-05_22:01:14 01818 2.240 -0.800 -1.792 7.928 193.200 1531.690 0.00