2019-05-05_22:45:04 04445 1.040 -5.200 -5.408 7.816 200.800 1569.453 0.00
2019-05-05_22:45:05 04446 1.048 -5.200 -5.450 7.808 200.400 1564.723 0.00
2019-05-05_22:45:06 04447 1.040 -5.200 -5.408 7.816 200.400 1566.326 0.00
2019-05-05_22:45:07 04448 1.040 -5.200 -5.408 7.816 200.400 1566.326 0.00
2019-05-05_22:45:08 04449 1.040 -5.200 -5.408 7.816 207.200 1619.475 0.00
2019-05-05_22:45:09 04450 1.040 -5.200 -5.408 7.816 200.400 1566.326 0.00
2019-05-05_22:45:10 04451 1.048 -5.200 -5.450 7.816 202.000 1578.832 0.00
2019-05-05_22:45:11 04452 1.048 -5.200 -5.450 7.816 200.400 1566.326 0.00
2019-05-05_22:45:12 04453 1.040 -5.200 -5.408 7.816 200.400 1566.326 0.00
2019-05-05_22:45:13 04454 1.040 -5.200 -5.408 7.816 200.000 1563.200 0.00
2019-05-05_22:45:14 04455 1.040 -5.200 -5.408 7.816 200.800 1569.453 0.00
2019-05-05_22:45:15 04456 1.040 -5.200 -5.408 7.816 200.400 1566.326 0.00
2019-05-05_22:45:16 04457 1.040 -5.200 -5.408 7.816 200.800 1569.453 0.00
2019-05-05_22:45:17 04458 1.040 -5.200 -5.408 7.816 201.200 1572.579 0.00
2019-05-05_22:45:18 04459 1.040 -5.200 -5.408 7.816 201.200 1572.579 0.00
2019-05-05_22:45:19 04460 1.040 -5.200 -5.408 7.816 204.400 1597.590 0.00
2019-05-05_22:45:20 04461 1.040 -5.200 -5.408 7.784 240.400 1871.274 0.00
2019-05-05_22:45:21 04462 1.040 -5.200 -5.408 7.800 202.800 1581.840 0.00
2019-05-05_22:45:22 04463 1.040 -5.200 -5.408 7.816 212.000 1656.992 0.00
2019-05-05_22:45:23 04464 1.048 -5.200 -5.450 7.760 280.000 2172.800 0.00
2019-05-05_22:45:24 04465 1.048 -5.200 -5.450 7.768 271.200 2106.682 0.00
2019-05-05_22:45:25 04466 1.040 -5.200 -5.408 7.760 273.200 2120.032 0.00
2019-05-05_22:45:26 04467 1.040 -5.200 -5.408 7.760 276.000 2141.760 0.00
2019-05-05_22:45:27 04468 1.040 -5.200 -5.408 7.760 269.600 2092.096 0.00
2019-05-05_22:45:28 04469 1.040 -5.200 -5.408 7.760 274.400 2129.344 0.00
2019-05-05_22:45:29 04470 1.040 -5.200 -5.408 7.760 274.800 2132.448 0.00
2019-05-05_22:45:30 04471 1.040 -5.200 -5.408 7.760 273.600 2123.136 0.00
2019-05-05_22:45:31 04472 1.040 -5.200 -5.408 7.760 275.600 2138.656 0.00
2019-05-05_22:45:32 04473 1.032 -5.200 -5.366 7.760 273.600 2123.136 0.00
2019-05-05_22:45:33 04474 1.040 -5.200 -5.408 7.760 274.000 2126.240 0.00
2019-05-05_22:45:34 04475 1.032 -5.200 -5.366 7.784 225.600 1756.070 0.00
2019-05-05_22:45:35 04476 1.032 -5.200 -5.366 7.816 200.400 1566.326 0.00
2019-05-05_22:45:36 04477 1.032 -5.200 -5.366 7.816 204.000 1594.464 0.00
2019-05-05_22:45:37 04478 1.040 -5.200 -5.408 7.792 226.000 1760.992 0.00
2019-05-05_22:45:38 04479 1.032 -5.200 -5.366 7.816 200.800 1569.453 0.00
2019-05-05_22:45:39 04480 1.032 -5.200 -5.366 7.808 200.800 1567.846 0.00
2019-05-05_22:45:40 04481 1.040 -5.200 -5.408 7.792 228.000 1776.576 0.00
2019-05-05_22:45:41 04482 1.040 -5.200 -5.408 7.816 200.800 1569.453 0.00
2019-05-05_22:45:42 04483 1.040 -5.200 -5.408 7.816 200.800 1569.453 0.00
2019-05-05_22:45:43 04484 1.040 -5.200 -5.408 7.792 227.600 1773.459 0.00
2019-05-05_22:45:44 04485 1.040 -5.200 -5.408 7.816 200.800 1569.453 0.00
2019-05-05_22:45:45 04486 1.040 -5.200 -5.408 7.816 200.800 1569.453 0.00
2019-05-05_22:45:46 04487 1.040 -5.200 -5.408 7.792 228.400 1779.693 0.00
2019-05-05_22:45:47 04488 1.040 -5.200 -5.408 7.808 200.800 1567.846 0.00
2019-05-05_22:45:48 04489 1.040 -5.200 -5.408 7.816 200.800 1569.453 0.00
2019-05-05_22:45:49 04490 1.040 -5.200 -5.408 7.792 227.600 1773.459 0.00
2019-05-05_22:45:50 04491 1.040 -5.200 -5.408 7.816 200.800 1569.453 0.00
2019-05-05_22:45:51 04492 1.040 -5.200 -5.408 7.816 210.000 1641.360 0.00
2019-05-05_22:45:52 04493 1.040 -5.200 -5.408 7.792 228.800 1782.810 0.00
2019-05-05_22:45:53 04494 1.040 -5.200 -5.408 7.808 202.000 1577.216 0.00
2019-05-05_22:45:54 04495 1.040 -5.200 -5.408 7.816 201.200 1572.579 0.00
2019-05-05_22:45:55 04496 1.040 -5.200 -5.408 7.792 224.400 1748.525 0.00
2019-05-05_22:45:56 04497 1.040 -5.200 -5.408 7.816 200.800 1569.453 0.00
2019-05-05_22:45:57 04498 1.040 -5.200 -5.408 7.816 200.400 1566.326 0.00
2019-05-05_22:45:58 04499 1.040 -5.200 -5.408 7.808 236.400 1845.811 0.00
2019-05-05_22:45:59 04500 1.040 -5.200 -5.408 7.800 202.000 1575.600 0.00
2019-05-05_22:46:00 04501 1.040 -5.200 -5.408 7.808 202.000 1577.216 0.00
2019-05-05_22:46:01 04502 1.040 -5.200 -5.408 7.800 232.400 1812.720 0.00
2019-05-05_22:46:02 04503 1.040 -5.200 -5.408 7.808 200.000 1561.600 0.00
2019-05-05_22:46:03 04504 1.040 -5.200 -5.408 7.816 200.800 1569.453 0.00
2019-05-05_22:46:04 04505 1.040 -5.200 -5.408 7.792 232.000 1807.744 0.00
2019-05-05_22:46:05 04506 1.040 -5.200 -5.408 7.808 202.000 1577.216 0.00
2019-05-05_22:46:06 04507 1.040 -5.200 -5.408 7.808 199.600 1558.477 0.00
2019-05-05_22:46:07 04508 1.040 -5.200 -5.408 7.792 232.000 1807.744 0.00
2019-05-05_22:46:08 04509 1.040 -5.200 -5.408 7.816 201.600 1575.706 0.00
2019-05-05_22:46:09 04510 1.040 -5.200 -5.408 7.816 200.800 1569.453 0.00
2019-05-05_22:46:10 04511 1.040 -5.200 -5.408 7.792 204.000 1589.568 0.00
2019-05-05_22:46:11 04512 1.040 -5.200 -5.408 7.816 201.200 1572.579 0.00
2019-05-05_22:46:12 04513 1.040 -5.200 -5.408 7.808 202.000 1577.216 0.00
2019-05-05_22:46:13 04514 1.040 -5.200 -5.408 7.816 201.200 1572.579 0.00
2019-05-05_22:46:14 04515 1.040 -5.200 -5.408 7.808 203.600 1589.709 0.00
2019-05-05_22:46:15 04516 1.040 -5.200 -5.408 7.808 201.600 1574.093 0.00
2019-05-05_22:46:16 04517 1.040 -5.200 -5.408 7.816 201.200 1572.579 0.00
2019-05-05_22:46:17 04518 1.040 -5.200 -5.408 7.808 200.400 1564.723 0.00
2019-05-05_22:46:18 04519 1.040 -5.200 -5.408 7.816 210.800 1647.613 0.00
2019-05-05_22:46:19 04520 1.040 -5.200 -5.408 7.816 200.800 1569.453 0.00
2019-05-05_22:46:20 04521 1.040 -5.200 -5.408 7.808 200.800 1567.846 0.00
2019-05-05_22:46:21 04522 1.040 -5.200 -5.408 7.808 201.200 1570.970 0.00
2019-05-05_22:46:22 04523 1.040 -5.200 -5.408 7.808 208.800 1630.310 0.00
2019-05-05_22:46:23 04524 1.040 -5.200 -5.408 7.784 238.400 1855.706 0.00
2019-05-05_22:46:24 04525 1.040 -5.200 -5.408 7.792 226.000 1760.992 0.00
2019-05-05_22:46:25 04526 1.040 -5.200 -5.408 7.808 202.000 1577.216 0.00
2019-05-05_22:46:26 04527 1.040 -5.200 -5.408 7.808 200.800 1567.846 0.00
2019-05-05_22:46:27 04528 1.040 -5.200 -5.408 7.808 200.800 1567.846 0.00
2019-05-05_22:46:28 04529 1.040 -5.200 -5.408 7.808 204.400 1595.955 0.00
2019-05-05_22:46:29 04530 1.040 -5.200 -5.408 7.808 201.600 1574.093 0.00
2019-05-05_22:46:30 04531 1.040 -5.200 -5.408 7.808 212.000 1655.296 0.00
2019-05-05_22:46:31 04532 1.040 -5.200 -5.408 7.808 201.600 1574.093 0.00
2019-05-05_22:46:32 04533 1.040 -5.200 -5.408 7.808 201.200 1570.970 0.00
2019-05-05_22:46:33 04534 1.040 -5.200 -5.408 7.808 200.800 1567.846 0.00
2019-05-05_22:46:34 04535 1.040 -5.200 -5.408 7.808 200.400 1564.723 0.00
2019-05-05_22:46:35 04536 1.040 -5.200 -5.408 7.808 200.800 1567.846 0.00
2019-05-05_22:46:36 04537 1.040 -5.200 -5.408 7.808 206.000 1608.448 0.00
2019-05-05_22:46:37 04538 1.040 -5.200 -5.408 7.808 200.800 1567.846 0.00
2019-05-05_22:46:38 04539 1.040 -5.200 -5.408 7.800 200.800 1566.240 0.00
2019-05-05_22:46:39 04540 1.040 -5.200 -5.408 7.808 200.800 1567.846 0.00
2019-05-05_22:46:40 04541 1.040 -5.200 -5.408 7.808 200.800 1567.846 0.00
2019-05-05_22:46:41 04542 1.040 -5.200 -5.408 7.792 229.600 1789.043 0.00
2019-05-05_22:46:42 04543 1.040 -5.200 -5.408 7.808 201.200 1570.970 0.00
2019-05-05_22:46:43 04544 1.040 -5.200 -5.408 7.808 201.200 1570.970 0.00
2019-05-05_22:46:44 04545 1.040 -5.200 -5.408 7.808 201.200 1570.970 0.00