2019-05-05_00:37:31 03334 11.592 153.200 1775.894 8.368 0.400 3.347 0.76
2019-05-05_00:37:32 03335 11.592 153.200 1775.894 8.376 0.400 3.350 0.76
2019-05-05_00:37:33 03336 11.576 160.800 1861.421 8.392 0.400 3.357 0.76
2019-05-05_00:37:34 03337 11.584 163.600 1895.142 8.400 0.400 3.360 0.76
2019-05-05_00:37:35 03338 11.576 169.200 1958.659 8.400 0.000 0.000 0.76
2019-05-05_00:37:36 03339 11.584 153.200 1774.669 8.424 0.000 0.000 0.75
2019-05-05_00:37:37 03340 11.568 174.800 2022.086 8.312 0.400 3.325 0.75
2019-05-05_00:37:38 03341 11.592 153.200 1775.894 8.320 0.400 3.328 0.75
2019-05-05_00:37:39 03342 11.592 153.600 1780.531 8.336 0.400 3.334 0.75
2019-05-05_00:37:40 03343 11.584 169.200 1960.013 8.344 0.400 3.338 0.75
2019-05-05_00:37:41 03344 11.584 155.600 1802.470 8.360 0.400 3.344 0.75
2019-05-05_00:37:42 03345 11.576 174.800 2023.485 8.360 0.400 3.344 0.76
2019-05-05_00:37:43 03346 11.592 153.200 1775.894 8.376 0.400 3.350 0.76
2019-05-05_00:37:44 03347 11.576 156.400 1810.486 8.392 0.400 3.357 0.76
2019-05-05_00:37:45 03348 11.576 169.200 1958.659 8.392 0.400 3.357 0.76
2019-05-05_00:37:46 03349 11.584 153.200 1774.669 8.408 0.000 0.000 0.75
2019-05-05_00:37:47 03350 11.584 177.200 2052.685 8.296 0.000 0.000 0.77
2019-05-05_00:37:48 03351 11.584 153.600 1779.302 8.544 0.000 0.000 0.76
2019-05-05_00:37:49 03352 11.584 153.200 1774.669 8.408 0.000 0.000 0.75
2019-05-05_00:37:50 03353 11.592 153.600 1780.531 8.304 0.000 0.000 0.75
2019-05-05_00:37:51 03354 11.592 162.800 1887.178 8.320 0.000 0.000 0.75
2019-05-05_00:37:52 03355 11.592 162.000 1877.904 8.328 0.400 3.331 0.75
2019-05-05_00:37:53 03356 11.592 154.000 1785.168 8.336 0.400 3.334 0.75
2019-05-05_00:37:54 03357 11.584 156.800 1816.371 8.344 0.400 3.338 0.75
2019-05-05_00:37:55 03358 11.592 153.600 1780.531 8.360 0.400 3.344 0.75
2019-05-05_00:37:56 03359 11.584 159.200 1844.173 8.368 0.400 3.347 0.76
2019-05-05_00:37:57 03360 11.568 172.000 1989.696 8.368 0.400 3.347 0.76
2019-05-05_00:37:58 03361 11.584 156.400 1811.738 8.392 0.400 3.357 0.76
2019-05-05_00:37:59 03362 11.584 163.200 1890.509 8.400 0.400 3.360 0.76
2019-05-05_00:38:00 03363 11.576 170.000 1967.920 8.392 0.000 0.000 0.76
2019-05-05_00:38:01 03364 11.584 153.200 1774.669 8.424 0.400 3.370 0.75
2019-05-05_00:38:02 03365 11.584 182.400 2112.922 8.304 0.000 0.000 0.75
2019-05-05_00:38:03 03366 11.592 153.200 1775.894 8.328 0.000 0.000 0.75
2019-05-05_00:38:04 03367 11.592 153.200 1775.894 8.336 0.400 3.334 0.75
2019-05-05_00:38:05 03368 11.568 170.800 1975.814 8.344 0.400 3.338 0.75
2019-05-05_00:38:06 03369 11.592 164.000 1901.088 8.360 0.400 3.344 0.75
2019-05-05_00:38:07 03370 11.576 169.600 1963.290 8.360 0.400 3.344 0.76
2019-05-05_00:38:08 03371 11.592 153.600 1780.531 8.376 0.000 0.000 0.76
2019-05-05_00:38:09 03372 11.584 153.200 1774.669 8.384 0.400 3.354 0.76
2019-05-05_00:38:10 03373 11.568 169.200 1957.306 8.392 0.400 3.357 0.76
2019-05-05_00:38:11 03374 11.576 158.400 1833.638 8.408 0.400 3.363 0.75
2019-05-05_00:38:12 03375 11.600 164.000 1902.400 8.304 0.000 0.000 0.75
2019-05-05_00:38:13 03376 11.592 153.200 1775.894 8.320 0.000 0.000 0.75
2019-05-05_00:38:14 03377 11.592 153.200 1775.894 8.328 0.400 3.331 0.75
2019-05-05_00:38:15 03378 11.584 159.600 1848.806 8.336 0.400 3.334 0.75
2019-05-05_00:38:16 03379 11.592 153.200 1775.894 8.352 0.400 3.341 0.75
2019-05-05_00:38:17 03380 11.584 162.000 1876.608 8.360 0.400 3.344 0.75
2019-05-05_00:38:18 03381 11.592 152.800 1771.258 8.368 0.400 3.347 0.76
2019-05-05_00:38:19 03382 11.592 152.800 1771.258 8.376 0.400 3.350 0.76
2019-05-05_00:38:20 03383 11.576 169.200 1958.659 8.384 0.000 0.000 0.76
2019-05-05_00:38:21 03384 11.584 153.600 1779.302 8.400 0.000 0.000 0.76
2019-05-05_00:38:22 03385 11.576 169.600 1963.290 8.400 0.400 3.360 0.76
2019-05-05_00:38:23 03386 11.584 153.200 1774.669 8.424 0.000 0.000 0.75
2019-05-05_00:38:24 03387 11.584 165.200 1913.677 8.320 0.000 0.000 0.75
2019-05-05_00:38:25 03388 11.584 169.200 1960.013 8.312 0.400 3.325 0.75
2019-05-05_00:38:26 03389 11.592 153.200 1775.894 8.336 0.000 0.000 0.75
2019-05-05_00:38:27 03390 11.584 169.600 1964.646 8.344 0.000 0.000 0.75
2019-05-05_00:38:28 03391 11.592 153.200 1775.894 8.360 0.000 0.000 0.75
2019-05-05_00:38:29 03392 11.576 169.200 1958.659 8.360 0.000 0.000 0.76
2019-05-05_00:38:30 03393 11.584 153.200 1774.669 8.376 0.400 3.350 0.76
2019-05-05_00:38:31 03394 11.584 153.200 1774.669 8.392 0.400 3.357 0.76
2019-05-05_00:38:32 03395 11.584 162.800 1885.875 8.400 0.000 0.000 0.76
2019-05-05_00:38:33 03396 11.584 153.200 1774.669 8.408 0.400 3.363 0.75
2019-05-05_00:38:34 03397 11.600 152.800 1772.480 8.304 0.000 0.000 0.75
2019-05-05_00:38:35 03398 11.584 155.600 1802.470 8.320 0.000 0.000 0.75
2019-05-05_00:38:36 03399 11.592 152.800 1771.258 8.328 0.000 0.000 0.75
2019-05-05_00:38:37 03400 11.584 160.000 1853.440 8.336 0.400 3.334 0.75
2019-05-05_00:38:38 03401 11.592 163.200 1891.814 8.352 0.400 3.341 0.75
2019-05-05_00:38:39 03402 11.592 153.200 1775.894 8.360 0.400 3.344 0.75
2019-05-05_00:38:40 03403 11.576 169.200 1958.659 8.360 0.000 0.000 0.76
2019-05-05_00:38:41 03404 11.576 161.600 1870.682 8.376 0.400 3.350 0.76
2019-05-05_00:38:42 03405 11.576 168.800 1954.029 8.384 0.400 3.354 0.76
2019-05-05_00:38:43 03406 11.584 153.200 1774.669 8.400 0.400 3.360 0.76
2019-05-05_00:38:44 03407 11.584 153.200 1774.669 8.408 0.400 3.363 0.75
2019-05-05_00:38:45 03408 11.584 182.000 2108.288 8.304 0.000 0.000 0.75
2019-05-05_00:38:46 03409 11.584 160.400 1858.074 8.320 0.000 0.000 0.75
2019-05-05_00:38:47 03410 11.584 168.800 1955.379 8.320 0.000 0.000 0.75
2019-05-05_00:38:48 03411 11.592 153.200 1775.894 8.336 0.400 3.334 0.75
2019-05-05_00:38:49 03412 11.592 153.200 1775.894 8.352 0.400 3.341 0.75
2019-05-05_00:38:50 03413 11.576 169.600 1963.290 8.352 0.000 0.000 0.75
2019-05-05_00:38:51 03414 11.592 153.600 1780.531 8.368 0.400 3.347 0.76
2019-05-05_00:38:52 03415 11.576 179.200 2074.419 8.368 0.400 3.347 0.76
2019-05-05_00:38:53 03416 11.584 163.200 1890.509 8.392 0.000 0.000 0.76
2019-05-05_00:38:54 03417 11.584 153.200 1774.669 8.400 0.400 3.360 0.76
2019-05-05_00:38:55 03418 11.584 153.200 1774.669 8.408 0.000 0.000 0.75
2019-05-05_00:38:56 03419 11.600 153.200 1777.120 8.304 0.000 0.000 0.75
2019-05-05_00:38:57 03420 11.584 169.600 1964.646 8.312 0.000 0.000 0.75
2019-05-05_00:38:58 03421 11.592 152.800 1771.258 8.328 0.000 0.000 0.75
2019-05-05_00:38:59 03422 11.584 156.400 1811.738 8.336 0.000 0.000 0.75
2019-05-05_00:39:00 03423 11.584 169.200 1960.013 8.344 0.000 0.000 0.75
2019-05-05_00:39:01 03424 11.592 153.600 1780.531 8.360 0.400 3.344 0.75
2019-05-05_00:39:02 03425 11.568 169.200 1957.306 8.360 0.400 3.344 0.76
2019-05-05_00:39:03 03426 11.576 161.600 1870.682 8.376 0.000 0.000 0.76
2019-05-05_00:39:04 03427 11.592 153.200 1775.894 8.392 0.400 3.357 0.76
2019-05-05_00:39:05 03428 11.576 168.800 1954.029 8.392 0.000 0.000 0.76
2019-05-05_00:39:06 03429 11.584 153.200 1774.669 8.408 0.400 3.363 0.75
2019-05-05_00:39:07 03430 11.584 168.800 1955.379 8.304 0.000 0.000 0.75
2019-05-05_00:39:08 03431 11.592 153.200 1775.894 8.320 0.000 0.000 0.75
2019-05-05_00:39:09 03432 11.592 162.800 1887.178 8.328 0.000 0.000 0.75
2019-05-05_00:39:10 03433 11.584 169.200 1960.013 8.328 0.400 3.331 0.75
2019-05-05_00:39:11 03434 11.576 171.600 1986.442 8.352 0.400 3.341 0.75