2019-05-05_01:40:47 00304 11.568 196.400 2271.955 8.320 0.000 0.000 0.75
2019-05-05_01:40:48 00305 11.560 198.400 2293.504 8.328 0.000 0.000 0.75
2019-05-05_01:40:49 00306 11.560 196.800 2275.008 8.352 0.400 3.341 0.76
2019-05-05_01:40:50 00307 11.560 192.400 2224.144 8.360 0.400 3.344 0.76
2019-05-05_01:40:51 00308 11.560 201.600 2330.496 8.368 0.000 0.000 0.76
2019-05-05_01:40:52 00309 11.552 188.400 2176.397 8.376 0.000 0.000 0.76
2019-05-05_01:40:53 00310 11.552 200.800 2319.642 8.384 0.000 0.000 0.76
2019-05-05_01:40:54 00311 11.560 189.600 2191.776 8.400 0.000 0.000 0.76
2019-05-05_01:40:55 00312 11.552 186.000 2148.672 8.408 0.000 0.000 0.75
2019-05-05_01:40:56 00313 11.568 196.400 2271.955 8.304 0.400 3.322 0.75
2019-05-05_01:40:57 00314 11.560 190.400 2201.024 8.312 0.000 0.000 0.75
2019-05-05_01:40:58 00315 11.560 195.200 2256.512 8.320 0.400 3.328 0.75
2019-05-05_01:40:59 00316 11.568 190.800 2207.174 8.336 0.400 3.334 0.75
2019-05-05_01:41:00 00317 11.568 196.000 2267.328 8.344 0.000 0.000 0.76
2019-05-05_01:41:01 00318 11.552 196.000 2264.192 8.360 0.400 3.344 0.76
2019-05-05_01:41:02 00319 11.552 195.600 2259.571 8.368 0.000 0.000 0.76
2019-05-05_01:41:03 00320 11.552 196.400 2268.813 8.376 0.400 3.350 0.76
2019-05-05_01:41:04 00321 11.552 192.800 2227.226 8.392 0.000 0.000 0.76
2019-05-05_01:41:05 00322 11.552 194.800 2250.330 8.400 0.000 0.000 0.76
2019-05-05_01:41:06 00323 11.560 194.000 2242.640 8.416 0.400 3.366 0.75
2019-05-05_01:41:07 00324 11.568 192.000 2221.056 8.304 0.000 0.000 0.75
2019-05-05_01:41:08 00325 11.560 200.800 2321.248 8.304 0.400 3.322 0.75
2019-05-05_01:41:09 00326 11.560 199.600 2307.376 8.320 0.400 3.328 0.75
2019-05-05_01:41:10 00327 11.568 189.600 2193.293 8.344 0.000 0.000 0.75
2019-05-05_01:41:11 00328 11.568 170.400 1971.187 8.360 0.400 3.344 0.76
2019-05-05_01:41:12 00329 11.568 194.800 2253.446 8.360 0.400 3.344 0.76
2019-05-05_01:41:13 00330 11.568 195.200 2258.074 8.368 0.000 0.000 0.76
2019-05-05_01:41:14 00331 11.560 195.600 2261.136 8.376 0.000 0.000 0.76
2019-05-05_01:41:15 00332 11.560 171.200 1979.072 8.400 0.000 0.000 0.76
2019-05-05_01:41:16 00333 11.576 172.400 1995.702 8.416 0.000 0.000 0.75
2019-05-05_01:41:17 00334 11.560 196.400 2270.384 8.296 0.000 0.000 0.77
2019-05-05_01:41:18 00335 11.552 188.400 2176.397 8.536 0.000 0.000 0.76
2019-05-05_01:41:19 00336 11.552 195.200 2254.950 8.416 0.000 0.000 0.75
2019-05-05_01:41:20 00337 11.560 195.600 2261.136 8.296 0.000 0.000 0.77
2019-05-05_01:41:21 00338 11.552 194.400 2245.709 8.544 0.000 0.000 0.76
2019-05-05_01:41:22 00339 11.552 195.200 2254.950 8.400 0.000 0.000 0.76
2019-05-05_01:41:23 00340 11.552 197.200 2278.054 8.416 0.000 0.000 0.75
2019-05-05_01:41:24 00341 11.560 192.400 2224.144 8.312 0.400 3.325 0.75
2019-05-05_01:41:25 00342 11.568 192.000 2221.056 8.312 0.000 0.000 0.75
2019-05-05_01:41:26 00343 11.568 189.200 2188.666 8.328 0.000 0.000 0.75
2019-05-05_01:41:27 00344 11.560 194.000 2242.640 8.336 0.000 0.000 0.75
2019-05-05_01:41:28 00345 11.560 196.400 2270.384 8.344 0.400 3.338 0.76
2019-05-05_01:41:29 00346 11.560 188.000 2173.280 8.352 0.400 3.341 0.76
2019-05-05_01:41:30 00347 11.560 195.200 2256.512 8.368 0.400 3.347 0.76
2019-05-05_01:41:31 00348 11.560 196.400 2270.384 8.376 0.000 0.000 0.76
2019-05-05_01:41:32 00349 11.560 190.000 2196.400 8.384 0.000 0.000 0.76
2019-05-05_01:41:33 00350 11.560 196.400 2270.384 8.400 0.000 0.000 0.76
2019-05-05_01:41:34 00351 11.560 194.000 2242.640 8.408 0.000 0.000 0.75
2019-05-05_01:41:35 00352 11.568 184.400 2133.139 8.312 0.000 0.000 0.75
2019-05-05_01:41:36 00353 11.568 186.400 2156.275 8.312 0.400 3.325 0.75
2019-05-05_01:41:37 00354 11.560 196.000 2265.760 8.328 0.000 0.000 0.75
2019-05-05_01:41:38 00355 11.560 194.800 2251.888 8.336 0.400 3.334 0.75
2019-05-05_01:41:39 00356 11.568 187.600 2170.157 8.352 0.400 3.341 0.76
2019-05-05_01:41:40 00357 11.560 195.200 2256.512 8.352 0.400 3.341 0.76
2019-05-05_01:41:41 00358 11.560 192.400 2224.144 8.368 0.400 3.347 0.76
2019-05-05_01:41:42 00359 11.560 192.400 2224.144 8.376 0.000 0.000 0.76
2019-05-05_01:41:43 00360 11.560 183.200 2117.792 8.392 0.000 0.000 0.76
2019-05-05_01:41:44 00361 11.552 196.400 2268.813 8.392 0.000 0.000 0.76
2019-05-05_01:41:45 00362 11.560 191.200 2210.272 8.416 0.000 0.000 0.75
2019-05-05_01:41:46 00363 11.560 200.000 2312.000 8.304 0.000 0.000 0.75
2019-05-05_01:41:47 00364 11.560 203.600 2353.616 8.312 0.000 0.000 0.75
2019-05-05_01:41:48 00365 11.560 198.800 2298.128 8.328 0.000 0.000 0.75
2019-05-05_01:41:49 00366 11.568 198.400 2295.091 8.336 0.000 0.000 0.75
2019-05-05_01:41:50 00367 11.552 200.000 2310.400 8.352 0.000 0.000 0.76
2019-05-05_01:41:51 00368 11.552 192.400 2222.605 8.352 0.400 3.341 0.76
2019-05-05_01:41:52 00369 11.552 198.800 2296.538 8.360 0.400 3.344 0.76
2019-05-05_01:41:53 00370 11.560 194.800 2251.888 8.376 0.400 3.350 0.76
2019-05-05_01:41:54 00371 11.552 200.000 2310.400 8.392 0.000 0.000 0.76
2019-05-05_01:41:55 00372 11.552 199.200 2301.158 8.392 0.000 0.000 0.76
2019-05-05_01:41:56 00373 11.552 200.000 2310.400 8.416 0.000 0.000 0.75
2019-05-05_01:41:57 00374 11.560 190.000 2196.400 8.304 0.400 3.322 0.75
2019-05-05_01:41:58 00375 11.568 198.000 2290.464 8.312 0.000 0.000 0.75
2019-05-05_01:41:59 00376 11.560 200.400 2316.624 8.320 0.000 0.000 0.75
2019-05-05_01:42:00 00377 11.552 200.000 2310.400 8.328 0.000 0.000 0.75
2019-05-05_01:42:01 00378 11.552 197.600 2282.675 8.352 0.000 0.000 0.76
2019-05-05_01:42:02 00379 11.568 198.800 2299.718 8.360 0.000 0.000 0.76
2019-05-05_01:42:03 00380 11.552 194.400 2245.709 8.368 0.400 3.347 0.76
2019-05-05_01:42:04 00381 11.552 196.000 2264.192 8.376 0.400 3.350 0.76
2019-05-05_01:42:05 00382 11.552 188.000 2171.776 8.384 0.400 3.354 0.76
2019-05-05_01:42:06 00383 11.552 200.000 2310.400 8.400 0.000 0.000 0.76
2019-05-05_01:42:07 00384 11.552 195.200 2254.950 8.424 0.000 0.000 0.75
2019-05-05_01:42:08 00385 11.568 200.800 2322.854 8.304 0.400 3.322 0.75
2019-05-05_01:42:09 00386 11.552 199.600 2305.779 8.304 0.000 0.000 0.75
2019-05-05_01:42:10 00387 11.560 187.600 2168.656 8.328 0.400 3.331 0.75
2019-05-05_01:42:11 00388 11.584 156.800 1816.371 8.360 0.400 3.344 0.75
2019-05-05_01:42:12 00389 11.576 163.600 1893.834 8.368 0.400 3.347 0.76
2019-05-05_01:42:13 00390 11.576 169.200 1958.659 8.368 0.400 3.347 0.76
2019-05-05_01:42:14 00391 11.584 152.800 1770.035 8.392 0.400 3.357 0.76
2019-05-05_01:42:15 00392 11.576 156.000 1805.856 8.400 0.000 0.000 0.76
2019-05-05_01:42:16 00393 11.576 168.800 1954.029 8.400 0.000 0.000 0.76
2019-05-05_01:42:17 00394 11.584 152.400 1765.402 8.416 0.000 0.000 0.75
2019-05-05_01:42:18 00395 11.576 169.200 1958.659 8.304 0.000 0.000 0.75
2019-05-05_01:42:19 00396 11.584 163.200 1890.509 8.320 0.000 0.000 0.75
2019-05-05_01:42:20 00397 11.592 152.400 1766.621 8.336 0.400 3.334 0.75
2019-05-05_01:42:21 00398 11.568 177.600 2054.477 8.336 0.000 0.000 0.75
2019-05-05_01:42:22 00399 11.592 164.000 1901.088 8.360 0.400 3.344 0.75
2019-05-05_01:42:23 00400 11.592 152.800 1771.258 8.368 0.400 3.347 0.76
2019-05-05_01:42:24 00401 11.592 152.800 1771.258 8.376 0.400 3.350 0.76
2019-05-05_01:42:25 00402 11.576 161.600 1870.682 8.392 0.400 3.357 0.76
2019-05-05_01:42:26 00403 11.592 163.600 1896.451 8.400 0.000 0.000 0.76
2019-05-05_01:42:27 00404 11.584 152.400 1765.402 8.408 0.400 3.363 0.75