2019-05-05_01:43:05 00001 11.576 169.600 1963.290 3.224 0.000 0.000 0.32
2019-05-05_01:43:06 00002 11.584 165.600 1918.310 3.448 0.000 0.000 0.34
2019-05-05_01:43:07 00003 11.600 153.600 1781.760 3.688 0.400 1.475 0.36
2019-05-05_01:43:08 00004 11.576 198.000 2292.048 3.920 0.000 0.000 0.38
2019-05-05_01:43:09 00005 11.560 177.600 2053.056 4.152 0.000 0.000 0.40
2019-05-05_01:43:10 00006 11.584 166.800 1932.211 4.400 0.000 0.000 0.42
2019-05-05_01:43:11 00007 11.584 172.400 1997.082 4.616 0.000 0.000 0.44
2019-05-05_01:43:12 00008 11.600 156.400 1814.240 4.872 0.000 0.000 0.46
2019-05-05_01:43:13 00009 11.568 170.800 1975.814 5.080 0.000 0.000 0.48
2019-05-05_01:43:14 00010 11.592 156.800 1817.626 5.328 0.000 0.000 0.50
2019-05-05_01:43:15 00011 11.584 166.800 1932.211 5.552 0.000 0.000 0.52
2019-05-05_01:43:16 00012 11.584 173.600 2010.982 5.784 0.000 0.000 0.54
2019-05-05_01:43:17 00013 11.584 157.200 1821.005 6.008 0.000 0.000 0.56
2019-05-05_01:43:18 00014 11.592 160.800 1863.994 6.248 0.000 0.000 0.58
2019-05-05_01:43:19 00015 11.584 168.000 1946.112 6.472 0.000 0.000 0.60
2019-05-05_01:43:20 00016 11.592 169.200 1961.366 6.704 0.000 0.000 0.62
2019-05-05_01:43:21 00017 11.568 172.800 1998.950 6.904 0.000 0.000 0.64
2019-05-05_01:43:22 00018 11.600 156.400 1814.240 7.152 0.000 0.000 0.66
2019-05-05_01:43:23 00019 11.584 161.200 1867.341 7.360 0.000 0.000 0.68
2019-05-05_01:43:24 00020 11.576 166.800 1930.877 7.576 0.000 0.000 0.70
2019-05-05_01:43:25 00021 11.576 167.200 1935.507 7.784 0.000 0.000 0.72
2019-05-05_01:43:26 00022 11.584 172.400 1997.082 8.008 0.400 3.203 0.74
2019-05-05_01:43:27 00023 11.584 167.200 1936.845 8.216 0.000 0.000 0.76
2019-05-05_01:43:28 00024 11.552 199.600 2305.779 8.408 0.000 0.000 0.75
2019-05-05_01:43:29 00025 11.568 194.800 2253.446 8.304 0.000 0.000 0.75
2019-05-05_01:43:30 00026 11.568 193.600 2239.565 8.312 0.400 3.325 0.75
2019-05-05_01:43:31 00027 11.560 199.200 2302.752 8.328 0.000 0.000 0.75
2019-05-05_01:43:32 00028 11.560 198.000 2288.880 8.336 0.400 3.334 0.75
2019-05-05_01:43:33 00029 11.560 192.800 2228.768 8.344 0.000 0.000 0.76
2019-05-05_01:43:34 00030 11.552 203.600 2351.987 8.352 0.400 3.341 0.76
2019-05-05_01:43:35 00031 11.552 199.600 2305.779 8.368 0.400 3.347 0.76
2019-05-05_01:43:36 00032 11.552 200.800 2319.642 8.376 0.400 3.350 0.76
2019-05-05_01:43:37 00033 11.552 198.800 2296.538 8.384 0.000 0.000 0.76
2019-05-05_01:43:38 00034 11.552 197.600 2282.675 8.400 0.000 0.000 0.76
2019-05-05_01:43:39 00035 11.552 193.200 2231.846 8.416 0.000 0.000 0.75
2019-05-05_01:43:40 00036 11.560 195.200 2256.512 8.304 0.000 0.000 0.75
2019-05-05_01:43:41 00037 11.560 197.200 2279.632 8.312 0.000 0.000 0.75
2019-05-05_01:43:42 00038 11.560 197.600 2284.256 8.336 0.400 3.334 0.75
2019-05-05_01:43:43 00039 11.560 196.800 2275.008 8.336 0.000 0.000 0.75
2019-05-05_01:43:44 00040 11.560 197.200 2279.632 8.352 0.000 0.000 0.76
2019-05-05_01:43:45 00041 11.560 196.000 2265.760 8.352 0.000 0.000 0.76
2019-05-05_01:43:46 00042 11.552 200.000 2310.400 8.368 0.400 3.347 0.76
2019-05-05_01:43:47 00043 11.560 194.400 2247.264 8.376 0.000 0.000 0.76
2019-05-05_01:43:48 00044 11.552 198.000 2287.296 8.384 0.000 0.000 0.76
2019-05-05_01:43:49 00045 11.552 197.200 2278.054 8.400 0.000 0.000 0.76
2019-05-05_01:43:50 00046 11.552 192.000 2217.984 8.416 0.000 0.000 0.75
2019-05-05_01:43:51 00047 11.568 194.400 2248.819 8.304 0.000 0.000 0.75
2019-05-05_01:43:52 00048 11.584 169.600 1964.646 8.320 0.400 3.328 0.75
2019-05-05_01:43:53 00049 11.560 196.800 2275.008 8.328 0.000 0.000 0.75
2019-05-05_01:43:54 00050 11.560 193.200 2233.392 8.336 0.000 0.000 0.75
2019-05-05_01:43:55 00051 11.560 194.000 2242.640 8.344 0.400 3.338 0.76
2019-05-05_01:43:56 00052 11.560 188.800 2182.528 8.360 0.400 3.344 0.76
2019-05-05_01:43:57 00053 11.552 196.400 2268.813 8.368 0.000 0.000 0.76
2019-05-05_01:43:58 00054 11.552 192.800 2227.226 8.376 0.400 3.350 0.76
2019-05-05_01:43:59 00055 11.552 194.800 2250.330 8.392 0.400 3.357 0.76
2019-05-05_01:44:00 00056 11.560 177.200 2048.432 8.400 0.000 0.000 0.76
2019-05-05_01:44:01 00057 11.560 196.400 2270.384 8.416 0.000 0.000 0.75
2019-05-05_01:44:02 00058 11.568 189.600 2193.293 8.304 0.000 0.000 0.75
2019-05-05_01:44:03 00059 11.568 191.200 2211.802 8.312 0.000 0.000 0.75
2019-05-05_01:44:04 00060 11.560 194.000 2242.640 8.328 0.000 0.000 0.75
2019-05-05_01:44:05 00061 11.568 190.000 2197.920 8.336 0.400 3.334 0.75
2019-05-05_01:44:06 00062 11.560 191.200 2210.272 8.344 0.400 3.338 0.76
2019-05-05_01:44:07 00063 11.560 197.200 2279.632 8.360 0.400 3.344 0.76
2019-05-05_01:44:08 00064 11.560 187.600 2168.656 8.368 0.000 0.000 0.76
2019-05-05_01:44:09 00065 11.552 191.600 2213.363 8.384 0.400 3.354 0.76
2019-05-05_01:44:10 00066 11.552 201.200 2324.262 8.384 0.400 3.354 0.76
2019-05-05_01:44:11 00067 11.552 194.000 2241.088 8.400 0.400 3.360 0.76
2019-05-05_01:44:12 00068 11.552 186.400 2153.293 8.424 0.000 0.000 0.75
2019-05-05_01:44:13 00069 11.560 194.800 2251.888 8.304 0.000 0.000 0.75
2019-05-05_01:44:14 00070 11.568 188.000 2174.784 8.312 0.000 0.000 0.75
2019-05-05_01:44:15 00071 11.560 188.000 2173.280 8.328 0.000 0.000 0.75
2019-05-05_01:44:16 00072 11.560 198.400 2293.504 8.336 0.400 3.334 0.75
2019-05-05_01:44:17 00073 11.560 186.400 2154.784 8.344 0.400 3.338 0.76
2019-05-05_01:44:18 00074 11.560 194.800 2251.888 8.360 0.400 3.344 0.76
2019-05-05_01:44:19 00075 11.560 190.800 2205.648 8.368 0.000 0.000 0.76
2019-05-05_01:44:20 00076 11.552 194.800 2250.330 8.376 0.400 3.350 0.76
2019-05-05_01:44:21 00077 11.552 180.000 2079.360 8.400 0.000 0.000 0.76
2019-05-05_01:44:22 00078 11.560 183.600 2122.416 8.416 0.400 3.366 0.75
2019-05-05_01:44:23 00079 11.576 194.000 2245.744 8.296 0.000 0.000 0.77
2019-05-05_01:44:24 00080 11.560 191.200 2210.272 8.552 0.000 0.000 0.76
2019-05-05_01:44:25 00081 11.552 192.800 2227.226 8.400 0.400 3.360 0.76
2019-05-05_01:44:26 00082 11.560 183.600 2122.416 8.432 0.000 0.000 0.75
2019-05-05_01:44:27 00083 11.584 170.000 1969.280 8.320 0.000 0.000 0.75
2019-05-05_01:44:28 00084 11.560 198.400 2293.504 8.312 0.000 0.000 0.75
2019-05-05_01:44:29 00085 11.568 194.800 2253.446 8.328 0.400 3.331 0.75
2019-05-05_01:44:30 00086 11.560 193.200 2233.392 8.336 0.000 0.000 0.75
2019-05-05_01:44:31 00087 11.568 174.400 2017.459 8.344 0.000 0.000 0.76
2019-05-05_01:44:32 00088 11.560 183.200 2117.792 8.360 0.400 3.344 0.76
2019-05-05_01:44:33 00089 11.560 194.000 2242.640 8.368 0.400 3.347 0.76
2019-05-05_01:44:34 00090 11.560 196.400 2270.384 8.376 0.400 3.350 0.76
2019-05-05_01:44:35 00091 11.560 186.800 2159.408 8.384 0.000 0.000 0.76
2019-05-05_01:44:36 00092 11.560 195.200 2256.512 8.400 0.000 0.000 0.76
2019-05-05_01:44:37 00093 11.560 189.600 2191.776 8.416 0.000 0.000 0.75
2019-05-05_01:44:38 00094 11.560 193.600 2238.016 8.304 0.000 0.000 0.75
2019-05-05_01:44:39 00095 11.568 186.800 2160.902 8.312 0.000 0.000 0.75
2019-05-05_01:44:40 00096 11.560 192.800 2228.768 8.328 0.400 3.331 0.75
2019-05-05_01:44:41 00097 11.560 198.000 2288.880 8.336 0.400 3.334 0.75
2019-05-05_01:44:42 00098 11.560 192.800 2228.768 8.352 0.400 3.341 0.76
2019-05-05_01:44:43 00099 11.560 196.400 2270.384 8.352 0.400 3.341 0.76
2019-05-05_01:44:44 00100 11.560 189.200 2187.152 8.360 0.400 3.344 0.76
2019-05-05_01:44:45 00101 11.552 195.200 2254.950 8.384 0.000 0.000 0.76