2019-05-05_00:18:58 02223 11.592 152.400 1766.621 8.360 0.000 0.000 0.75
2019-05-05_00:18:59 02224 11.592 153.200 1775.894 8.368 0.000 0.000 0.76
2019-05-05_00:19:00 02225 11.584 152.800 1770.035 8.384 0.400 3.354 0.76
2019-05-05_00:19:01 02226 11.584 152.400 1765.402 8.392 0.000 0.000 0.76
2019-05-05_00:19:02 02227 11.568 168.800 1952.678 8.392 0.400 3.357 0.76
2019-05-05_00:19:03 02228 11.576 161.600 1870.682 8.408 0.400 3.363 0.75
2019-05-05_00:19:04 02229 11.584 169.200 1960.013 8.304 0.000 0.000 0.75
2019-05-05_00:19:05 02230 11.600 152.800 1772.480 8.320 0.400 3.328 0.75
2019-05-05_00:19:06 02231 11.584 153.200 1774.669 8.328 0.000 0.000 0.75
2019-05-05_00:19:07 02232 11.584 179.200 2075.853 8.328 0.400 3.331 0.75
2019-05-05_00:19:08 02233 11.592 153.200 1775.894 8.352 0.400 3.341 0.75
2019-05-05_00:19:09 02234 11.576 169.200 1958.659 8.352 0.400 3.341 0.75
2019-05-05_00:19:10 02235 11.584 157.200 1821.005 8.368 0.400 3.347 0.76
2019-05-05_00:19:11 02236 11.592 152.800 1771.258 8.376 0.400 3.350 0.76
2019-05-05_00:19:12 02237 11.576 168.800 1954.029 8.384 0.400 3.354 0.76
2019-05-05_00:19:13 02238 11.584 152.400 1765.402 8.400 0.400 3.360 0.76
2019-05-05_00:19:14 02239 11.584 153.600 1779.302 8.408 0.400 3.363 0.75
2019-05-05_00:19:15 02240 11.592 159.200 1845.446 8.312 0.000 0.000 0.75
2019-05-05_00:19:16 02241 11.584 161.200 1867.341 8.320 0.000 0.000 0.75
2019-05-05_00:19:17 02242 11.592 154.000 1785.168 8.328 0.000 0.000 0.75
2019-05-05_00:19:18 02243 11.592 152.400 1766.621 8.336 0.000 0.000 0.75
2019-05-05_00:19:19 02244 11.584 170.000 1969.280 8.352 0.400 3.341 0.75
2019-05-05_00:19:20 02245 11.592 152.800 1771.258 8.360 0.000 0.000 0.75
2019-05-05_00:19:21 02246 11.592 152.800 1771.258 8.368 0.000 0.000 0.76
2019-05-05_00:19:22 02247 11.576 168.800 1954.029 8.376 0.000 0.000 0.76
2019-05-05_00:19:24 02248 11.584 152.400 1765.402 8.392 0.400 3.357 0.76
2019-05-05_00:19:25 02249 11.576 181.600 2102.202 8.392 0.000 0.000 0.76
2019-05-05_00:19:26 02250 11.584 163.600 1895.142 8.408 0.400 3.363 0.75
2019-05-05_00:19:27 02251 11.592 152.400 1766.621 8.312 0.000 0.000 0.75
2019-05-05_00:19:28 02252 11.584 168.800 1955.379 8.312 0.000 0.000 0.75
2019-05-05_00:19:29 02253 11.592 152.400 1766.621 8.328 0.400 3.331 0.75
2019-05-05_00:19:30 02254 11.584 172.800 2001.715 8.328 0.000 0.000 0.75
2019-05-05_00:19:31 02255 11.592 152.800 1771.258 8.352 0.400 3.341 0.75
2019-05-05_00:19:32 02256 11.592 152.800 1771.258 8.360 0.400 3.344 0.75
2019-05-05_00:19:33 02257 11.576 170.000 1967.920 8.360 0.000 0.000 0.76
2019-05-05_00:19:34 02258 11.584 160.000 1853.440 8.376 0.400 3.350 0.76
2019-05-05_00:19:35 02259 11.592 152.400 1766.621 8.392 0.400 3.357 0.76
2019-05-05_00:19:36 02260 11.576 158.000 1829.008 8.400 0.000 0.000 0.76
2019-05-05_00:19:37 02261 11.584 152.800 1770.035 8.408 0.400 3.363 0.75
2019-05-05_00:19:38 02262 11.600 152.400 1767.840 8.312 0.000 0.000 0.75
2019-05-05_00:19:39 02263 11.592 153.200 1775.894 8.320 0.400 3.328 0.75
2019-05-05_00:19:40 02264 11.592 154.000 1785.168 8.328 0.000 0.000 0.75
2019-05-05_00:19:41 02265 11.584 154.800 1793.203 8.336 0.400 3.334 0.75
2019-05-05_00:19:42 02266 11.584 160.400 1858.074 8.352 0.400 3.341 0.75
2019-05-05_00:19:43 02267 11.584 168.800 1955.379 8.352 0.400 3.341 0.75
2019-05-05_00:19:44 02268 11.592 152.400 1766.621 8.368 0.400 3.347 0.76
2019-05-05_00:19:45 02269 11.576 169.200 1958.659 8.368 0.400 3.347 0.76
2019-05-05_00:19:46 02270 11.584 152.800 1770.035 8.392 0.400 3.357 0.76
2019-05-05_00:19:47 02271 11.584 162.000 1876.608 8.400 0.400 3.360 0.76
2019-05-05_00:19:48 02272 11.576 168.800 1954.029 8.400 0.400 3.360 0.76
2019-05-05_00:19:49 02273 11.584 152.800 1770.035 8.424 0.000 0.000 0.75
2019-05-05_00:19:50 02274 11.584 177.200 2052.685 8.312 0.000 0.000 0.75
2019-05-05_00:19:51 02275 11.592 152.800 1771.258 8.328 0.000 0.000 0.75
2019-05-05_00:19:52 02276 11.592 152.800 1771.258 8.336 0.400 3.334 0.75
2019-05-05_00:19:53 02277 11.568 169.600 1961.933 8.344 0.000 0.000 0.75
2019-05-05_00:19:54 02278 11.592 162.000 1877.904 8.360 0.400 3.344 0.75
2019-05-05_00:19:55 02279 11.576 168.400 1949.398 8.360 0.000 0.000 0.76
2019-05-05_00:19:56 02280 11.592 154.000 1785.168 8.384 0.400 3.354 0.76
2019-05-05_00:19:57 02281 11.592 152.400 1766.621 8.392 0.400 3.357 0.76
2019-05-05_00:19:58 02282 11.584 154.000 1783.936 8.400 0.400 3.360 0.76
2019-05-05_00:19:59 02283 11.576 152.400 1764.182 8.408 0.000 0.000 0.75
2019-05-05_00:20:00 02284 11.592 162.400 1882.541 8.312 0.400 3.325 0.75
2019-05-05_00:20:01 02285 11.600 152.400 1767.840 8.320 0.400 3.328 0.75
2019-05-05_00:20:02 02286 11.592 152.800 1771.258 8.328 0.400 3.331 0.75
2019-05-05_00:20:03 02287 11.592 152.800 1771.258 8.336 0.000 0.000 0.75
2019-05-05_00:20:04 02288 11.592 152.400 1766.621 8.352 0.400 3.341 0.75
2019-05-05_00:20:05 02289 11.576 184.000 2129.984 8.352 0.400 3.341 0.75
2019-05-05_00:20:06 02290 11.592 152.400 1766.621 8.368 0.000 0.000 0.76
2019-05-05_00:20:07 02291 11.584 152.800 1770.035 8.376 0.400 3.350 0.76
2019-05-05_00:20:08 02292 11.576 169.200 1958.659 8.384 0.000 0.000 0.76
2019-05-05_00:20:09 02293 11.584 162.800 1885.875 8.400 0.400 3.360 0.76
2019-05-05_00:20:10 02294 11.576 168.400 1949.398 8.400 0.400 3.360 0.76
2019-05-05_00:20:11 02295 11.568 152.400 1762.963 8.424 0.000 0.000 0.75
2019-05-05_00:20:12 02296 11.592 153.600 1780.531 8.320 0.000 0.000 0.75
2019-05-05_00:20:13 02297 11.584 179.200 2075.853 8.320 0.000 0.000 0.75
2019-05-05_00:20:14 02298 11.592 152.400 1766.621 8.336 0.400 3.334 0.75
2019-05-05_00:20:15 02299 11.584 178.000 2061.952 8.344 0.400 3.338 0.75
2019-05-05_00:20:16 02300 11.592 162.400 1882.541 8.360 0.400 3.344 0.75
2019-05-05_00:20:17 02301 11.592 152.800 1771.258 8.368 0.000 0.000 0.76
2019-05-05_00:20:18 02302 11.576 169.200 1958.659 8.368 0.000 0.000 0.76
2019-05-05_00:20:19 02303 11.576 159.200 1842.899 8.392 0.000 0.000 0.76
2019-05-05_00:20:20 02304 11.576 168.800 1954.029 8.392 0.000 0.000 0.76
2019-05-05_00:20:21 02305 11.584 152.800 1770.035 8.416 0.000 0.000 0.75
2019-05-05_00:20:22 02306 11.592 156.000 1808.352 8.304 0.400 3.322 0.75
2019-05-05_00:20:23 02307 11.584 155.600 1802.470 8.320 0.000 0.000 0.75
2019-05-05_00:20:24 02308 11.592 162.400 1882.541 8.328 0.000 0.000 0.75
2019-05-05_00:20:25 02309 11.592 152.800 1771.258 8.336 0.000 0.000 0.75
2019-05-05_00:20:26 02310 11.592 152.800 1771.258 8.352 0.400 3.341 0.75
2019-05-05_00:20:27 02311 11.584 152.400 1765.402 8.360 0.400 3.344 0.75
2019-05-05_00:20:28 02312 11.576 168.800 1954.029 8.360 0.400 3.344 0.76
2019-05-05_00:20:29 02313 11.592 152.800 1771.258 8.384 0.400 3.354 0.76
2019-05-05_00:20:30 02314 11.576 168.400 1949.398 8.384 0.400 3.354 0.76
2019-05-05_00:20:31 02315 11.584 152.400 1765.402 8.400 0.400 3.360 0.76
2019-05-05_00:20:32 02316 11.576 152.800 1768.813 8.408 0.000 0.000 0.75
2019-05-05_00:20:33 02317 11.584 168.800 1955.379 8.304 0.000 0.000 0.75
2019-05-05_00:20:34 02318 11.592 152.800 1771.258 8.320 0.000 0.000 0.75
2019-05-05_00:20:35 02319 11.584 176.000 2038.784 8.320 0.000 0.000 0.75
2019-05-05_00:20:36 02320 11.592 152.800 1771.258 8.336 0.400 3.334 0.75
2019-05-05_00:20:37 02321 11.592 152.400 1766.621 8.352 0.000 0.000 0.75
2019-05-05_00:20:38 02322 11.576 168.400 1949.398 8.352 0.400 3.341 0.75
2019-05-05_00:20:39 02323 11.592 153.200 1775.894 8.368 0.400 3.347 0.76