2019-05-05_01:37:24 00102 11.592 153.600 1780.531 8.344 0.400 3.338 0.75
2019-05-05_01:37:25 00103 11.584 154.800 1793.203 8.360 0.000 0.000 0.75
2019-05-05_01:37:26 00104 11.560 186.000 2150.160 8.360 0.400 3.344 0.76
2019-05-05_01:37:27 00105 11.584 166.000 1922.944 8.376 0.400 3.350 0.76
2019-05-05_01:37:28 00106 11.576 173.600 2009.594 8.376 0.000 0.000 0.76
2019-05-05_01:37:29 00107 11.576 156.400 1810.486 8.400 0.400 3.360 0.76
2019-05-05_01:37:30 00108 11.576 164.400 1903.094 8.408 0.400 3.363 0.75
2019-05-05_01:37:31 00109 11.584 170.000 1969.280 8.296 0.000 0.000 0.77
2019-05-05_01:37:32 00110 11.576 157.200 1819.747 8.544 0.000 0.000 0.76
2019-05-05_01:37:33 00111 11.560 172.400 1992.944 8.400 0.400 3.360 0.76
2019-05-05_01:37:34 00112 11.560 194.800 2251.888 8.400 0.000 0.000 0.76
2019-05-05_01:37:35 00113 11.552 198.000 2287.296 8.416 0.000 0.000 0.75
2019-05-05_01:37:36 00114 11.560 197.600 2284.256 8.304 0.000 0.000 0.75
2019-05-05_01:37:37 00115 11.560 196.800 2275.008 8.312 0.000 0.000 0.75
2019-05-05_01:37:38 00116 11.560 194.000 2242.640 8.320 0.400 3.328 0.75
2019-05-05_01:37:39 00117 11.560 190.800 2205.648 8.336 0.000 0.000 0.75
2019-05-05_01:37:40 00118 11.560 196.800 2275.008 8.352 0.400 3.341 0.76
2019-05-05_01:37:41 00119 11.560 198.400 2293.504 8.352 0.400 3.341 0.76
2019-05-05_01:37:42 00120 11.552 193.600 2236.467 8.368 0.400 3.347 0.76
2019-05-05_01:37:43 00121 11.552 196.000 2264.192 8.376 0.000 0.000 0.76
2019-05-05_01:37:44 00122 11.552 194.800 2250.330 8.384 0.000 0.000 0.76
2019-05-05_01:37:45 00123 11.552 195.200 2254.950 8.400 0.000 0.000 0.76
2019-05-05_01:37:46 00124 11.552 199.600 2305.779 8.416 0.000 0.000 0.75
2019-05-05_01:37:47 00125 11.560 196.400 2270.384 8.304 0.000 0.000 0.75
2019-05-05_01:37:48 00126 11.560 195.600 2261.136 8.312 0.000 0.000 0.75
2019-05-05_01:37:49 00127 11.560 198.000 2288.880 8.320 0.400 3.328 0.75
2019-05-05_01:37:50 00128 11.560 198.400 2293.504 8.336 0.400 3.334 0.75
2019-05-05_01:37:51 00129 11.560 195.600 2261.136 8.344 0.000 0.000 0.76
2019-05-05_01:37:52 00130 11.552 198.000 2287.296 8.352 0.000 0.000 0.76
2019-05-05_01:37:53 00131 11.560 196.000 2265.760 8.360 0.400 3.344 0.76
2019-05-05_01:37:54 00132 11.560 197.200 2279.632 8.376 0.000 0.000 0.76
2019-05-05_01:37:55 00133 11.560 196.400 2270.384 8.384 0.000 0.000 0.76
2019-05-05_01:37:56 00134 11.552 196.400 2268.813 8.400 0.000 0.000 0.76
2019-05-05_01:37:57 00135 11.552 192.800 2227.226 8.416 0.000 0.000 0.75
2019-05-05_01:37:58 00136 11.568 195.600 2262.701 8.304 0.000 0.000 0.75
2019-05-05_01:37:59 00137 11.560 200.000 2312.000 8.312 0.000 0.000 0.75
2019-05-05_01:38:00 00138 11.560 199.600 2307.376 8.328 0.000 0.000 0.75
2019-05-05_01:38:01 00139 11.560 193.600 2238.016 8.336 0.400 3.334 0.75
2019-05-05_01:38:02 00140 11.560 194.400 2247.264 8.344 0.400 3.338 0.76
2019-05-05_01:38:03 00141 11.568 196.400 2271.955 8.352 0.000 0.000 0.76
2019-05-05_01:38:04 00142 11.560 190.000 2196.400 8.368 0.400 3.347 0.76
2019-05-05_01:38:05 00143 11.552 199.200 2301.158 8.376 0.000 0.000 0.76
2019-05-05_01:38:06 00144 11.568 191.600 2216.429 8.384 0.400 3.354 0.76
2019-05-05_01:38:07 00145 11.560 196.000 2265.760 8.400 0.000 0.000 0.76
2019-05-05_01:38:08 00146 11.560 196.800 2275.008 8.416 0.000 0.000 0.75
2019-05-05_01:38:09 00147 11.568 190.000 2197.920 8.304 0.400 3.322 0.75
2019-05-05_01:38:10 00148 11.568 198.000 2290.464 8.312 0.000 0.000 0.75
2019-05-05_01:38:11 00149 11.560 196.800 2275.008 8.328 0.400 3.331 0.75
2019-05-05_01:38:12 00150 11.560 198.400 2293.504 8.336 0.000 0.000 0.75
2019-05-05_01:38:13 00151 11.568 189.600 2193.293 8.352 0.000 0.000 0.76
2019-05-05_01:38:14 00152 11.552 191.200 2208.742 8.352 0.000 0.000 0.76
2019-05-05_01:38:15 00153 11.560 195.600 2261.136 8.368 0.400 3.347 0.76
2019-05-05_01:38:16 00154 11.552 193.600 2236.467 8.384 0.000 0.000 0.76
2019-05-05_01:38:17 00155 11.552 196.400 2268.813 8.392 0.000 0.000 0.76
2019-05-05_01:38:18 00156 11.552 199.200 2301.158 8.400 0.000 0.000 0.76
2019-05-05_01:38:19 00157 11.552 196.000 2264.192 8.416 0.000 0.000 0.75
2019-05-05_01:38:20 00158 11.568 197.600 2285.837 8.304 0.000 0.000 0.75
2019-05-05_01:38:21 00159 11.568 191.200 2211.802 8.312 0.000 0.000 0.75
2019-05-05_01:38:22 00160 11.568 190.800 2207.174 8.328 0.000 0.000 0.75
2019-05-05_01:38:23 00161 11.568 197.200 2281.210 8.336 0.000 0.000 0.75
2019-05-05_01:38:24 00162 11.560 197.200 2279.632 8.352 0.400 3.341 0.76
2019-05-05_01:38:25 00163 11.560 194.400 2247.264 8.360 0.000 0.000 0.76
2019-05-05_01:38:26 00164 11.552 194.800 2250.330 8.368 0.400 3.347 0.76
2019-05-05_01:38:27 00165 11.560 185.600 2145.536 8.384 0.400 3.354 0.76
2019-05-05_01:38:28 00166 11.560 186.000 2150.160 8.392 0.000 0.000 0.76
2019-05-05_01:38:29 00167 11.560 188.400 2177.904 8.416 0.000 0.000 0.75
2019-05-05_01:38:30 00168 11.576 196.400 2273.526 8.296 0.000 0.000 0.77
2019-05-05_01:38:31 00169 11.552 189.200 2185.638 8.544 0.000 0.000 0.76
2019-05-05_01:38:32 00170 11.560 191.200 2210.272 8.408 0.400 3.363 0.75
2019-05-05_01:38:33 00171 11.568 190.000 2197.920 8.296 0.000 0.000 0.77
2019-05-05_01:38:34 00172 11.552 196.400 2268.813 8.536 0.000 0.000 0.76
2019-05-05_01:38:35 00173 11.552 194.800 2250.330 8.400 0.000 0.000 0.76
2019-05-05_01:38:36 00174 11.560 193.600 2238.016 8.416 0.000 0.000 0.75
2019-05-05_01:38:37 00175 11.568 196.400 2271.955 8.304 0.400 3.322 0.75
2019-05-05_01:38:38 00176 11.584 177.600 2057.318 8.328 0.400 3.331 0.75
2019-05-05_01:38:39 00177 11.568 195.200 2258.074 8.328 0.400 3.331 0.75
2019-05-05_01:38:40 00178 11.560 195.200 2256.512 8.336 0.400 3.334 0.75
2019-05-05_01:38:41 00179 11.560 193.200 2233.392 8.352 0.400 3.341 0.76
2019-05-05_01:38:42 00180 11.568 191.600 2216.429 8.360 0.000 0.000 0.76
2019-05-05_01:38:43 00181 11.560 191.200 2210.272 8.368 0.400 3.347 0.76
2019-05-05_01:38:44 00182 11.552 200.000 2310.400 8.376 0.400 3.350 0.76
2019-05-05_01:38:45 00183 11.552 196.800 2273.434 8.392 0.000 0.000 0.76
2019-05-05_01:38:46 00184 11.552 194.800 2250.330 8.400 0.000 0.000 0.76
2019-05-05_01:38:47 00185 11.560 196.000 2265.760 8.416 0.000 0.000 0.75
2019-05-05_01:38:48 00186 11.560 192.000 2219.520 8.304 0.000 0.000 0.75
2019-05-05_01:38:49 00187 11.560 190.800 2205.648 8.312 0.000 0.000 0.75
2019-05-05_01:38:50 00188 11.560 196.800 2275.008 8.328 0.000 0.000 0.75
2019-05-05_01:38:51 00189 11.560 194.800 2251.888 8.336 0.000 0.000 0.75
2019-05-05_01:38:52 00190 11.560 194.000 2242.640 8.352 0.000 0.000 0.76
2019-05-05_01:38:53 00191 11.560 197.600 2284.256 8.360 0.400 3.344 0.76
2019-05-05_01:38:54 00192 11.560 188.400 2177.904 8.368 0.000 0.000 0.76
2019-05-05_01:38:55 00193 11.552 200.800 2319.642 8.376 0.400 3.350 0.76
2019-05-05_01:38:56 00194 11.560 198.000 2288.880 8.384 0.400 3.354 0.76
2019-05-05_01:38:57 00195 11.552 195.200 2254.950 8.400 0.400 3.360 0.76
2019-05-05_01:38:58 00196 11.552 196.800 2273.434 8.416 0.000 0.000 0.75
2019-05-05_01:38:59 00197 11.568 184.800 2137.766 8.312 0.400 3.325 0.75
2019-05-05_01:39:00 00198 11.560 193.600 2238.016 8.320 0.400 3.328 0.75
2019-05-05_01:39:01 00199 11.560 185.200 2140.912 8.328 0.000 0.000 0.75
2019-05-05_01:39:02 00200 11.568 196.400 2271.955 8.336 0.400 3.334 0.75
2019-05-05_01:39:03 00201 11.560 193.600 2238.016 8.344 0.000 0.000 0.76
2019-05-05_01:39:04 00202 11.552 195.600 2259.571 8.352 0.000 0.000 0.76