2019-05-05_21:49:27 01112 2.240 -0.800 -1.792 7.928 216.000 1712.448 0.00
2019-05-05_21:49:28 01113 2.240 -0.800 -1.792 7.952 193.600 1539.507 0.00
2019-05-05_21:49:29 01114 2.240 -0.800 -1.792 7.952 191.600 1523.603 0.00
2019-05-05_21:49:30 01115 2.240 -0.800 -1.792 7.952 192.000 1526.784 0.00
2019-05-05_21:49:31 01116 2.240 -0.400 -0.896 7.952 192.400 1529.965 0.00
2019-05-05_21:49:32 01117 2.240 -0.800 -1.792 7.952 192.000 1526.784 0.00
2019-05-05_21:49:33 01118 2.240 -0.800 -1.792 7.952 191.600 1523.603 0.00
2019-05-05_21:49:34 01119 2.240 -0.800 -1.792 7.952 192.400 1529.965 0.00
2019-05-05_21:49:35 01120 2.240 -0.800 -1.792 7.936 192.400 1526.886 0.00
2019-05-05_21:49:36 01121 2.240 -0.800 -1.792 7.952 192.400 1529.965 0.00
2019-05-05_21:49:37 01122 2.240 -0.800 -1.792 7.952 192.000 1526.784 0.00
2019-05-05_21:49:38 01123 2.240 -0.800 -1.792 7.936 192.400 1526.886 0.00
2019-05-05_21:49:39 01124 2.240 -0.800 -1.792 7.952 192.400 1529.965 0.00
2019-05-05_21:49:40 01125 2.240 -0.800 -1.792 7.952 192.000 1526.784 0.00
2019-05-05_21:49:41 01126 2.240 -0.800 -1.792 7.952 193.200 1536.326 0.00
2019-05-05_21:49:42 01127 2.240 -0.800 -1.792 7.952 192.000 1526.784 0.00
2019-05-05_21:49:43 01128 2.240 -0.800 -1.792 7.952 192.000 1526.784 0.00
2019-05-05_21:49:44 01129 2.240 -0.800 -1.792 7.952 192.000 1526.784 0.00
2019-05-05_21:49:45 01130 2.240 -0.800 -1.792 7.952 192.000 1526.784 0.00
2019-05-05_21:49:46 01131 2.240 -0.800 -1.792 7.952 192.400 1529.965 0.00
2019-05-05_21:49:47 01132 2.240 -0.800 -1.792 7.952 192.800 1533.146 0.00
2019-05-05_21:49:48 01133 2.240 -0.800 -1.792 7.952 192.800 1533.146 0.00
2019-05-05_21:49:49 01134 2.240 -0.800 -1.792 7.952 202.400 1609.485 0.00
2019-05-05_21:49:50 01135 2.240 -0.800 -1.792 7.928 216.000 1712.448 0.00
2019-05-05_21:49:51 01136 2.240 -0.800 -1.792 7.944 192.000 1525.248 0.00
2019-05-05_21:49:52 01137 2.240 -0.800 -1.792 7.952 192.400 1529.965 0.00
2019-05-05_21:49:53 01138 2.240 -0.800 -1.792 7.952 194.400 1545.869 0.00
2019-05-05_21:49:54 01139 2.240 -0.800 -1.792 7.952 193.200 1536.326 0.00
2019-05-05_21:49:55 01140 2.240 -0.800 -1.792 7.952 191.600 1523.603 0.00
2019-05-05_21:49:56 01141 2.240 -0.800 -1.792 7.944 192.400 1528.426 0.00
2019-05-05_21:49:57 01142 2.240 -0.800 -1.792 7.944 192.000 1525.248 0.00
2019-05-05_21:49:58 01143 2.240 -0.800 -1.792 7.952 191.600 1523.603 0.00
2019-05-05_21:49:59 01144 2.240 -0.800 -1.792 7.944 192.400 1528.426 0.00
2019-05-05_21:50:00 01145 2.240 -0.800 -1.792 7.944 193.200 1534.781 0.00
2019-05-05_21:50:01 01146 2.240 -0.800 -1.792 7.952 201.600 1603.123 0.00
2019-05-05_21:50:02 01147 2.240 -0.800 -1.792 7.944 192.800 1531.603 0.00
2019-05-05_21:50:03 01148 2.240 -0.800 -1.792 7.952 192.000 1526.784 0.00
2019-05-05_21:50:04 01149 2.240 -0.800 -1.792 7.936 192.800 1530.061 0.00
2019-05-05_21:50:05 01150 2.240 -0.800 -1.792 7.952 191.600 1523.603 0.00
2019-05-05_21:50:06 01151 2.240 -0.800 -1.792 7.944 192.000 1525.248 0.00
2019-05-05_21:50:07 01152 2.240 -0.800 -1.792 7.944 192.400 1528.426 0.00
2019-05-05_21:50:08 01153 2.240 -0.800 -1.792 7.952 192.000 1526.784 0.00
2019-05-05_21:50:09 01154 2.240 -0.800 -1.792 7.952 192.000 1526.784 0.00
2019-05-05_21:50:10 01155 2.240 -0.400 -0.896 7.944 192.400 1528.426 0.00
2019-05-05_21:50:11 01156 2.240 -0.800 -1.792 7.952 192.400 1529.965 0.00
2019-05-05_21:50:12 01157 2.240 -0.800 -1.792 7.936 192.400 1526.886 0.00
2019-05-05_21:50:13 01158 2.240 -0.800 -1.792 7.952 192.800 1533.146 0.00
2019-05-05_21:50:14 01159 2.240 -0.800 -1.792 7.952 192.000 1526.784 0.00
2019-05-05_21:50:15 01160 2.240 -0.800 -1.792 7.944 192.400 1528.426 0.00
2019-05-05_21:50:16 01161 2.240 -0.800 -1.792 7.944 192.000 1525.248 0.00
2019-05-05_21:50:17 01162 2.240 -0.800 -1.792 7.944 192.800 1531.603 0.00
2019-05-05_21:50:18 01163 2.240 -0.800 -1.792 7.944 192.000 1525.248 0.00
2019-05-05_21:50:19 01164 2.240 -0.800 -1.792 7.936 192.400 1526.886 0.00
2019-05-05_21:50:20 01165 2.240 -0.800 -1.792 7.928 216.400 1715.619 0.00
2019-05-05_21:50:21 01166 2.240 -0.800 -1.792 7.944 191.600 1522.070 0.00
2019-05-05_21:50:22 01167 2.240 -0.800 -1.792 7.944 196.000 1557.024 0.00
2019-05-05_21:50:23 01168 2.240 -0.800 -1.792 7.944 192.000 1525.248 0.00
2019-05-05_21:50:24 01169 2.240 -0.800 -1.792 7.952 193.600 1539.507 0.00
2019-05-05_21:50:25 01170 2.240 -0.800 -1.792 7.944 192.400 1528.426 0.00
2019-05-05_21:50:26 01171 2.240 -0.800 -1.792 7.952 192.400 1529.965 0.00
2019-05-05_21:50:27 01172 2.240 -0.800 -1.792 7.944 192.400 1528.426 0.00
2019-05-05_21:50:28 01173 2.240 -0.800 -1.792 7.952 192.000 1526.784 0.00
2019-05-05_21:50:29 01174 2.240 -0.800 -1.792 7.944 192.400 1528.426 0.00
2019-05-05_21:50:30 01175 2.240 -0.800 -1.792 7.936 193.600 1536.410 0.00
2019-05-05_21:50:31 01176 2.240 -0.800 -1.792 7.944 192.800 1531.603 0.00
2019-05-05_21:50:32 01177 2.240 -0.800 -1.792 7.944 193.200 1534.781 0.00
2019-05-05_21:50:33 01178 2.240 -0.800 -1.792 7.936 192.400 1526.886 0.00
2019-05-05_21:50:34 01179 2.240 -0.800 -1.792 7.944 192.800 1531.603 0.00
2019-05-05_21:50:35 01180 2.240 -0.800 -1.792 7.944 192.400 1528.426 0.00
2019-05-05_21:50:36 01181 2.240 -0.800 -1.792 7.944 201.200 1598.333 0.00
2019-05-05_21:50:37 01182 2.240 -0.400 -0.896 7.944 192.800 1531.603 0.00
2019-05-05_21:50:38 01183 2.240 -0.800 -1.792 7.944 193.600 1537.958 0.00
2019-05-05_21:50:39 01184 2.240 -0.800 -1.792 7.944 192.000 1525.248 0.00
2019-05-05_21:50:40 01185 2.240 -0.800 -1.792 7.944 192.000 1525.248 0.00
2019-05-05_21:50:41 01186 2.240 -0.800 -1.792 7.952 192.000 1526.784 0.00
2019-05-05_21:50:42 01187 2.240 -0.800 -1.792 7.944 192.000 1525.248 0.00
2019-05-05_21:50:43 01188 2.240 -0.800 -1.792 7.944 192.400 1528.426 0.00
2019-05-05_21:50:44 01189 2.240 -0.400 -0.896 7.944 191.600 1522.070 0.00
2019-05-05_21:50:45 01190 2.240 -0.800 -1.792 7.944 192.400 1528.426 0.00
2019-05-05_21:50:46 01191 2.240 -0.800 -1.792 7.944 192.000 1525.248 0.00
2019-05-05_21:50:47 01192 2.240 -0.800 -1.792 7.944 191.600 1522.070 0.00
2019-05-05_21:50:48 01193 2.240 -0.800 -1.792 7.944 192.400 1528.426 0.00
2019-05-05_21:50:49 01194 2.240 -0.800 -1.792 7.944 192.400 1528.426 0.00
2019-05-05_21:50:50 01195 2.240 -0.400 -0.896 7.936 191.600 1520.538 0.00
2019-05-05_21:50:51 01196 2.240 -0.800 -1.792 7.944 200.400 1591.978 0.00
2019-05-05_21:50:52 01197 2.240 -0.800 -1.792 7.944 192.400 1528.426 0.00
2019-05-05_21:50:53 01198 2.240 -0.800 -1.792 7.944 192.000 1525.248 0.00
2019-05-05_21:50:54 01199 2.240 -0.800 -1.792 7.944 192.000 1525.248 0.00
2019-05-05_21:50:55 01200 2.240 -0.800 -1.792 7.944 192.800 1531.603 0.00
2019-05-05_21:50:56 01201 2.240 -0.800 -1.792 7.944 196.400 1560.202 0.00
2019-05-05_21:50:57 01202 2.240 -0.800 -1.792 7.944 192.800 1531.603 0.00
2019-05-05_21:50:58 01203 2.240 -0.800 -1.792 7.944 192.400 1528.426 0.00
2019-05-05_21:50:59 01204 2.240 -0.800 -1.792 7.928 192.000 1522.176 0.00
2019-05-05_21:51:00 01205 2.240 -0.800 -1.792 7.944 192.400 1528.426 0.00
2019-05-05_21:51:01 01206 2.240 -0.800 -1.792 7.944 192.000 1525.248 0.00
2019-05-05_21:51:02 01207 2.240 -0.800 -1.792 7.944 194.000 1541.136 0.00
2019-05-05_21:51:03 01208 2.240 -0.800 -1.792 7.944 191.600 1522.070 0.00
2019-05-05_21:51:04 01209 2.240 -0.800 -1.792 7.944 195.600 1553.846 0.00
2019-05-05_21:51:05 01210 2.240 -0.800 -1.792 7.944 192.000 1525.248 0.00
2019-05-05_21:51:06 01211 2.240 -0.800 -1.792 7.944 192.400 1528.426 0.00
2019-05-05_21:51:07 01212 2.240 -0.800 -1.792 7.936 191.600 1520.538 0.00