2019-05-04_01:40:49 00043 16.808 162.000 2722.896 8.424 0.000 0.000 0.51
2019-05-04_01:40:50 00044 16.792 160.000 2686.720 8.248 0.400 3.299 0.53
2019-05-04_01:40:51 00045 16.784 164.400 2759.290 8.576 0.400 3.430 0.52
2019-05-04_01:40:52 00046 16.808 160.800 2702.726 8.424 0.400 3.370 0.51
2019-05-04_01:40:53 00047 16.800 162.000 2721.600 8.248 0.000 0.000 0.53
2019-05-04_01:40:54 00048 16.792 161.200 2706.870 8.576 0.400 3.430 0.52
2019-05-04_01:40:55 00049 16.800 159.200 2674.560 8.424 0.000 0.000 0.51
2019-05-04_01:40:56 00050 16.800 161.600 2714.880 8.248 0.000 0.000 0.53
2019-05-04_01:40:57 00051 16.792 162.800 2733.738 8.576 0.400 3.430 0.52
2019-05-04_01:40:58 00052 16.800 162.800 2735.040 8.424 0.400 3.370 0.51
2019-05-04_01:40:59 00053 16.800 161.600 2714.880 8.248 0.000 0.000 0.53
2019-05-04_01:41:00 00054 16.784 162.800 2732.435 8.584 0.400 3.434 0.52
2019-05-04_01:41:01 00055 16.800 162.000 2721.600 8.424 0.000 0.000 0.51
2019-05-04_01:41:02 00056 16.800 160.800 2701.440 8.248 0.000 0.000 0.53
2019-05-04_01:41:03 00057 16.792 162.800 2733.738 8.576 0.400 3.430 0.52
2019-05-04_01:41:04 00058 16.808 162.000 2722.896 8.424 0.000 0.000 0.51
2019-05-04_01:41:05 00059 16.800 160.400 2694.720 8.248 0.000 0.000 0.53
2019-05-04_01:41:06 00060 16.784 162.400 2725.722 8.576 0.400 3.430 0.52
2019-05-04_01:41:07 00061 16.800 162.800 2735.040 8.424 0.000 0.000 0.51
2019-05-04_01:41:08 00062 16.800 160.000 2688.000 8.248 0.000 0.000 0.53
2019-05-04_01:41:09 00063 16.784 163.200 2739.149 8.576 0.400 3.430 0.52