2019-05-07_00:21:41 07290 1.032 -5.200 -5.366 7.944 185.200 1471.229 0.00
2019-05-07_00:21:51 07300 1.032 -5.200 -5.366 7.976 143.600 1145.354 0.00
2019-05-07_00:22:01 07310 1.032 -5.200 -5.366 7.976 145.600 1161.306 0.00
2019-05-07_00:22:11 07320 1.032 -5.200 -5.366 7.968 148.400 1182.451 0.00
2019-05-07_00:22:21 07330 1.040 -5.200 -5.408 7.968 147.200 1172.890 0.00
2019-05-07_00:22:31 07340 1.032 -5.200 -5.366 7.936 156.800 1244.365 0.00
2019-05-07_00:22:41 07350 1.040 -5.200 -5.408 7.976 154.800 1234.685 0.00
2019-05-07_00:22:51 07360 1.032 -5.200 -5.366 7.968 148.400 1182.451 0.00
2019-05-07_00:23:01 07370 1.040 -5.200 -5.408 7.976 145.600 1161.306 0.00
2019-05-07_00:23:11 07380 1.040 -5.200 -5.408 7.944 183.600 1458.518 0.00
2019-05-07_00:23:21 07390 1.040 -5.200 -5.408 7.968 145.200 1156.954 0.00
2019-05-07_00:23:31 07400 1.040 -5.200 -5.408 7.976 145.600 1161.306 0.00
2019-05-07_00:23:41 07410 1.040 -5.200 -5.408 7.968 148.000 1179.264 0.00
2019-05-07_00:23:51 07420 1.040 -5.200 -5.408 7.968 148.400 1182.451 0.00
2019-05-07_00:24:01 07430 1.040 -5.200 -5.408 7.968 148.000 1179.264 0.00
2019-05-07_00:24:11 07440 1.040 -5.200 -5.408 7.968 148.400 1182.451 0.00
2019-05-07_00:24:21 07450 1.040 -5.200 -5.408 7.952 172.800 1374.106 0.00
2019-05-07_00:24:31 07460 1.040 -5.200 -5.408 7.968 144.000 1147.392 0.00
2019-05-07_00:24:41 07470 1.040 -5.200 -5.408 7.968 145.200 1156.954 0.00
2019-05-07_00:24:51 07480 1.040 -5.200 -5.408 7.968 142.400 1134.643 0.00
2019-05-07_00:25:01 07490 1.040 -5.200 -5.408 7.936 185.600 1472.922 0.00
2019-05-07_00:25:11 07500 1.040 -5.200 -5.408 7.968 145.200 1156.954 0.00
2019-05-07_00:25:21 07510 1.040 -5.200 -5.408 7.968 148.000 1179.264 0.00
2019-05-07_00:25:31 07520 1.040 -5.200 -5.408 7.968 154.000 1227.072 0.00
2019-05-07_00:25:41 07530 1.040 -5.200 -5.408 7.936 189.600 1504.666 0.00
2019-05-07_00:25:51 07540 1.040 -5.200 -5.408 7.952 146.800 1167.354 0.00
2019-05-07_00:26:01 07550 1.040 -5.200 -5.408 7.968 154.400 1230.259 0.00
2019-05-07_00:26:11 07560 1.040 -5.200 -5.408 7.968 143.600 1144.205 0.00
2019-05-07_00:26:21 07570 1.040 -5.200 -5.408 7.936 183.600 1457.050 0.00
2019-05-07_00:26:31 07580 1.040 -5.200 -5.408 7.968 145.200 1156.954 0.00
2019-05-07_00:26:41 07590 1.040 -5.200 -5.408 7.960 145.200 1155.792 0.00
2019-05-07_00:26:51 07600 1.040 -5.200 -5.408 7.968 152.400 1214.323 0.00
2019-05-07_00:27:01 07610 1.040 -5.200 -5.408 7.936 188.400 1495.142 0.00
2019-05-07_00:27:11 07620 1.040 -5.200 -5.408 7.968 149.200 1188.826 0.00
2019-05-07_00:27:21 07630 1.040 -5.200 -5.408 7.968 149.200 1188.826 0.00
2019-05-07_00:27:31 07640 1.040 -5.200 -5.408 7.936 182.000 1444.352 0.00
2019-05-07_00:27:41 07650 1.040 -5.200 -5.408 7.936 182.800 1450.701 0.00
2019-05-07_00:27:51 07660 1.040 -5.200 -5.408 7.928 191.600 1519.005 0.00
2019-05-07_00:28:01 07670 1.040 -5.200 -5.408 7.968 148.000 1179.264 0.00
2019-05-07_00:28:12 07680 1.040 -5.200 -5.408 7.968 145.200 1156.954 0.00
2019-05-07_00:28:22 07690 1.040 -5.200 -5.408 7.928 194.000 1538.032 0.00
2019-05-07_00:28:32 07700 1.040 -5.200 -5.408 7.968 148.800 1185.638 0.00
2019-05-07_00:28:42 07710 1.040 -5.200 -5.408 7.960 147.200 1171.712 0.00
2019-05-07_00:28:52 07720 1.040 -5.200 -5.408 7.960 147.600 1174.896 0.00
2019-05-07_00:29:02 07730 1.040 -5.200 -5.408 7.936 189.600 1504.666 0.00
2019-05-07_00:29:12 07740 1.040 -5.200 -5.408 7.968 144.400 1150.579 0.00
2019-05-07_00:29:22 07750 1.040 -5.200 -5.408 7.968 145.600 1160.141 0.00
2019-05-07_00:29:32 07760 1.040 -5.200 -5.408 7.936 185.600 1472.922 0.00
2019-05-07_00:29:42 07770 1.040 -5.200 -5.408 7.928 188.000 1490.464 0.00
2019-05-07_00:29:52 07780 1.040 -5.200 -5.408 7.968 147.600 1176.077 0.00
2019-05-07_00:30:02 07790 1.040 -5.200 -5.408 7.960 148.800 1184.448 0.00
2019-05-07_00:30:12 07800 1.040 -5.200 -5.408 7.952 151.600 1205.523 0.00
2019-05-07_00:30:22 07810 1.040 -5.200 -5.408 7.960 148.800 1184.448 0.00
2019-05-07_00:30:32 07820 1.040 -5.200 -5.408 7.968 145.600 1160.141 0.00
2019-05-07_00:30:42 07830 1.040 -5.200 -5.408 7.968 144.800 1153.766 0.00
2019-05-07_00:30:52 07840 1.040 -5.200 -5.408 7.960 146.000 1162.160 0.00
2019-05-07_00:31:02 07850 1.040 -5.200 -5.408 7.960 146.000 1162.160 0.00
2019-05-07_00:31:12 07860 1.040 -5.200 -5.408 7.960 145.200 1155.792 0.00
2019-05-07_00:31:22 07870 1.040 -5.200 -5.408 7.960 147.600 1174.896 0.00
2019-05-07_00:31:32 07880 1.040 -5.200 -5.408 7.960 149.200 1187.632 0.00
2019-05-07_00:31:42 07890 1.040 -5.200 -5.408 7.960 148.400 1181.264 0.00
2019-05-07_00:31:52 07900 1.040 -5.200 -5.408 7.920 186.400 1476.288 0.00
2019-05-07_00:32:02 07910 1.040 -5.200 -5.408 7.960 146.000 1162.160 0.00
2019-05-07_00:32:12 07920 1.040 -5.200 -5.408 7.928 184.400 1461.923 0.00
2019-05-07_00:32:22 07930 1.040 -5.200 -5.408 7.928 190.000 1506.320 0.00
2019-05-07_00:32:32 07940 1.040 -5.200 -5.408 7.960 146.400 1165.344 0.00
2019-05-07_00:32:42 07950 1.040 -5.200 -5.408 7.960 146.400 1165.344 0.00
2019-05-07_00:32:52 07960 1.040 -5.200 -5.408 7.928 192.800 1528.518 0.00
2019-05-07_00:33:02 07970 1.040 -5.200 -5.408 7.960 149.600 1190.816 0.00
2019-05-07_00:33:12 07980 1.040 -5.200 -5.408 7.960 150.000 1194.000 0.00
2019-05-07_00:33:22 07990 1.040 -5.200 -5.408 7.960 148.400 1181.264 0.00
2019-05-07_00:33:32 08000 1.040 -5.200 -5.408 7.960 145.600 1158.976 0.00
2019-05-07_00:33:42 08010 1.040 -5.200 -5.408 7.928 159.600 1265.309 0.00
2019-05-07_00:33:52 08020 1.040 -5.200 -5.408 7.960 143.200 1139.872 0.00
2019-05-07_00:34:02 08030 1.040 -5.200 -5.408 7.960 145.200 1155.792 0.00
2019-05-07_00:34:12 08040 1.040 -5.200 -5.408 7.960 143.200 1139.872 0.00
2019-05-07_00:34:22 08050 1.040 -5.200 -5.408 7.920 153.600 1216.512 0.00
2019-05-07_00:34:32 08060 1.040 -5.200 -5.408 7.952 149.200 1186.438 0.00
2019-05-07_00:34:42 08070 1.040 -5.200 -5.408 7.952 148.400 1180.077 0.00
2019-05-07_00:34:52 08080 1.040 -5.200 -5.408 7.960 146.000 1162.160 0.00
2019-05-07_00:35:02 08090 1.040 -5.200 -5.408 7.960 166.800 1327.728 0.00
2019-05-07_00:35:12 08100 1.040 -5.200 -5.408 7.960 146.400 1165.344 0.00
2019-05-07_00:35:22 08110 1.040 -5.200 -5.408 7.960 152.000 1209.920 0.00
2019-05-07_00:35:32 08120 1.040 -5.200 -5.408 7.960 146.400 1165.344 0.00
2019-05-07_00:35:42 08130 1.040 -5.200 -5.408 7.952 150.800 1199.162 0.00
2019-05-07_00:35:52 08140 1.040 -5.200 -5.408 7.952 152.400 1211.885 0.00
2019-05-07_00:36:02 08150 1.040 -5.200 -5.408 7.944 149.200 1185.245 0.00
2019-05-07_00:36:12 08160 1.040 -5.200 -5.408 7.952 148.400 1180.077 0.00
2019-05-07_00:36:22 08170 1.040 -5.200 -5.408 7.952 148.800 1183.258 0.00
2019-05-07_00:36:32 08180 1.040 -5.200 -5.408 7.952 146.400 1164.173 0.00
2019-05-07_00:36:42 08190 1.040 -5.200 -5.408 7.952 146.000 1160.992 0.00