2019-05-05_22:48:26 04647 11.576 162.400 1879.942 7.976 0.000 0.000 0.34
2019-05-05_22:48:27 04648 11.584 153.600 1779.302 7.976 0.400 3.190 0.36
2019-05-05_22:48:28 04649 11.592 153.600 1780.531 7.984 0.000 0.000 0.38
2019-05-05_22:48:29 04650 11.568 155.200 1795.354 7.968 0.000 0.000 0.40
2019-05-05_22:48:30 04651 11.584 155.200 1797.837 7.976 0.000 0.000 0.42
2019-05-05_22:48:31 04652 11.584 156.400 1811.738 7.976 0.400 3.190 0.44
2019-05-05_22:48:32 04653 11.584 156.400 1811.738 7.984 0.000 0.000 0.46
2019-05-05_22:48:33 04654 11.576 166.400 1926.246 7.968 0.000 0.000 0.48
2019-05-05_22:48:34 04655 11.584 156.400 1811.738 7.976 0.000 0.000 0.50
2019-05-05_22:48:35 04656 11.568 173.200 2003.578 7.976 0.400 3.190 0.52
2019-05-05_22:48:36 04657 11.576 174.400 2018.854 7.984 0.000 0.000 0.54
2019-05-05_22:48:37 04658 11.568 156.800 1813.862 7.968 0.000 0.000 0.56
2019-05-05_22:48:38 04659 11.568 180.000 2082.240 7.984 0.000 0.000 0.58
2019-05-05_22:48:39 04660 11.560 172.800 1997.568 7.976 0.000 0.000 0.60
2019-05-05_22:48:40 04661 11.576 166.000 1921.616 7.976 0.000 0.000 0.62
2019-05-05_22:48:41 04662 11.576 156.000 1805.856 7.968 0.000 0.000 0.64
2019-05-05_22:48:42 04663 11.584 155.600 1802.470 7.984 0.400 3.194 0.66
2019-05-05_22:48:43 04664 11.576 162.000 1875.312 7.976 0.000 0.000 0.68
2019-05-05_22:48:44 04665 11.576 155.600 1801.226 7.976 0.400 3.190 0.70
2019-05-05_22:48:45 04666 11.536 199.600 2302.586 7.976 0.000 0.000 0.72
2019-05-05_22:48:46 04667 11.560 199.600 2307.376 7.984 0.000 0.000 0.74
2019-05-05_22:48:47 04668 11.568 179.200 2072.986 8.000 -15.600 -124.800 0.76
2019-05-05_22:48:48 04669 11.544 204.400 2359.594 8.040 -73.600 -591.744 0.78
2019-05-05_22:48:49 04670 11.480 282.400 3241.952 8.120 -178.400 -1448.608 0.80
2019-05-05_22:48:50 04671 11.392 377.200 4297.062 8.200 -302.000 -2476.400 0.82
2019-05-05_22:48:51 04672 11.296 492.800 5566.669 8.304 -425.600 -3534.182 0.82
2019-05-05_22:48:52 04673 11.272 521.200 5874.966 8.304 -416.800 -3461.107 0.82
2019-05-05_22:48:53 04674 11.280 513.600 5793.408 8.312 -432.000 -3590.784 0.82
2019-05-05_22:48:54 04675 11.280 524.800 5919.744 8.320 -436.400 -3630.848 0.82
2019-05-05_22:48:55 04676 11.256 557.200 6271.843 8.320 -431.600 -3590.912 0.83
2019-05-05_22:48:56 04677 11.272 527.600 5947.107 8.328 -450.000 -3747.600 0.83
2019-05-05_22:48:57 04678 11.248 555.200 6244.890 8.336 -450.000 -3751.200 0.83
2019-05-05_22:48:58 04679 11.256 551.200 6204.307 8.344 -455.200 -3798.189 0.83
2019-05-05_22:48:59 04680 11.256 556.000 6258.336 8.344 -461.200 -3848.253 0.83
2019-05-05_22:49:00 04681 11.248 557.200 6267.386 8.352 -466.800 -3898.714 0.83
2019-05-05_22:49:01 04682 11.248 564.400 6348.371 8.360 -471.600 -3942.576 0.83
2019-05-05_22:49:02 04683 11.248 569.600 6406.861 8.368 -479.200 -4009.946 0.83
2019-05-05_22:49:03 04684 11.240 577.600 6492.224 8.376 -486.000 -4070.736 0.83
2019-05-05_22:49:04 04685 11.240 581.600 6537.184 8.384 -493.200 -4134.989 0.83
2019-05-05_22:49:05 04686 11.240 588.400 6613.616 8.384 -498.400 -4178.586 0.84
2019-05-05_22:49:06 04687 11.240 592.400 6658.576 8.392 -503.600 -4226.211 0.84
2019-05-05_22:49:07 04688 11.232 597.600 6712.243 8.400 -510.800 -4290.720 0.84
2019-05-05_22:49:08 04689 11.232 601.600 6757.171 8.408 -517.200 -4348.618 0.83
2019-05-05_22:49:09 04690 11.256 550.000 6190.800 8.344 -453.200 -3781.501 0.83
2019-05-05_22:49:10 04691 11.256 554.800 6244.829 8.352 -459.200 -3835.238 0.83
2019-05-05_22:49:11 04692 11.248 554.400 6235.891 8.360 -465.600 -3892.416 0.83
2019-05-05_22:49:12 04693 11.248 567.600 6384.365 8.360 -471.200 -3939.232 0.83
2019-05-05_22:49:13 04694 11.248 570.000 6411.360 8.368 -476.800 -3989.862 0.83
2019-05-05_22:49:14 04695 11.248 577.600 6496.845 8.376 -484.000 -4053.984 0.83
2019-05-05_22:49:15 04696 11.240 578.800 6505.712 8.384 -490.400 -4111.514 0.83
2019-05-05_22:49:16 04697 11.240 585.200 6577.648 8.392 -496.000 -4162.432 0.84
2019-05-05_22:49:17 04698 11.240 588.400 6613.616 8.400 -503.200 -4226.880 0.84
2019-05-05_22:49:18 04699 11.248 591.600 6654.317 8.408 -511.200 -4298.170 0.83
2019-05-05_22:49:19 04700 11.264 534.400 6019.482 8.344 -446.000 -3721.424 0.83
2019-05-05_22:49:20 04701 11.272 533.200 6010.230 8.352 -460.000 -3841.920 0.83
2019-05-05_22:49:21 04702 11.256 554.000 6235.824 8.352 -449.600 -3755.059 0.83
2019-05-05_22:49:22 04703 11.272 531.200 5987.686 8.368 -478.400 -4003.251 0.83
2019-05-05_22:49:23 04704 11.256 549.600 6186.298 8.368 -477.600 -3996.557 0.83
2019-05-05_22:49:24 04705 11.256 548.400 6172.790 8.384 -486.800 -4081.331 0.83
2019-05-05_22:49:25 04706 11.248 564.000 6343.872 8.384 -476.800 -3997.491 0.83
2019-05-05_22:49:26 04707 11.256 568.400 6397.910 8.392 -498.000 -4179.216 0.83
2019-05-05_22:49:27 04708 11.256 584.800 6582.509 8.400 -503.200 -4226.880 0.84
2019-05-05_22:49:28 04709 11.264 559.200 6298.829 8.416 -515.200 -4335.923 0.83
2019-05-05_22:49:29 04710 11.280 527.200 5946.816 8.344 -447.200 -3731.437 0.83
2019-05-05_22:49:30 04711 11.264 527.200 5938.381 8.352 -448.400 -3745.037 0.83
2019-05-05_22:49:31 04712 11.264 537.600 6055.526 8.352 -445.200 -3718.310 0.83
2019-05-05_22:49:32 04713 11.256 555.600 6253.834 8.360 -457.200 -3822.192 0.83
2019-05-05_22:49:33 04714 11.256 554.800 6244.829 8.368 -464.400 -3886.099 0.83
2019-05-05_22:49:34 04715 11.248 561.600 6316.877 8.368 -468.400 -3919.571 0.83
2019-05-05_22:49:35 04716 11.248 566.000 6366.368 8.376 -480.000 -4020.480 0.83
2019-05-05_22:49:36 04717 11.248 570.800 6420.358 8.384 -479.200 -4017.613 0.83
2019-05-05_22:49:37 04718 11.240 575.600 6469.744 8.392 -488.800 -4102.010 0.83
2019-05-05_22:49:38 04719 11.248 572.400 6438.355 8.400 -501.200 -4210.080 0.84
2019-05-05_22:49:39 04720 11.256 575.600 6478.954 8.408 -509.200 -4281.354 0.83
2019-05-05_22:49:40 04721 11.256 551.200 6204.307 8.336 -430.400 -3587.814 0.83
2019-05-05_22:49:41 04722 11.280 516.000 5820.480 8.360 -456.000 -3812.160 0.83
2019-05-05_22:49:42 04723 11.248 554.400 6235.891 8.352 -444.400 -3711.629 0.83
2019-05-05_22:49:43 04724 11.264 538.000 6060.032 8.368 -463.200 -3876.058 0.83
2019-05-05_22:49:44 04725 11.256 554.000 6235.824 8.368 -467.200 -3909.530 0.83
2019-05-05_22:49:45 04726 11.248 558.800 6285.382 8.376 -466.800 -3909.917 0.83
2019-05-05_22:49:46 04727 11.256 552.400 6217.814 8.384 -479.600 -4020.966 0.83
2019-05-05_22:49:47 04728 11.248 560.000 6298.880 8.392 -487.200 -4088.582 0.83
2019-05-05_22:49:48 04729 11.248 573.200 6447.354 8.392 -487.600 -4091.939 0.83
2019-05-05_22:49:49 04730 11.248 567.600 6384.365 8.408 -502.000 -4220.816 0.82
2019-05-05_22:49:50 04731 11.264 532.000 5992.448 8.336 -424.800 -3541.133 0.83
2019-05-05_22:49:51 04732 11.272 526.800 5938.090 8.344 -443.600 -3701.398 0.83
2019-05-05_22:49:52 04733 11.264 531.600 5987.942 8.360 -448.800 -3751.968 0.83
2019-05-05_22:49:53 04734 11.256 544.800 6132.269 8.352 -447.600 -3738.355 0.83
2019-05-05_22:49:54 04735 11.264 540.800 6091.571 8.368 -460.400 -3852.627 0.83
2019-05-05_22:49:55 04736 11.256 556.800 6267.341 8.368 -460.800 -3855.974 0.83
2019-05-05_22:49:56 04737 11.256 545.200 6136.771 8.376 -474.000 -3970.224 0.83
2019-05-05_22:49:57 04738 11.248 566.400 6370.867 8.384 -469.600 -3937.126 0.83
2019-05-05_22:49:58 04739 11.248 573.600 6451.853 8.392 -480.400 -4031.517 0.83
2019-05-05_22:49:59 04740 11.248 578.000 6501.344 8.392 -484.400 -4065.085 0.83
2019-05-05_22:50:00 04741 11.240 578.400 6501.216 8.400 -492.000 -4132.800 0.84
2019-05-05_22:50:01 04742 11.240 586.400 6591.136 8.408 -498.400 -4190.547 0.83
2019-05-05_22:50:02 04743 11.264 529.200 5960.909 8.352 -434.000 -3624.768 0.83
2019-05-05_22:50:03 04744 11.264 540.000 6082.560 8.352 -444.400 -3711.629 0.83
2019-05-05_22:50:04 04745 11.264 542.800 6114.099 8.360 -447.600 -3741.936 0.83
2019-05-05_22:50:05 04746 11.264 536.000 6037.504 8.368 -459.600 -3845.933 0.83
2019-05-05_22:50:06 04747 11.256 555.600 6253.834 8.368 -460.800 -3855.974 0.83