2019-05-05_02:20:23 00001 11.560 200.800 2321.248 3.208 0.000 0.000 0.32
2019-05-05_02:20:24 00002 11.560 201.200 2325.872 3.432 0.000 0.000 0.34
2019-05-05_02:20:25 00003 11.568 202.400 2341.363 3.672 0.400 1.469 0.36
2019-05-05_02:20:26 00004 11.568 200.800 2322.854 3.912 0.000 0.000 0.38
2019-05-05_02:20:27 00005 11.568 188.400 2179.411 4.144 0.000 0.000 0.40
2019-05-05_02:20:28 00006 11.568 202.800 2345.990 4.384 0.000 0.000 0.42
2019-05-05_02:20:29 00007 11.560 200.800 2321.248 4.616 0.000 0.000 0.44
2019-05-05_02:20:30 00008 11.568 203.200 2350.618 4.848 0.000 0.000 0.46
2019-05-05_02:20:31 00009 11.552 197.200 2278.054 5.072 0.000 0.000 0.48
2019-05-05_02:20:32 00010 11.560 206.000 2381.360 5.312 0.000 0.000 0.50
2019-05-05_02:20:33 00011 11.560 200.400 2316.624 5.536 0.000 0.000 0.52
2019-05-05_02:20:34 00012 11.568 200.000 2313.600 5.768 0.000 0.000 0.54
2019-05-05_02:20:35 00013 11.552 200.800 2319.642 5.992 0.000 0.000 0.56
2019-05-05_02:20:36 00014 11.568 195.600 2262.701 6.224 0.000 0.000 0.58
2019-05-05_02:20:37 00015 11.560 206.000 2381.360 6.448 0.000 0.000 0.60
2019-05-05_02:20:38 00016 11.568 199.200 2304.346 6.680 0.000 0.000 0.62
2019-05-05_02:20:39 00017 11.552 203.200 2347.366 6.888 0.000 0.000 0.64
2019-05-05_02:20:40 00018 11.576 200.000 2315.200 7.128 0.400 2.851 0.66
2019-05-05_02:20:41 00019 11.568 193.600 2239.565 7.344 0.000 0.000 0.68
2019-05-05_02:20:42 00020 11.552 201.600 2328.883 7.560 0.000 0.000 0.70
2019-05-05_02:20:43 00021 11.552 196.400 2268.813 7.760 0.000 0.000 0.72
2019-05-05_02:20:44 00022 11.568 195.600 2262.701 7.984 0.400 3.194 0.74
2019-05-05_02:20:45 00023 11.568 189.200 2188.666 8.200 0.000 0.000 0.76
2019-05-05_02:20:46 00024 11.552 189.600 2190.259 8.408 0.000 0.000 0.75
2019-05-05_02:20:47 00025 11.560 199.600 2307.376 8.296 0.000 0.000 0.77
2019-05-05_02:20:48 00026 11.560 194.000 2242.640 8.560 0.000 0.000 0.76
2019-05-05_02:20:49 00027 11.584 165.600 1918.310 8.440 0.000 0.000 0.75
2019-05-05_02:20:50 00028 11.592 152.800 1771.258 8.320 0.000 0.000 0.75
2019-05-05_02:20:51 00029 11.592 152.800 1771.258 8.336 0.000 0.000 0.75
2019-05-05_02:20:52 00030 11.584 153.200 1774.669 8.344 0.000 0.000 0.75
2019-05-05_02:20:53 00031 11.584 156.800 1816.371 8.360 0.400 3.344 0.75
2019-05-05_02:20:54 00032 11.576 163.200 1889.203 8.368 0.400 3.347 0.76
2019-05-05_02:20:55 00033 11.592 152.400 1766.621 8.376 0.000 0.000 0.76
2019-05-05_02:20:56 00034 11.576 170.000 1967.920 8.384 0.400 3.354 0.76
2019-05-05_02:20:57 00035 11.576 168.400 1949.398 8.392 0.400 3.357 0.76
2019-05-05_02:20:58 00036 11.552 198.800 2296.538 8.392 0.400 3.357 0.76
2019-05-05_02:20:59 00037 11.552 198.000 2287.296 8.400 0.000 0.000 0.76
2019-05-05_02:21:00 00038 11.552 198.400 2291.917 8.416 0.000 0.000 0.75
2019-05-05_02:21:01 00039 11.560 196.400 2270.384 8.296 0.000 0.000 0.77
2019-05-05_02:21:02 00040 11.552 196.800 2273.434 8.560 0.000 0.000 0.76
2019-05-05_02:21:03 00041 11.552 198.400 2291.917 8.408 0.000 0.000 0.75
2019-05-05_02:21:04 00042 11.560 200.000 2312.000 8.304 0.000 0.000 0.75
2019-05-05_02:21:05 00043 11.568 198.000 2290.464 8.312 0.400 3.325 0.75
2019-05-05_02:21:06 00044 11.568 193.600 2239.565 8.320 0.400 3.328 0.75
2019-05-05_02:21:07 00045 11.560 199.200 2302.752 8.336 0.000 0.000 0.75
2019-05-05_02:21:08 00046 11.568 189.200 2188.666 8.352 0.000 0.000 0.76
2019-05-05_02:21:09 00047 11.560 191.600 2214.896 8.352 0.000 0.000 0.76
2019-05-05_02:21:10 00048 11.560 194.400 2247.264 8.368 0.000 0.000 0.76
2019-05-05_02:21:11 00049 11.560 186.400 2154.784 8.376 0.000 0.000 0.76
2019-05-05_02:21:12 00050 11.552 189.200 2185.638 8.392 0.000 0.000 0.76
2019-05-05_02:21:13 00051 11.560 194.000 2242.640 8.400 0.000 0.000 0.76
2019-05-05_02:21:14 00052 11.552 197.200 2278.054 8.416 0.000 0.000 0.75
2019-05-05_02:21:15 00053 11.568 196.000 2267.328 8.304 0.000 0.000 0.75
2019-05-05_02:21:16 00054 11.568 195.200 2258.074 8.312 0.400 3.325 0.75
2019-05-05_02:21:17 00055 11.560 194.000 2242.640 8.328 0.400 3.331 0.75
2019-05-05_02:21:18 00056 11.568 190.800 2207.174 8.344 0.400 3.338 0.75
2019-05-05_02:21:19 00057 11.560 194.800 2251.888 8.344 0.400 3.338 0.76
2019-05-05_02:21:20 00058 11.560 196.000 2265.760 8.360 0.400 3.344 0.76
2019-05-05_02:21:21 00059 11.560 196.000 2265.760 8.368 0.000 0.000 0.76
2019-05-05_02:21:22 00060 11.552 193.600 2236.467 8.376 0.400 3.350 0.76
2019-05-05_02:21:23 00061 11.560 192.400 2224.144 8.392 0.000 0.000 0.76
2019-05-05_02:21:24 00062 11.560 196.400 2270.384 8.408 0.400 3.363 0.75
2019-05-05_02:21:25 00063 11.568 187.200 2165.530 8.296 0.000 0.000 0.77
2019-05-05_02:21:26 00064 11.560 196.800 2275.008 8.544 0.000 0.000 0.76
2019-05-05_02:21:27 00065 11.552 194.000 2241.088 8.400 0.400 3.360 0.76
2019-05-05_02:21:28 00066 11.552 198.800 2296.538 8.416 0.000 0.000 0.75
2019-05-05_02:21:29 00067 11.568 193.600 2239.565 8.296 0.400 3.318 0.77
2019-05-05_02:21:30 00068 11.552 190.800 2204.122 8.568 0.000 0.000 0.76
2019-05-05_02:21:31 00069 11.560 191.200 2210.272 8.416 0.000 0.000 0.75
2019-05-05_02:21:32 00070 11.560 196.800 2275.008 8.296 0.000 0.000 0.77
2019-05-05_02:21:33 00071 11.552 194.400 2245.709 8.568 0.000 0.000 0.76
2019-05-05_02:21:34 00072 11.552 196.800 2273.434 8.416 0.400 3.366 0.75
2019-05-05_02:21:35 00073 11.560 195.200 2256.512 8.304 0.000 0.000 0.75
2019-05-05_02:21:36 00074 11.568 192.000 2221.056 8.312 0.000 0.000 0.75
2019-05-05_02:21:37 00075 11.560 187.600 2168.656 8.328 0.400 3.331 0.75
2019-05-05_02:21:38 00076 11.568 184.800 2137.766 8.336 0.400 3.334 0.75
2019-05-05_02:21:39 00077 11.560 198.400 2293.504 8.344 0.000 0.000 0.76
2019-05-05_02:21:40 00078 11.560 197.600 2284.256 8.360 0.400 3.344 0.76
2019-05-05_02:21:41 00079 11.560 198.400 2293.504 8.368 0.400 3.347 0.76
2019-05-05_02:21:42 00080 11.560 188.800 2182.528 8.376 0.400 3.350 0.76
2019-05-05_02:21:43 00081 11.560 195.600 2261.136 8.392 0.400 3.357 0.76
2019-05-05_02:21:44 00082 11.560 190.800 2205.648 8.400 0.000 0.000 0.76
2019-05-05_02:21:45 00083 11.552 198.800 2296.538 8.416 0.000 0.000 0.75
2019-05-05_02:21:46 00084 11.568 188.800 2184.038 8.304 0.000 0.000 0.75
2019-05-05_02:21:47 00085 11.560 188.000 2173.280 8.312 0.400 3.325 0.75
2019-05-05_02:21:48 00086 11.560 191.200 2210.272 8.328 0.000 0.000 0.75
2019-05-05_02:21:49 00087 11.560 190.400 2201.024 8.336 0.400 3.334 0.75
2019-05-05_02:21:50 00088 11.560 194.000 2242.640 8.344 0.400 3.338 0.76
2019-05-05_02:21:51 00089 11.560 191.200 2210.272 8.360 0.400 3.344 0.76
2019-05-05_02:21:52 00090 11.560 187.600 2168.656 8.368 0.000 0.000 0.76
2019-05-05_02:21:53 00091 11.552 198.800 2296.538 8.392 0.400 3.357 0.76
2019-05-05_02:21:54 00092 11.552 196.400 2268.813 8.392 0.400 3.357 0.76
2019-05-05_02:21:55 00093 11.560 194.400 2247.264 8.400 0.000 0.000 0.76
2019-05-05_02:21:56 00094 11.568 192.400 2225.683 8.416 0.000 0.000 0.75
2019-05-05_02:21:57 00095 11.560 196.000 2265.760 8.304 0.000 0.000 0.75
2019-05-05_02:21:58 00096 11.560 191.600 2214.896 8.328 0.000 0.000 0.75
2019-05-05_02:21:59 00097 11.576 186.000 2153.136 8.328 0.000 0.000 0.75
2019-05-05_02:22:00 00098 11.560 188.400 2177.904 8.336 0.000 0.000 0.75
2019-05-05_02:22:01 00099 11.560 196.800 2275.008 8.344 0.400 3.338 0.76
2019-05-05_02:22:02 00100 11.576 176.400 2042.006 8.352 0.400 3.341 0.76
2019-05-05_02:22:03 00101 11.560 197.600 2284.256 8.368 0.400 3.347 0.76