2019-05-05_01:11:15 05354 11.592 153.200 1775.894 8.304 0.000 0.000 0.75
2019-05-05_01:11:16 05355 11.584 169.600 1964.646 8.304 0.000 0.000 0.75
2019-05-05_01:11:17 05356 11.592 153.200 1775.894 8.328 0.400 3.331 0.75
2019-05-05_01:11:18 05357 11.584 169.200 1960.013 8.328 0.400 3.331 0.75
2019-05-05_01:11:19 05358 11.584 156.800 1816.371 8.344 0.000 0.000 0.75
2019-05-05_01:11:20 05359 11.592 163.200 1891.814 8.360 0.400 3.344 0.75
2019-05-05_01:11:21 05360 11.576 169.200 1958.659 8.360 0.400 3.344 0.76
2019-05-05_01:11:22 05361 11.584 156.400 1811.738 8.376 0.400 3.350 0.76
2019-05-05_01:11:23 05362 11.576 165.600 1916.986 8.392 0.400 3.357 0.76
2019-05-05_01:11:24 05363 11.584 161.200 1867.341 8.400 0.000 0.000 0.76
2019-05-05_01:11:25 05364 11.584 154.000 1783.936 8.408 0.400 3.363 0.75
2019-05-05_01:11:26 05365 11.584 184.400 2136.090 8.296 0.000 0.000 0.77
2019-05-05_01:11:27 05366 11.584 153.200 1774.669 8.544 0.000 0.000 0.76
2019-05-05_01:11:28 05367 11.576 168.800 1954.029 8.400 0.400 3.360 0.76
2019-05-05_01:11:29 05368 11.584 153.200 1774.669 8.424 0.400 3.370 0.75
2019-05-05_01:11:30 05369 11.584 182.800 2117.555 8.312 0.400 3.325 0.75
2019-05-05_01:11:31 05370 11.584 168.800 1955.379 8.320 0.000 0.000 0.75
2019-05-05_01:11:32 05371 11.592 153.200 1775.894 8.336 0.400 3.334 0.75
2019-05-05_01:11:33 05372 11.576 169.200 1958.659 8.336 0.400 3.334 0.75
2019-05-05_01:11:34 05373 11.592 153.200 1775.894 8.360 0.400 3.344 0.75
2019-05-05_01:11:35 05374 11.592 153.600 1780.531 8.368 0.400 3.347 0.76
2019-05-05_01:11:36 05375 11.568 169.200 1957.306 8.368 0.400 3.347 0.76
2019-05-05_01:11:37 05376 11.576 160.400 1856.790 8.384 0.400 3.354 0.76
2019-05-05_01:11:38 05377 11.576 169.200 1958.659 8.392 0.000 0.000 0.76
2019-05-05_01:11:39 05378 11.584 153.200 1774.669 8.408 0.000 0.000 0.75
2019-05-05_01:11:40 05379 11.592 161.600 1873.267 8.304 0.000 0.000 0.75
2019-05-05_01:11:41 05380 11.592 153.200 1775.894 8.312 0.000 0.000 0.75
2019-05-05_01:11:42 05381 11.592 153.200 1775.894 8.328 0.000 0.000 0.75
2019-05-05_01:11:43 05382 11.592 164.400 1905.725 8.336 0.400 3.334 0.75
2019-05-05_01:11:44 05383 11.592 153.200 1775.894 8.344 0.400 3.338 0.75
2019-05-05_01:11:45 05384 11.584 153.200 1774.669 8.360 0.000 0.000 0.75
2019-05-05_01:11:46 05385 11.576 180.000 2083.680 8.360 0.400 3.344 0.76
2019-05-05_01:11:47 05386 11.592 153.200 1775.894 8.376 0.400 3.350 0.76
2019-05-05_01:11:48 05387 11.576 170.800 1977.181 8.384 0.400 3.354 0.76
2019-05-05_01:11:49 05388 11.576 155.200 1796.595 8.400 0.400 3.360 0.76
2019-05-05_01:11:50 05389 11.584 153.600 1779.302 8.408 0.400 3.363 0.75
2019-05-05_01:11:51 05390 11.584 169.200 1960.013 8.296 0.000 0.000 0.77
2019-05-05_01:11:52 05391 11.576 152.800 1768.813 8.544 0.000 0.000 0.76
2019-05-05_01:11:53 05392 11.576 180.400 2088.310 8.400 0.000 0.000 0.76
2019-05-05_01:11:54 05393 11.584 153.200 1774.669 8.424 0.000 0.000 0.75
2019-05-05_01:11:55 05394 11.600 153.200 1777.120 8.312 0.000 0.000 0.75
2019-05-05_01:11:56 05395 11.568 170.000 1966.560 8.320 0.000 0.000 0.75
2019-05-05_01:11:57 05396 11.592 153.200 1775.894 8.336 0.400 3.334 0.75
2019-05-05_01:11:58 05397 11.584 169.200 1960.013 8.344 0.000 0.000 0.75
2019-05-05_01:11:59 05398 11.584 153.600 1779.302 8.360 0.400 3.344 0.75
2019-05-05_01:12:00 05399 11.584 162.000 1876.608 8.368 0.400 3.347 0.76
2019-05-05_01:12:01 05400 11.592 156.800 1817.626 8.376 0.400 3.350 0.76
2019-05-05_01:12:02 05401 11.584 156.800 1816.371 8.376 0.400 3.350 0.76
2019-05-05_01:12:03 05402 11.576 166.000 1921.616 8.392 0.000 0.000 0.76
2019-05-05_01:12:04 05403 11.576 170.800 1977.181 8.400 0.000 0.000 0.76
2019-05-05_01:12:05 05404 11.576 170.000 1967.920 8.416 0.000 0.000 0.75
2019-05-05_01:12:06 05405 11.560 181.600 2099.296 8.288 0.000 0.000 0.77
2019-05-05_01:12:07 05406 11.568 167.600 1938.797 8.552 0.000 0.000 0.76
2019-05-05_01:12:08 05407 11.552 193.200 2231.846 8.400 0.400 3.360 0.76
2019-05-05_01:12:09 05408 11.576 170.400 1972.550 8.424 0.000 0.000 0.75
2019-05-05_01:12:10 05409 11.584 170.400 1973.914 8.320 0.400 3.328 0.75
2019-05-05_01:12:11 05410 11.568 195.600 2262.701 8.312 0.400 3.325 0.75
2019-05-05_01:12:12 05411 11.584 169.600 1964.646 8.336 0.000 0.000 0.75
2019-05-05_01:12:13 05412 11.568 169.600 1961.933 8.336 0.400 3.334 0.75
2019-05-05_01:12:14 05413 11.576 170.400 1972.550 8.360 0.400 3.344 0.76
2019-05-05_01:12:15 05414 11.576 170.400 1972.550 8.368 0.400 3.347 0.76
2019-05-05_01:12:16 05415 11.560 170.800 1974.448 8.360 0.000 0.000 0.76
2019-05-05_01:12:17 05416 11.576 167.600 1940.138 8.392 0.400 3.357 0.76
2019-05-05_01:12:18 05417 11.552 196.000 2264.192 8.400 0.000 0.000 0.76
2019-05-05_01:12:19 05418 11.568 170.800 1975.814 8.416 0.000 0.000 0.75
2019-05-05_01:12:20 05419 11.584 170.000 1969.280 8.312 0.000 0.000 0.75
2019-05-05_01:12:21 05420 11.584 170.000 1969.280 8.320 0.000 0.000 0.75
2019-05-05_01:12:22 05421 11.584 170.800 1978.547 8.328 0.400 3.331 0.75
2019-05-05_01:12:23 05422 11.584 169.600 1964.646 8.344 0.400 3.338 0.75
2019-05-05_01:12:24 05423 11.576 166.800 1930.877 8.344 0.400 3.338 0.75
2019-05-05_01:12:25 05424 11.584 168.800 1955.379 8.360 0.000 0.000 0.76
2019-05-05_01:12:26 05425 11.576 169.600 1963.290 8.368 0.400 3.347 0.76
2019-05-05_01:12:27 05426 11.576 170.800 1977.181 8.384 0.400 3.354 0.76
2019-05-05_01:12:28 05427 11.568 171.600 1985.069 8.384 0.400 3.354 0.76
2019-05-05_01:12:29 05428 11.576 169.600 1963.290 8.400 0.000 0.000 0.76
2019-05-05_01:12:30 05429 11.552 192.400 2222.605 8.400 0.400 3.360 0.76
2019-05-05_01:12:31 05430 11.552 192.400 2222.605 8.416 0.000 0.000 0.75
2019-05-05_01:12:32 05431 11.584 169.600 1964.646 8.312 0.400 3.325 0.75
2019-05-05_01:12:33 05432 11.560 197.200 2279.632 8.320 0.000 0.000 0.75
2019-05-05_01:12:34 05433 11.576 168.400 1949.398 8.344 0.400 3.338 0.75
2019-05-05_01:12:35 05434 11.576 170.400 1972.550 8.352 0.400 3.341 0.75
2019-05-05_01:12:36 05435 11.568 196.400 2271.955 8.344 0.400 3.338 0.76
2019-05-05_01:12:37 05436 11.576 170.400 1972.550 8.368 0.400 3.347 0.76
2019-05-05_01:12:38 05437 11.560 197.200 2279.632 8.368 0.400 3.347 0.76
2019-05-05_01:12:39 05438 11.576 170.400 1972.550 8.392 0.400 3.357 0.76
2019-05-05_01:12:40 05439 11.576 168.800 1954.029 8.400 0.400 3.360 0.76
2019-05-05_01:12:41 05440 11.552 191.600 2213.363 8.392 0.000 0.000 0.76
2019-05-05_01:12:42 05441 11.568 170.000 1966.560 8.424 0.000 0.000 0.75
2019-05-05_01:12:43 05442 11.576 192.000 2222.592 8.304 0.000 0.000 0.75
2019-05-05_01:12:44 05443 11.584 170.000 1969.280 8.328 0.400 3.331 0.75
2019-05-05_01:12:45 05444 11.584 167.600 1941.478 8.336 0.000 0.000 0.75
2019-05-05_01:12:46 05445 11.576 169.200 1958.659 8.352 0.400 3.341 0.75
2019-05-05_01:12:47 05446 11.576 169.200 1958.659 8.360 0.400 3.344 0.76
2019-05-05_01:12:48 05447 11.560 188.000 2173.280 8.368 0.000 0.000 0.76
2019-05-05_01:12:49 05448 11.576 169.600 1963.290 8.376 0.400 3.350 0.76
2019-05-05_01:12:50 05449 11.576 169.200 1958.659 8.392 0.400 3.357 0.76
2019-05-05_01:12:51 05450 11.560 198.400 2293.504 8.384 0.400 3.354 0.76
2019-05-05_01:12:52 05451 11.576 170.000 1967.920 8.408 0.000 0.000 0.75
2019-05-05_01:12:53 05452 11.560 181.600 2099.296 8.296 0.000 0.000 0.77
2019-05-05_01:12:54 05453 11.568 168.000 1943.424 8.544 0.000 0.000 0.76
2019-05-05_01:12:55 05454 11.568 168.400 1948.051 8.408 0.000 0.000 0.75