2019-05-05_21:44:24 00809 2.240 -0.800 -1.792 7.960 192.000 1528.320 0.00
2019-05-05_21:44:25 00810 2.240 -0.800 -1.792 7.960 192.000 1528.320 0.00
2019-05-05_21:44:26 00811 2.240 -0.800 -1.792 7.960 191.600 1525.136 0.00
2019-05-05_21:44:27 00812 2.240 -0.800 -1.792 7.936 214.800 1704.653 0.00
2019-05-05_21:44:28 00813 2.240 -0.800 -1.792 7.960 192.000 1528.320 0.00
2019-05-05_21:44:29 00814 2.240 -0.800 -1.792 7.944 191.600 1522.070 0.00
2019-05-05_21:44:30 00815 2.240 -0.800 -1.792 7.960 192.000 1528.320 0.00
2019-05-05_21:44:31 00816 2.240 -0.800 -1.792 7.960 191.600 1525.136 0.00
2019-05-05_21:44:32 00817 2.240 -0.800 -1.792 7.960 191.600 1525.136 0.00
2019-05-05_21:44:33 00818 2.240 -0.800 -1.792 7.944 192.400 1528.426 0.00
2019-05-05_21:44:34 00819 2.240 -0.800 -1.792 7.960 191.600 1525.136 0.00
2019-05-05_21:44:35 00820 2.240 -0.800 -1.792 7.960 193.200 1537.872 0.00
2019-05-05_21:44:36 00821 2.240 -0.800 -1.792 7.952 191.600 1523.603 0.00
2019-05-05_21:44:37 00822 2.240 -0.800 -1.792 7.960 191.600 1525.136 0.00
2019-05-05_21:44:38 00823 2.240 -0.800 -1.792 7.960 192.000 1528.320 0.00
2019-05-05_21:44:39 00824 2.240 -0.800 -1.792 7.952 191.600 1523.603 0.00
2019-05-05_21:44:40 00825 2.240 -0.800 -1.792 7.960 192.400 1531.504 0.00
2019-05-05_21:44:41 00826 2.240 -0.800 -1.792 7.960 192.400 1531.504 0.00
2019-05-05_21:44:42 00827 2.240 -0.800 -1.792 7.960 191.600 1525.136 0.00
2019-05-05_21:44:43 00828 2.240 -0.800 -1.792 7.944 192.000 1525.248 0.00
2019-05-05_21:44:44 00829 2.240 -0.400 -0.896 7.960 191.600 1525.136 0.00
2019-05-05_21:44:45 00830 2.240 -0.800 -1.792 7.960 191.600 1525.136 0.00
2019-05-05_21:44:46 00831 2.240 -0.800 -1.792 7.960 191.600 1525.136 0.00
2019-05-05_21:44:47 00832 2.240 -0.800 -1.792 7.960 192.000 1528.320 0.00
2019-05-05_21:44:48 00833 2.240 -0.800 -1.792 7.960 192.400 1531.504 0.00
2019-05-05_21:44:49 00834 2.240 -0.800 -1.792 7.960 191.600 1525.136 0.00
2019-05-05_21:44:50 00835 2.240 -0.800 -1.792 7.952 196.400 1561.773 0.00
2019-05-05_21:44:51 00836 2.240 -0.800 -1.792 7.960 192.400 1531.504 0.00
2019-05-05_21:44:52 00837 2.240 -0.800 -1.792 7.960 195.200 1553.792 0.00
2019-05-05_21:44:53 00838 2.240 -0.800 -1.792 7.944 191.600 1522.070 0.00
2019-05-05_21:44:54 00839 2.240 -0.800 -1.792 7.960 192.000 1528.320 0.00
2019-05-05_21:44:55 00840 2.240 -0.800 -1.792 7.960 192.000 1528.320 0.00
2019-05-05_21:44:56 00841 2.240 -0.800 -1.792 7.960 192.000 1528.320 0.00
2019-05-05_21:44:57 00842 2.240 -0.800 -1.792 7.952 193.200 1536.326 0.00
2019-05-05_21:44:58 00843 2.240 -0.800 -1.792 7.960 191.600 1525.136 0.00
2019-05-05_21:44:59 00844 2.240 -0.800 -1.792 7.952 192.000 1526.784 0.00
2019-05-05_21:45:00 00845 2.240 -0.800 -1.792 7.960 192.000 1528.320 0.00
2019-05-05_21:45:01 00846 2.240 -0.800 -1.792 7.952 191.600 1523.603 0.00
2019-05-05_21:45:02 00847 2.240 -0.800 -1.792 7.960 191.600 1525.136 0.00
2019-05-05_21:45:03 00848 2.240 -0.800 -1.792 7.960 192.400 1531.504 0.00
2019-05-05_21:45:04 00849 2.240 -0.800 -1.792 7.960 192.000 1528.320 0.00
2019-05-05_21:45:05 00850 2.240 -0.800 -1.792 7.960 198.800 1582.448 0.00
2019-05-05_21:45:06 00851 2.240 -0.800 -1.792 7.952 192.000 1526.784 0.00
2019-05-05_21:45:07 00852 2.240 -0.800 -1.792 7.960 192.800 1534.688 0.00
2019-05-05_21:45:08 00853 2.240 -0.800 -1.792 7.952 192.000 1526.784 0.00
2019-05-05_21:45:09 00854 2.240 -0.800 -1.792 7.960 198.000 1576.080 0.00
2019-05-05_21:45:10 00855 2.240 -0.800 -1.792 7.960 191.600 1525.136 0.00
2019-05-05_21:45:11 00856 2.240 -0.800 -1.792 7.952 191.600 1523.603 0.00
2019-05-05_21:45:12 00857 2.240 -0.800 -1.792 7.960 192.400 1531.504 0.00
2019-05-05_21:45:13 00858 2.240 -0.800 -1.792 7.960 192.400 1531.504 0.00
2019-05-05_21:45:14 00859 2.240 -0.800 -1.792 7.952 191.600 1523.603 0.00
2019-05-05_21:45:15 00860 2.240 -0.800 -1.792 7.960 203.600 1620.656 0.00
2019-05-05_21:45:16 00861 2.240 -0.800 -1.792 7.960 192.400 1531.504 0.00
2019-05-05_21:45:17 00862 2.240 -0.800 -1.792 7.960 192.000 1528.320 0.00
2019-05-05_21:45:18 00863 2.240 -0.400 -0.896 7.944 192.400 1528.426 0.00
2019-05-05_21:45:19 00864 2.240 -0.400 -0.896 7.960 200.400 1595.184 0.00
2019-05-05_21:45:20 00865 2.240 -0.800 -1.792 7.960 191.600 1525.136 0.00
2019-05-05_21:45:21 00866 2.240 -0.800 -1.792 7.960 192.000 1528.320 0.00
2019-05-05_21:45:22 00867 2.240 -0.800 -1.792 7.952 192.000 1526.784 0.00
2019-05-05_21:45:23 00868 2.240 -0.800 -1.792 7.960 199.600 1588.816 0.00
2019-05-05_21:45:24 00869 2.240 -0.800 -1.792 7.960 192.000 1528.320 0.00
2019-05-05_21:45:25 00870 2.240 -0.800 -1.792 7.960 192.400 1531.504 0.00
2019-05-05_21:45:26 00871 2.240 -0.800 -1.792 7.952 196.000 1558.592 0.00
2019-05-05_21:45:27 00872 2.240 -0.800 -1.792 7.936 214.800 1704.653 0.00
2019-05-05_21:45:28 00873 2.240 -0.800 -1.792 7.952 192.000 1526.784 0.00
2019-05-05_21:45:29 00874 2.240 -0.800 -1.792 7.960 191.600 1525.136 0.00
2019-05-05_21:45:30 00875 2.240 -0.800 -1.792 7.944 192.000 1525.248 0.00
2019-05-05_21:45:31 00876 2.240 -0.800 -1.792 7.952 193.200 1536.326 0.00
2019-05-05_21:45:32 00877 2.240 -0.800 -1.792 7.960 192.400 1531.504 0.00
2019-05-05_21:45:33 00878 2.240 -0.800 -1.792 7.952 192.000 1526.784 0.00
2019-05-05_21:45:34 00879 2.240 -0.800 -1.792 7.960 191.600 1525.136 0.00
2019-05-05_21:45:35 00880 2.240 -0.800 -1.792 7.952 191.600 1523.603 0.00
2019-05-05_21:45:36 00881 2.240 -0.800 -1.792 7.960 192.000 1528.320 0.00
2019-05-05_21:45:37 00882 2.240 -0.800 -1.792 7.944 192.400 1528.426 0.00
2019-05-05_21:45:38 00883 2.240 -0.800 -1.792 7.960 191.600 1525.136 0.00
2019-05-05_21:45:39 00884 2.240 -0.800 -1.792 7.952 193.600 1539.507 0.00
2019-05-05_21:45:40 00885 2.240 -0.800 -1.792 7.952 191.600 1523.603 0.00
2019-05-05_21:45:41 00886 2.240 -0.800 -1.792 7.952 191.600 1523.603 0.00
2019-05-05_21:45:42 00887 2.240 -0.800 -1.792 7.952 192.000 1526.784 0.00
2019-05-05_21:45:43 00888 2.240 -0.800 -1.792 7.952 192.000 1526.784 0.00
2019-05-05_21:45:44 00889 2.240 -0.800 -1.792 7.952 191.600 1523.603 0.00
2019-05-05_21:45:45 00890 2.240 -0.800 -1.792 7.952 192.000 1526.784 0.00
2019-05-05_21:45:46 00891 2.240 -0.800 -1.792 7.952 192.000 1526.784 0.00
2019-05-05_21:45:47 00892 2.240 -0.800 -1.792 7.952 192.000 1526.784 0.00
2019-05-05_21:45:48 00893 2.240 -0.800 -1.792 7.936 216.400 1717.350 0.00
2019-05-05_21:45:49 00894 2.240 -0.800 -1.792 7.952 191.600 1523.603 0.00
2019-05-05_21:45:50 00895 2.240 -0.800 -1.792 7.952 191.600 1523.603 0.00
2019-05-05_21:45:51 00896 2.240 -0.800 -1.792 7.952 192.400 1529.965 0.00
2019-05-05_21:45:52 00897 2.240 -0.800 -1.792 7.952 192.000 1526.784 0.00
2019-05-05_21:45:53 00898 2.240 -0.800 -1.792 7.952 202.800 1612.666 0.00
2019-05-05_21:45:54 00899 2.240 -0.800 -1.792 7.952 192.000 1526.784 0.00
2019-05-05_21:45:55 00900 2.240 -0.800 -1.792 7.960 192.000 1528.320 0.00
2019-05-05_21:45:56 00901 2.240 -0.800 -1.792 7.944 192.800 1531.603 0.00
2019-05-05_21:45:57 00902 2.240 -0.800 -1.792 7.952 192.000 1526.784 0.00
2019-05-05_21:45:58 00903 2.240 -0.800 -1.792 7.952 192.000 1526.784 0.00
2019-05-05_21:45:59 00904 2.240 -0.800 -1.792 7.952 196.000 1558.592 0.00
2019-05-05_21:46:00 00905 2.240 -0.800 -1.792 7.952 191.600 1523.603 0.00
2019-05-05_21:46:01 00906 2.240 -0.800 -1.792 7.952 192.000 1526.784 0.00
2019-05-05_21:46:02 00907 2.240 -0.800 -1.792 7.952 192.800 1533.146 0.00
2019-05-05_21:46:03 00908 2.240 -0.800 -1.792 7.952 198.000 1574.496 0.00
2019-05-05_21:46:04 00909 2.240 -0.800 -1.792 7.952 192.000 1526.784 0.00