2019-05-05_00:42:35 03637 11.576 169.600 1963.290 8.328 0.400 3.331 0.75
2019-05-05_00:42:36 03638 11.584 156.000 1807.104 8.352 0.000 0.000 0.75
2019-05-05_00:42:37 03639 11.592 165.200 1914.998 8.360 0.400 3.344 0.75
2019-05-05_00:42:38 03640 11.576 169.200 1958.659 8.360 0.400 3.344 0.76
2019-05-05_00:42:39 03641 11.592 153.200 1775.894 8.376 0.400 3.350 0.76
2019-05-05_00:42:40 03642 11.576 171.200 1981.811 8.376 0.400 3.350 0.76
2019-05-05_00:42:41 03643 11.576 162.400 1879.942 8.400 0.400 3.360 0.76
2019-05-05_00:42:42 03644 11.576 155.600 1801.226 8.408 0.400 3.363 0.75
2019-05-05_00:42:43 03645 11.584 168.800 1955.379 8.296 0.000 0.000 0.77
2019-05-05_00:42:44 03646 11.584 153.200 1774.669 8.544 0.000 0.000 0.76
2019-05-05_00:42:45 03647 11.576 170.800 1977.181 8.400 0.400 3.360 0.76
2019-05-05_00:42:46 03648 11.584 153.200 1774.669 8.424 0.000 0.000 0.75
2019-05-05_00:42:47 03649 11.592 153.600 1780.531 8.320 0.400 3.328 0.75
2019-05-05_00:42:48 03650 11.584 162.000 1876.608 8.328 0.000 0.000 0.75
2019-05-05_00:42:49 03651 11.592 152.800 1771.258 8.336 0.000 0.000 0.75
2019-05-05_00:42:50 03652 11.560 187.600 2168.656 8.344 0.000 0.000 0.75
2019-05-05_00:42:51 03653 11.592 153.200 1775.894 8.360 0.400 3.344 0.75
2019-05-05_00:42:52 03654 11.584 156.000 1807.104 8.368 0.400 3.347 0.76
2019-05-05_00:42:53 03655 11.576 169.600 1963.290 8.368 0.000 0.000 0.76
2019-05-05_00:42:54 03656 11.584 153.200 1774.669 8.392 0.000 0.000 0.76
2019-05-05_00:42:55 03657 11.576 169.600 1963.290 8.392 0.000 0.000 0.76
2019-05-05_00:42:56 03658 11.576 156.400 1810.486 8.408 0.400 3.363 0.75
2019-05-05_00:42:57 03659 11.592 153.200 1775.894 8.304 0.000 0.000 0.75
2019-05-05_00:42:58 03660 11.584 170.400 1973.914 8.312 0.000 0.000 0.75
2019-05-05_00:42:59 03661 11.592 162.800 1887.178 8.328 0.400 3.331 0.75
2019-05-05_00:43:00 03662 11.584 169.200 1960.013 8.336 0.400 3.334 0.75
2019-05-05_00:43:01 03663 11.592 153.200 1775.894 8.352 0.000 0.000 0.75
2019-05-05_00:43:02 03664 11.592 153.200 1775.894 8.360 0.400 3.344 0.75
2019-05-05_00:43:03 03665 11.576 183.600 2125.354 8.360 0.000 0.000 0.76
2019-05-05_00:43:04 03666 11.584 157.200 1821.005 8.376 0.400 3.350 0.76
2019-05-05_00:43:05 03667 11.592 153.200 1775.894 8.392 0.400 3.357 0.76
2019-05-05_00:43:06 03668 11.584 153.200 1774.669 8.400 0.000 0.000 0.76
2019-05-05_00:43:07 03669 11.584 153.200 1774.669 8.408 0.000 0.000 0.75
2019-05-05_00:43:08 03670 11.600 153.200 1777.120 8.304 0.400 3.322 0.75
2019-05-05_00:43:09 03671 11.600 153.200 1777.120 8.320 0.400 3.328 0.75
2019-05-05_00:43:10 03672 11.568 170.800 1975.814 8.320 0.000 0.000 0.75
2019-05-05_00:43:11 03673 11.584 160.800 1862.707 8.336 0.000 0.000 0.75
2019-05-05_00:43:12 03674 11.592 153.200 1775.894 8.352 0.400 3.341 0.75
2019-05-05_00:43:13 03675 11.576 169.200 1958.659 8.352 0.400 3.341 0.75
2019-05-05_00:43:14 03676 11.592 153.600 1780.531 8.368 0.000 0.000 0.76
2019-05-05_00:43:15 03677 11.576 170.000 1967.920 8.368 0.400 3.347 0.76
2019-05-05_00:43:16 03678 11.584 154.400 1788.570 8.392 0.400 3.357 0.76
2019-05-05_00:43:17 03679 11.576 158.000 1829.008 8.400 0.000 0.000 0.76
2019-05-05_00:43:18 03680 11.576 169.200 1958.659 8.400 0.000 0.000 0.76
2019-05-05_00:43:19 03681 11.584 167.200 1936.845 8.424 0.000 0.000 0.75
2019-05-05_00:43:20 03682 11.568 196.800 2276.582 8.296 0.000 0.000 0.77
2019-05-05_00:43:21 03683 11.584 152.800 1770.035 8.560 0.000 0.000 0.76
2019-05-05_00:43:22 03684 11.584 153.200 1774.669 8.424 0.000 0.000 0.75
2019-05-05_00:43:23 03685 11.584 168.800 1955.379 8.304 0.000 0.000 0.75
2019-05-05_00:43:24 03686 11.592 156.400 1812.989 8.328 0.000 0.000 0.75
2019-05-05_00:43:25 03687 11.568 161.200 1864.762 8.336 0.400 3.334 0.75
2019-05-05_00:43:26 03688 11.584 159.600 1848.806 8.352 0.400 3.341 0.75
2019-05-05_00:43:27 03689 11.584 153.200 1774.669 8.360 0.400 3.344 0.75
2019-05-05_00:43:28 03690 11.584 153.200 1774.669 8.368 0.400 3.347 0.76
2019-05-05_00:43:29 03691 11.584 153.600 1779.302 8.376 0.400 3.350 0.76
2019-05-05_00:43:30 03692 11.576 181.600 2102.202 8.384 0.400 3.354 0.76
2019-05-05_00:43:31 03693 11.584 152.800 1770.035 8.400 0.400 3.360 0.76
2019-05-05_00:43:32 03694 11.576 160.800 1861.421 8.408 0.400 3.363 0.75
2019-05-05_00:43:33 03695 11.584 169.200 1960.013 8.296 0.000 0.000 0.77
2019-05-05_00:43:34 03696 11.584 152.800 1770.035 8.544 0.000 0.000 0.76
2019-05-05_00:43:35 03697 11.576 169.200 1958.659 8.400 0.000 0.000 0.76
2019-05-05_00:43:36 03698 11.576 153.600 1778.074 8.424 0.000 0.000 0.75
2019-05-05_00:43:37 03699 11.592 154.000 1785.168 8.320 0.000 0.000 0.75
2019-05-05_00:43:38 03700 11.584 189.200 2191.693 8.320 0.000 0.000 0.75
2019-05-05_00:43:39 03701 11.592 153.200 1775.894 8.328 0.400 3.331 0.75
2019-05-05_00:43:40 03702 11.568 178.400 2063.731 8.336 0.400 3.334 0.75
2019-05-05_00:43:41 03703 11.584 157.600 1825.638 8.360 0.400 3.344 0.75
2019-05-05_00:43:42 03704 11.584 157.200 1821.005 8.368 0.400 3.347 0.76
2019-05-05_00:43:43 03705 11.568 169.600 1961.933 8.368 0.000 0.000 0.76
2019-05-05_00:43:44 03706 11.576 162.000 1875.312 8.392 0.400 3.357 0.76
2019-05-05_00:43:45 03707 11.560 178.400 2062.304 8.392 0.400 3.357 0.76
2019-05-05_00:43:46 03708 11.576 153.600 1778.074 8.408 0.000 0.000 0.75
2019-05-05_00:43:47 03709 11.600 163.600 1897.760 8.304 0.400 3.322 0.75
2019-05-05_00:43:48 03710 11.584 170.000 1969.280 8.304 0.000 0.000 0.75
2019-05-05_00:43:49 03711 11.592 156.000 1808.352 8.328 0.000 0.000 0.75
2019-05-05_00:43:50 03712 11.584 163.600 1895.142 8.336 0.400 3.334 0.75
2019-05-05_00:43:51 03713 11.592 152.800 1771.258 8.344 0.400 3.338 0.75
2019-05-05_00:43:52 03714 11.592 153.600 1780.531 8.360 0.400 3.344 0.75
2019-05-05_00:43:53 03715 11.592 153.200 1775.894 8.368 0.000 0.000 0.76
2019-05-05_00:43:54 03716 11.584 163.600 1895.142 8.376 0.400 3.350 0.76
2019-05-05_00:43:55 03717 11.576 170.400 1972.550 8.376 0.000 0.000 0.76
2019-05-05_00:43:56 03718 11.584 154.800 1793.203 8.400 0.400 3.360 0.76
2019-05-05_00:43:57 03719 11.584 153.600 1779.302 8.408 0.000 0.000 0.75
2019-05-05_00:43:58 03720 11.584 169.600 1964.646 8.296 0.000 0.000 0.77
2019-05-05_00:43:59 03721 11.584 153.200 1774.669 8.544 0.000 0.000 0.76
2019-05-05_00:44:00 03722 11.568 169.200 1957.306 8.400 0.000 0.000 0.76
2019-05-05_00:44:01 03723 11.576 158.800 1838.269 8.424 0.000 0.000 0.75
2019-05-05_00:44:02 03724 11.592 153.600 1780.531 8.312 0.000 0.000 0.75
2019-05-05_00:44:03 03725 11.584 169.600 1964.646 8.312 0.000 0.000 0.75
2019-05-05_00:44:04 03726 11.592 153.600 1780.531 8.336 0.400 3.334 0.75
2019-05-05_00:44:05 03727 11.584 169.600 1964.646 8.344 0.400 3.338 0.75
2019-05-05_00:44:06 03728 11.592 153.200 1775.894 8.352 0.400 3.341 0.75
2019-05-05_00:44:07 03729 11.592 153.200 1775.894 8.368 0.400 3.347 0.76
2019-05-05_00:44:08 03730 11.560 175.600 2029.936 8.368 0.400 3.347 0.76
2019-05-05_00:44:09 03731 11.584 162.800 1885.875 8.392 0.000 0.000 0.76
2019-05-05_00:44:10 03732 11.584 153.600 1779.302 8.400 0.400 3.360 0.76
2019-05-05_00:44:11 03733 11.584 153.600 1779.302 8.408 0.000 0.000 0.75
2019-05-05_00:44:12 03734 11.600 153.200 1777.120 8.304 0.000 0.000 0.75
2019-05-05_00:44:13 03735 11.592 153.600 1780.531 8.320 0.400 3.328 0.75
2019-05-05_00:44:14 03736 11.592 153.200 1775.894 8.328 0.400 3.331 0.75
2019-05-05_00:44:15 03737 11.584 156.800 1816.371 8.336 0.000 0.000 0.75