2019-05-05_22:23:09 03132 2.240 -0.800 -1.792 7.872 193.600 1524.019 0.00
2019-05-05_22:23:10 03133 2.240 -0.800 -1.792 7.880 193.600 1525.568 0.00
2019-05-05_22:23:11 03134 2.240 -0.800 -1.792 7.880 193.200 1522.416 0.00
2019-05-05_22:23:12 03135 2.240 -0.800 -1.792 7.880 193.600 1525.568 0.00
2019-05-05_22:23:13 03136 2.240 -0.800 -1.792 7.880 194.000 1528.720 0.00
2019-05-05_22:23:14 03137 2.240 -0.800 -1.792 7.880 193.600 1525.568 0.00
2019-05-05_22:23:15 03138 2.240 -0.800 -1.792 7.880 194.000 1528.720 0.00
2019-05-05_22:23:16 03139 2.240 -0.800 -1.792 7.880 193.200 1522.416 0.00
2019-05-05_22:23:17 03140 2.240 -0.800 -1.792 7.880 193.600 1525.568 0.00
2019-05-05_22:23:18 03141 2.240 -0.800 -1.792 7.880 193.600 1525.568 0.00
2019-05-05_22:23:19 03142 2.240 -0.800 -1.792 7.880 194.800 1535.024 0.00
2019-05-05_22:23:20 03143 2.240 -0.800 -1.792 7.872 193.600 1524.019 0.00
2019-05-05_22:23:21 03144 2.240 -0.800 -1.792 7.880 193.200 1522.416 0.00
2019-05-05_22:23:22 03145 2.240 -0.800 -1.792 7.880 194.000 1528.720 0.00
2019-05-05_22:23:23 03146 2.240 -0.800 -1.792 7.880 193.600 1525.568 0.00
2019-05-05_22:23:24 03147 2.240 -0.800 -1.792 7.872 193.600 1524.019 0.00
2019-05-05_22:23:25 03148 2.240 -0.800 -1.792 7.880 193.200 1522.416 0.00
2019-05-05_22:23:26 03149 2.240 -0.800 -1.792 7.880 193.600 1525.568 0.00
2019-05-05_22:23:27 03150 2.240 -0.400 -0.896 7.864 219.600 1726.934 0.00
2019-05-05_22:23:28 03151 2.240 -0.800 -1.792 7.872 193.200 1520.870 0.00
2019-05-05_22:23:29 03152 2.240 -0.800 -1.792 7.880 194.000 1528.720 0.00
2019-05-05_22:23:30 03153 2.240 -0.800 -1.792 7.880 193.200 1522.416 0.00
2019-05-05_22:23:31 03154 2.240 -0.800 -1.792 7.880 193.600 1525.568 0.00
2019-05-05_22:23:32 03155 2.240 -0.800 -1.792 7.880 202.400 1594.912 0.00
2019-05-05_22:23:33 03156 2.240 -0.800 -1.792 7.880 194.400 1531.872 0.00
2019-05-05_22:23:34 03157 2.240 -0.800 -1.792 7.880 193.600 1525.568 0.00
2019-05-05_22:23:35 03158 2.240 -0.800 -1.792 7.872 193.200 1520.870 0.00
2019-05-05_22:23:36 03159 2.240 -0.800 -1.792 7.880 193.600 1525.568 0.00
2019-05-05_22:23:37 03160 2.240 -0.800 -1.792 7.864 193.600 1522.470 0.00
2019-05-05_22:23:38 03161 2.240 -0.800 -1.792 7.880 194.800 1535.024 0.00
2019-05-05_22:23:39 03162 2.240 -0.800 -1.792 7.880 193.600 1525.568 0.00
2019-05-05_22:23:40 03163 2.240 -0.800 -1.792 7.864 216.000 1698.624 0.00
2019-05-05_22:23:41 03164 2.240 -0.800 -1.792 7.864 193.600 1522.470 0.00
2019-05-05_22:23:42 03165 2.240 -0.800 -1.792 7.880 193.600 1525.568 0.00
2019-05-05_22:23:43 03166 2.240 -0.800 -1.792 7.864 213.200 1676.605 0.00
2019-05-05_22:23:44 03167 2.240 -0.800 -1.792 7.880 194.400 1531.872 0.00
2019-05-05_22:23:45 03168 2.240 -0.800 -1.792 7.880 193.600 1525.568 0.00
2019-05-05_22:23:46 03169 2.240 -0.800 -1.792 7.864 215.200 1692.333 0.00
2019-05-05_22:23:47 03170 2.240 -0.800 -1.792 7.880 193.200 1522.416 0.00
2019-05-05_22:23:48 03171 2.240 -0.800 -1.792 7.880 193.600 1525.568 0.00
2019-05-05_22:23:49 03172 2.240 -0.800 -1.792 7.856 212.800 1671.757 0.00
2019-05-05_22:23:50 03173 2.240 -0.800 -1.792 7.880 194.000 1528.720 0.00
2019-05-05_22:23:51 03174 2.240 -0.800 -1.792 7.880 194.000 1528.720 0.00
2019-05-05_22:23:52 03175 2.240 -0.800 -1.792 7.856 220.000 1728.320 0.00
2019-05-05_22:23:53 03176 2.240 -0.800 -1.792 7.880 196.000 1544.480 0.00
2019-05-05_22:23:54 03177 2.240 -0.800 -1.792 7.880 193.200 1522.416 0.00
2019-05-05_22:23:55 03178 2.240 -0.800 -1.792 7.856 219.600 1725.178 0.00
2019-05-05_22:23:56 03179 2.240 -0.800 -1.792 7.880 194.000 1528.720 0.00
2019-05-05_22:23:57 03180 2.240 -0.800 -1.792 7.880 194.400 1531.872 0.00
2019-05-05_22:23:58 03181 2.240 -0.800 -1.792 7.856 220.000 1728.320 0.00
2019-05-05_22:23:59 03182 2.240 -0.800 -1.792 7.872 194.000 1527.168 0.00
2019-05-05_22:24:00 03183 2.240 -0.800 -1.792 7.880 193.600 1525.568 0.00
2019-05-05_22:24:01 03184 2.240 -0.800 -1.792 7.856 219.600 1725.178 0.00
2019-05-05_22:24:02 03185 2.240 -0.800 -1.792 7.880 193.200 1522.416 0.00
2019-05-05_22:24:03 03186 2.240 -0.800 -1.792 7.864 194.400 1528.762 0.00
2019-05-05_22:24:04 03187 2.240 -0.800 -1.792 7.856 220.000 1728.320 0.00
2019-05-05_22:24:05 03188 2.240 -0.800 -1.792 7.880 195.200 1538.176 0.00
2019-05-05_22:24:06 03189 2.240 -0.800 -1.792 7.880 194.000 1528.720 0.00
2019-05-05_22:24:07 03190 2.240 -0.800 -1.792 7.856 194.400 1527.206 0.00
2019-05-05_22:24:08 03191 2.240 -0.800 -1.792 7.880 193.600 1525.568 0.00
2019-05-05_22:24:09 03192 2.240 -0.800 -1.792 7.880 193.600 1525.568 0.00
2019-05-05_22:24:10 03193 2.240 -0.800 -1.792 7.864 194.000 1525.616 0.00
2019-05-05_22:24:11 03194 2.240 -0.800 -1.792 7.880 194.000 1528.720 0.00
2019-05-05_22:24:12 03195 2.240 -0.800 -1.792 7.880 193.600 1525.568 0.00
2019-05-05_22:24:13 03196 2.240 -0.800 -1.792 7.880 194.000 1528.720 0.00
2019-05-05_22:24:14 03197 2.240 -0.800 -1.792 7.864 193.600 1522.470 0.00
2019-05-05_22:24:15 03198 2.240 -0.800 -1.792 7.880 193.600 1525.568 0.00
2019-05-05_22:24:16 03199 2.240 -0.800 -1.792 7.880 194.800 1535.024 0.00
2019-05-05_22:24:17 03200 2.240 -0.800 -1.792 7.880 193.600 1525.568 0.00
2019-05-05_22:24:18 03201 2.240 -0.400 -0.896 7.880 200.400 1579.152 0.00
2019-05-05_22:24:19 03202 2.240 -0.800 -1.792 7.880 194.000 1528.720 0.00
2019-05-05_22:24:20 03203 2.240 -0.800 -1.792 7.880 194.400 1531.872 0.00
2019-05-05_22:24:21 03204 2.240 -0.800 -1.792 7.880 193.600 1525.568 0.00
2019-05-05_22:24:22 03205 2.240 -0.800 -1.792 7.880 194.000 1528.720 0.00
2019-05-05_22:24:23 03206 2.240 -0.800 -1.792 7.880 193.600 1525.568 0.00
2019-05-05_22:24:24 03207 2.240 -0.800 -1.792 7.872 194.000 1527.168 0.00
2019-05-05_22:24:25 03208 2.240 -0.800 -1.792 7.880 194.000 1528.720 0.00
2019-05-05_22:24:26 03209 2.240 -0.800 -1.792 7.880 193.600 1525.568 0.00
2019-05-05_22:24:27 03210 2.240 -0.800 -1.792 7.856 218.800 1718.893 0.00
2019-05-05_22:24:28 03211 2.240 -0.800 -1.792 7.864 194.000 1525.616 0.00
2019-05-05_22:24:29 03212 2.240 -0.800 -1.792 7.880 194.000 1528.720 0.00
2019-05-05_22:24:30 03213 2.240 -0.800 -1.792 7.880 194.000 1528.720 0.00
2019-05-05_22:24:31 03214 2.240 -0.800 -1.792 7.880 194.000 1528.720 0.00
2019-05-05_22:24:32 03215 2.240 -0.800 -1.792 7.872 193.600 1524.019 0.00
2019-05-05_22:24:33 03216 2.240 -0.800 -1.792 7.880 193.600 1525.568 0.00
2019-05-05_22:24:34 03217 2.240 -0.800 -1.792 7.880 194.400 1531.872 0.00
2019-05-05_22:24:35 03218 2.240 -0.800 -1.792 7.880 194.400 1531.872 0.00
2019-05-05_22:24:36 03219 2.240 -0.800 -1.792 7.880 193.600 1525.568 0.00
2019-05-05_22:24:37 03220 2.240 -0.800 -1.792 7.856 218.000 1712.608 0.00
2019-05-05_22:24:38 03221 2.240 -0.800 -1.792 7.880 193.600 1525.568 0.00
2019-05-05_22:24:39 03222 2.240 -0.800 -1.792 7.880 193.600 1525.568 0.00
2019-05-05_22:24:40 03223 2.240 -0.800 -1.792 7.880 194.400 1531.872 0.00
2019-05-05_22:24:41 03224 2.240 -0.800 -1.792 7.880 194.800 1535.024 0.00
2019-05-05_22:24:42 03225 2.240 -0.800 -1.792 7.872 193.600 1524.019 0.00
2019-05-05_22:24:43 03226 2.240 -0.800 -1.792 7.880 193.600 1525.568 0.00
2019-05-05_22:24:44 03227 2.240 -0.800 -1.792 7.872 193.600 1524.019 0.00
2019-05-05_22:24:45 03228 2.240 -0.800 -1.792 7.880 193.200 1522.416 0.00
2019-05-05_22:24:46 03229 2.240 -0.800 -1.792 7.880 195.600 1541.328 0.00
2019-05-05_22:24:47 03230 2.240 -0.800 -1.792 7.880 194.000 1528.720 0.00
2019-05-05_22:24:48 03231 2.240 -0.800 -1.792 7.880 195.600 1541.328 0.00
2019-05-05_22:24:49 03232 2.240 -0.800 -1.792 7.880 193.600 1525.568 0.00