2019-05-05_02:08:04 00045 11.568 185.200 2142.394 8.296 0.000 0.000 0.77
2019-05-05_02:08:05 00046 11.568 164.400 1901.779 8.552 0.000 0.000 0.76
2019-05-05_02:08:06 00047 11.568 170.000 1966.560 8.400 0.400 3.360 0.76
2019-05-05_02:08:07 00048 11.576 155.200 1796.595 8.424 0.000 0.000 0.75
2019-05-05_02:08:08 00049 11.584 164.800 1909.043 8.312 0.400 3.325 0.75
2019-05-05_02:08:09 00050 11.592 153.600 1780.531 8.320 0.000 0.000 0.75
2019-05-05_02:08:10 00051 11.592 152.800 1771.258 8.336 0.000 0.000 0.75
2019-05-05_02:08:11 00052 11.584 168.400 1950.746 8.336 0.400 3.334 0.75
2019-05-05_02:08:12 00053 11.592 153.200 1775.894 8.352 0.400 3.341 0.75
2019-05-05_02:08:13 00054 11.584 154.400 1788.570 8.368 0.400 3.347 0.76
2019-05-05_02:08:14 00055 11.576 188.800 2185.549 8.368 0.400 3.347 0.76
2019-05-05_02:08:15 00056 11.584 153.200 1774.669 8.384 0.000 0.000 0.76
2019-05-05_02:08:16 00057 11.576 170.800 1977.181 8.384 0.400 3.354 0.76
2019-05-05_02:08:17 00058 11.576 165.200 1912.355 8.408 0.400 3.363 0.75
2019-05-05_02:08:18 00059 11.584 166.800 1932.211 8.304 0.000 0.000 0.75
2019-05-05_02:08:19 00060 11.584 169.600 1964.646 8.304 0.400 3.322 0.75
2019-05-05_02:08:20 00061 11.584 160.000 1853.440 8.328 0.400 3.331 0.75
2019-05-05_02:08:21 00062 11.584 167.600 1941.478 8.328 0.000 0.000 0.75
2019-05-05_02:08:22 00063 11.584 164.800 1909.043 8.344 0.400 3.338 0.75
2019-05-05_02:08:23 00064 11.592 153.200 1775.894 8.352 0.400 3.341 0.75
2019-05-05_02:08:24 00065 11.592 153.200 1775.894 8.368 0.400 3.347 0.76
2019-05-05_02:08:25 00066 11.584 153.600 1779.302 8.376 0.400 3.350 0.76
2019-05-05_02:08:26 00067 11.576 168.000 1944.768 8.384 0.000 0.000 0.76
2019-05-05_02:08:27 00068 11.576 165.200 1912.355 8.400 0.400 3.360 0.76
2019-05-05_02:08:28 00069 11.584 153.200 1774.669 8.408 0.000 0.000 0.75
2019-05-05_02:08:29 00070 11.584 169.200 1960.013 8.296 0.000 0.000 0.77
2019-05-05_02:08:30 00071 11.552 185.600 2144.051 8.536 0.000 0.000 0.76
2019-05-05_02:08:31 00072 11.576 169.600 1963.290 8.400 0.400 3.360 0.76
2019-05-05_02:08:32 00073 11.584 153.600 1779.302 8.416 0.000 0.000 0.75
2019-05-05_02:08:33 00074 11.592 153.200 1775.894 8.312 0.000 0.000 0.75
2019-05-05_02:08:34 00075 11.584 161.200 1867.341 8.328 0.000 0.000 0.75
2019-05-05_02:08:35 00076 11.584 164.800 1909.043 8.336 0.400 3.334 0.75
2019-05-05_02:08:36 00077 11.592 154.400 1789.805 8.344 0.000 0.000 0.75
2019-05-05_02:08:37 00078 11.592 153.600 1780.531 8.360 0.400 3.344 0.75
2019-05-05_02:08:38 00079 11.576 158.800 1838.269 8.368 0.400 3.347 0.76
2019-05-05_02:08:39 00080 11.576 169.200 1958.659 8.368 0.400 3.347 0.76
2019-05-05_02:08:40 00081 11.584 153.200 1774.669 8.392 0.400 3.357 0.76
2019-05-05_02:08:41 00082 11.576 170.800 1977.181 8.392 0.400 3.357 0.76
2019-05-05_02:08:42 00083 11.576 163.200 1889.203 8.408 0.400 3.363 0.75
2019-05-05_02:08:43 00084 11.584 164.800 1909.043 8.304 0.000 0.000 0.75
2019-05-05_02:08:44 00085 11.584 169.600 1964.646 8.304 0.400 3.322 0.75
2019-05-05_02:08:45 00086 11.592 153.600 1780.531 8.328 0.400 3.331 0.75
2019-05-05_02:08:46 00087 11.584 162.000 1876.608 8.336 0.400 3.334 0.75
2019-05-05_02:08:47 00088 11.584 164.800 1909.043 8.352 0.400 3.341 0.75
2019-05-05_02:08:48 00089 11.592 153.600 1780.531 8.352 0.400 3.341 0.75
2019-05-05_02:08:49 00090 11.568 169.200 1957.306 8.360 0.400 3.344 0.76
2019-05-05_02:08:50 00091 11.576 164.800 1907.725 8.376 0.400 3.350 0.76
2019-05-05_02:08:51 00092 11.576 164.400 1903.094 8.392 0.400 3.357 0.76
2019-05-05_02:08:52 00093 11.584 154.400 1788.570 8.400 0.400 3.360 0.76
2019-05-05_02:08:53 00094 11.584 154.800 1793.203 8.408 0.400 3.363 0.75
2019-05-05_02:08:54 00095 11.584 159.600 1848.806 8.304 0.000 0.000 0.75
2019-05-05_02:08:55 00096 11.584 164.400 1904.410 8.312 0.400 3.325 0.75
2019-05-05_02:08:56 00097 11.592 153.600 1780.531 8.320 0.000 0.000 0.75
2019-05-05_02:08:57 00098 11.592 153.200 1775.894 8.336 0.000 0.000 0.75
2019-05-05_02:08:58 00099 11.584 157.600 1825.638 8.352 0.400 3.341 0.75
2019-05-05_02:08:59 00100 11.560 185.200 2140.912 8.352 0.400 3.341 0.75
2019-05-05_02:09:00 00101 11.584 164.400 1904.410 8.368 0.400 3.347 0.76
2019-05-05_02:09:01 00102 11.576 169.600 1963.290 8.368 0.400 3.347 0.76
2019-05-05_02:09:02 00103 11.584 153.200 1774.669 8.384 0.400 3.354 0.76
2019-05-05_02:09:03 00104 11.584 153.600 1779.302 8.392 0.400 3.357 0.76
2019-05-05_02:09:04 00105 11.568 169.200 1957.306 8.400 0.400 3.360 0.76
2019-05-05_02:09:05 00106 11.576 157.200 1819.747 8.424 0.000 0.000 0.75
2019-05-05_02:09:06 00107 11.584 162.400 1881.242 8.320 0.000 0.000 0.75
2019-05-05_02:09:07 00108 11.584 164.400 1904.410 8.328 0.000 0.000 0.75
2019-05-05_02:09:08 00109 11.592 165.600 1919.635 8.336 0.000 0.000 0.75
2019-05-05_02:09:09 00110 11.584 169.600 1964.646 8.336 0.000 0.000 0.75
2019-05-05_02:09:10 00111 11.584 153.200 1774.669 8.360 0.400 3.344 0.75
2019-05-05_02:09:11 00112 11.576 171.200 1981.811 8.360 0.000 0.000 0.76
2019-05-05_02:09:12 00113 11.576 164.800 1907.725 8.376 0.400 3.350 0.76
2019-05-05_02:09:13 00114 11.584 153.600 1779.302 8.392 0.400 3.357 0.76
2019-05-05_02:09:14 00115 11.584 153.200 1774.669 8.400 0.400 3.360 0.76
2019-05-05_02:09:15 00116 11.576 157.600 1824.378 8.408 0.000 0.000 0.75
2019-05-05_02:09:16 00117 11.584 164.400 1904.410 8.304 0.000 0.000 0.75
2019-05-05_02:09:17 00118 11.600 153.200 1777.120 8.312 0.000 0.000 0.75
2019-05-05_02:09:18 00119 11.592 153.200 1775.894 8.328 0.400 3.331 0.75
2019-05-05_02:09:19 00120 11.584 154.800 1793.203 8.336 0.400 3.334 0.75
2019-05-05_02:09:20 00121 11.584 162.400 1881.242 8.344 0.400 3.338 0.75
2019-05-05_02:09:21 00122 11.576 173.200 2004.963 8.352 0.400 3.341 0.75
2019-05-05_02:09:22 00123 11.592 154.800 1794.442 8.360 0.400 3.344 0.76
2019-05-05_02:09:23 00124 11.584 154.000 1783.936 8.376 0.400 3.350 0.76
2019-05-05_02:09:24 00125 11.560 182.000 2103.920 8.384 0.400 3.354 0.76
2019-05-05_02:09:25 00126 11.584 165.600 1918.310 8.400 0.400 3.360 0.76
2019-05-05_02:09:26 00127 11.576 170.000 1967.920 8.400 0.400 3.360 0.76
2019-05-05_02:09:27 00128 11.576 154.800 1791.965 8.416 0.400 3.366 0.75
2019-05-05_02:09:28 00129 11.584 162.400 1881.242 8.320 0.000 0.000 0.75
2019-05-05_02:09:29 00130 11.584 170.400 1973.914 8.320 0.000 0.000 0.75
2019-05-05_02:09:30 00131 11.584 171.600 1987.814 8.312 0.000 0.000 0.75
2019-05-05_02:09:31 00132 11.568 175.600 2031.341 8.336 0.000 0.000 0.75
2019-05-05_02:09:32 00133 11.584 166.000 1922.944 8.352 0.400 3.341 0.75
2019-05-05_02:09:33 00134 11.576 166.000 1921.616 8.360 0.400 3.344 0.76
2019-05-05_02:09:34 00135 11.568 196.000 2267.328 8.360 0.400 3.344 0.76
2019-05-05_02:09:35 00136 11.576 169.200 1958.659 8.384 0.400 3.354 0.76
2019-05-05_02:09:36 00137 11.576 170.000 1967.920 8.392 0.000 0.000 0.76
2019-05-05_02:09:37 00138 11.576 169.200 1958.659 8.400 0.000 0.000 0.76
2019-05-05_02:09:38 00139 11.576 165.600 1916.986 8.416 0.400 3.366 0.75
2019-05-05_02:09:39 00140 11.584 168.400 1950.746 8.304 0.000 0.000 0.75
2019-05-05_02:09:40 00141 11.584 168.800 1955.379 8.312 0.000 0.000 0.75
2019-05-05_02:09:41 00142 11.576 168.400 1949.398 8.328 0.000 0.000 0.75
2019-05-05_02:09:42 00143 11.584 169.600 1964.646 8.336 0.000 0.000 0.75
2019-05-05_02:09:43 00144 11.560 199.200 2302.752 8.336 0.000 0.000 0.75
2019-05-05_02:09:44 00145 11.568 183.600 2123.885 8.344 0.000 0.000 0.76