2019-05-05_00:54:23 04344 11.576 180.400 2088.310 8.336 0.000 0.000 0.75
2019-05-05_00:54:24 04345 11.576 170.400 1972.550 8.360 0.400 3.344 0.76
2019-05-05_00:54:25 04346 11.576 168.000 1944.768 8.368 0.400 3.347 0.76
2019-05-05_00:54:26 04347 11.576 169.200 1958.659 8.384 0.000 0.000 0.76
2019-05-05_00:54:27 04348 11.576 169.600 1963.290 8.392 0.400 3.357 0.76
2019-05-05_00:54:28 04349 11.568 183.200 2119.258 8.384 0.000 0.000 0.76
2019-05-05_00:54:29 04350 11.576 166.000 1921.616 8.408 0.000 0.000 0.75
2019-05-05_00:54:30 04351 11.584 166.000 1922.944 8.304 0.000 0.000 0.75
2019-05-05_00:54:31 04352 11.584 170.400 1973.914 8.320 0.400 3.328 0.75
2019-05-05_00:54:32 04353 11.584 170.000 1969.280 8.328 0.000 0.000 0.75
2019-05-05_00:54:33 04354 11.584 170.000 1969.280 8.336 0.400 3.334 0.75
2019-05-05_00:54:34 04355 11.576 166.000 1921.616 8.352 0.400 3.341 0.75
2019-05-05_00:54:35 04356 11.560 200.000 2312.000 8.344 0.000 0.000 0.76
2019-05-05_00:54:36 04357 11.576 168.400 1949.398 8.368 0.400 3.347 0.76
2019-05-05_00:54:37 04358 11.576 170.000 1967.920 8.384 0.400 3.354 0.76
2019-05-05_00:54:38 04359 11.552 200.400 2315.021 8.376 0.400 3.350 0.76
2019-05-05_00:54:39 04360 11.568 172.400 1994.323 8.408 0.400 3.363 0.75
2019-05-05_00:54:40 04361 11.568 177.200 2049.850 8.288 0.000 0.000 0.77
2019-05-05_00:54:41 04362 11.568 170.000 1966.560 8.528 0.000 0.000 0.76
2019-05-05_00:54:42 04363 11.576 169.600 1963.290 8.400 0.400 3.360 0.76
2019-05-05_00:54:43 04364 11.552 192.800 2227.226 8.416 0.000 0.000 0.75
2019-05-05_00:54:44 04365 11.584 170.000 1969.280 8.304 0.000 0.000 0.75
2019-05-05_00:54:45 04366 11.560 195.600 2261.136 8.304 0.000 0.000 0.75
2019-05-05_00:54:46 04367 11.584 170.000 1969.280 8.328 0.400 3.331 0.75
2019-05-05_00:54:47 04368 11.584 169.200 1960.013 8.336 0.400 3.334 0.75
2019-05-05_00:54:48 04369 11.560 194.400 2247.264 8.344 0.000 0.000 0.75
2019-05-05_00:54:49 04370 11.576 170.000 1967.920 8.360 0.400 3.344 0.76
2019-05-05_00:54:50 04371 11.576 169.200 1958.659 8.376 0.400 3.350 0.76
2019-05-05_00:54:51 04372 11.576 168.000 1944.768 8.376 0.400 3.350 0.76
2019-05-05_00:54:52 04373 11.576 170.000 1967.920 8.392 0.000 0.000 0.76
2019-05-05_00:54:53 04374 11.576 161.600 1870.682 8.400 0.400 3.360 0.76
2019-05-05_00:54:54 04375 11.568 170.800 1975.814 8.416 0.000 0.000 0.75
2019-05-05_00:54:55 04376 11.584 169.600 1964.646 8.304 0.400 3.322 0.75
2019-05-05_00:54:56 04377 11.584 168.400 1950.746 8.312 0.000 0.000 0.75
2019-05-05_00:54:57 04378 11.584 170.400 1973.914 8.328 0.400 3.331 0.75
2019-05-05_00:54:58 04379 11.560 194.000 2242.640 8.320 0.000 0.000 0.75
2019-05-05_00:54:59 04380 11.576 168.800 1954.029 8.352 0.400 3.341 0.75
2019-05-05_00:55:00 04381 11.576 182.800 2116.093 8.344 0.000 0.000 0.76
2019-05-05_00:55:01 04382 11.584 157.600 1825.638 8.368 0.400 3.347 0.76
2019-05-05_00:55:02 04383 11.576 158.400 1833.638 8.384 0.000 0.000 0.76
2019-05-05_00:55:03 04384 11.552 195.200 2254.950 8.384 0.400 3.354 0.76
2019-05-05_00:55:04 04385 11.576 170.000 1967.920 8.400 0.400 3.360 0.76
2019-05-05_00:55:05 04386 11.552 194.800 2250.330 8.400 0.000 0.000 0.76
2019-05-05_00:55:06 04387 11.568 169.600 1961.933 8.432 0.000 0.000 0.75
2019-05-05_00:55:07 04388 11.584 169.200 1960.013 8.320 0.000 0.000 0.75
2019-05-05_00:55:08 04389 11.568 192.000 2221.056 8.312 0.000 0.000 0.75
2019-05-05_00:55:09 04390 11.576 170.400 1972.550 8.336 0.000 0.000 0.75
2019-05-05_00:55:10 04391 11.576 194.800 2255.005 8.336 0.000 0.000 0.75
2019-05-05_00:55:11 04392 11.576 170.400 1972.550 8.360 0.400 3.344 0.76
2019-05-05_00:55:12 04393 11.576 170.400 1972.550 8.368 0.400 3.347 0.76
2019-05-05_00:55:13 04394 11.576 170.000 1967.920 8.376 0.400 3.350 0.76
2019-05-05_00:55:14 04395 11.576 166.800 1930.877 8.392 0.400 3.357 0.76
2019-05-05_00:55:15 04396 11.552 188.000 2171.776 8.384 0.000 0.000 0.76
2019-05-05_00:55:16 04397 11.568 170.400 1971.187 8.408 0.400 3.363 0.75
2019-05-05_00:55:17 04398 11.592 157.600 1826.899 8.304 0.000 0.000 0.75
2019-05-05_00:55:18 04399 11.584 160.400 1858.074 8.312 0.400 3.325 0.75
2019-05-05_00:55:19 04400 11.584 169.200 1960.013 8.328 0.400 3.331 0.75
2019-05-05_00:55:20 04401 11.576 193.200 2236.483 8.344 0.000 0.000 0.75
2019-05-05_00:55:21 04402 11.584 170.400 1973.914 8.352 0.400 3.341 0.75
2019-05-05_00:55:22 04403 11.576 170.800 1977.181 8.360 0.400 3.344 0.76
2019-05-05_00:55:23 04404 11.576 182.000 2106.832 8.360 0.400 3.344 0.76
2019-05-05_00:55:24 04405 11.584 158.000 1830.272 8.376 0.400 3.350 0.76
2019-05-05_00:55:25 04406 11.560 180.800 2090.048 8.392 0.400 3.357 0.76
2019-05-05_00:55:26 04407 11.576 170.000 1967.920 8.408 0.400 3.363 0.75
2019-05-05_00:55:27 04408 11.584 170.000 1969.280 8.296 0.000 0.000 0.77
2019-05-05_00:55:28 04409 11.552 196.400 2268.813 8.520 0.000 0.000 0.76
2019-05-05_00:55:29 04410 11.576 169.600 1963.290 8.400 0.000 0.000 0.76
2019-05-05_00:55:30 04411 11.568 168.800 1952.678 8.408 0.000 0.000 0.75
2019-05-05_00:55:31 04412 11.584 170.000 1969.280 8.304 0.000 0.000 0.75
2019-05-05_00:55:32 04413 11.584 160.000 1853.440 8.312 0.400 3.325 0.75
2019-05-05_00:55:33 04414 11.560 179.200 2071.552 8.320 0.400 3.328 0.75
2019-05-05_00:55:34 04415 11.584 169.200 1960.013 8.344 0.400 3.338 0.75
2019-05-05_00:55:35 04416 11.576 168.400 1949.398 8.352 0.400 3.341 0.75
2019-05-05_00:55:36 04417 11.576 170.000 1967.920 8.360 0.000 0.000 0.76
2019-05-05_00:55:37 04418 11.576 167.600 1940.138 8.376 0.400 3.350 0.76
2019-05-05_00:55:38 04419 11.576 170.400 1972.550 8.384 0.400 3.354 0.76
2019-05-05_00:55:39 04420 11.576 170.400 1972.550 8.392 0.000 0.000 0.76
2019-05-05_00:55:40 04421 11.552 181.200 2093.222 8.384 0.000 0.000 0.76
2019-05-05_00:55:41 04422 11.568 168.400 1948.051 8.408 0.000 0.000 0.75
2019-05-05_00:55:42 04423 11.584 168.800 1955.379 8.304 0.400 3.322 0.75
2019-05-05_00:55:43 04424 11.576 193.200 2236.483 8.304 0.000 0.000 0.75
2019-05-05_00:55:44 04425 11.584 168.000 1946.112 8.328 0.400 3.331 0.75
2019-05-05_00:55:45 04426 11.560 195.200 2256.512 8.320 0.400 3.328 0.75
2019-05-05_00:55:46 04427 11.576 169.200 1958.659 8.352 0.400 3.341 0.75
2019-05-05_00:55:47 04428 11.576 169.200 1958.659 8.360 0.400 3.344 0.76
2019-05-05_00:55:48 04429 11.560 191.600 2214.896 8.352 0.000 0.000 0.76
2019-05-05_00:55:49 04430 11.576 167.600 1940.138 8.384 0.000 0.000 0.76
2019-05-05_00:55:50 04431 11.568 169.600 1961.933 8.376 0.000 0.000 0.76
2019-05-05_00:55:51 04432 11.576 168.000 1944.768 8.400 0.000 0.000 0.76
2019-05-05_00:55:52 04433 11.568 169.200 1957.306 8.408 0.000 0.000 0.75
2019-05-05_00:55:53 04434 11.560 196.400 2270.384 8.296 0.000 0.000 0.77
2019-05-05_00:55:54 04435 11.568 170.400 1971.187 8.544 0.000 0.000 0.76
2019-05-05_00:55:55 04436 11.576 168.800 1954.029 8.408 0.000 0.000 0.75
2019-05-05_00:55:56 04437 11.584 166.800 1932.211 8.304 0.000 0.000 0.75
2019-05-05_00:55:57 04438 11.584 169.600 1964.646 8.320 0.400 3.328 0.75
2019-05-05_00:55:58 04439 11.584 170.400 1973.914 8.328 0.000 0.000 0.75
2019-05-05_00:55:59 04440 11.576 168.400 1949.398 8.336 0.400 3.334 0.75
2019-05-05_00:56:00 04441 11.576 169.600 1963.290 8.352 0.400 3.341 0.75
2019-05-05_00:56:01 04442 11.576 170.000 1967.920 8.360 0.400 3.344 0.76
2019-05-05_00:56:02 04443 11.576 170.000 1967.920 8.368 0.400 3.347 0.76
2019-05-05_00:56:03 04444 11.576 169.600 1963.290 8.384 0.400 3.354 0.76