2019-05-04_23:46:56 00304 11.600 152.400 1767.840 8.312 0.000 0.000 0.75
2019-05-04_23:46:57 00305 11.600 152.400 1767.840 8.320 0.000 0.000 0.75
2019-05-04_23:46:58 00306 11.592 152.800 1771.258 8.328 0.000 0.000 0.75
2019-05-04_23:46:59 00307 11.576 168.800 1954.029 8.328 0.000 0.000 0.75
2019-05-04_23:47:00 00308 11.592 152.800 1771.258 8.352 0.400 3.341 0.75
2019-05-04_23:47:01 00309 11.584 161.200 1867.341 8.360 0.400 3.344 0.75
2019-05-04_23:47:02 00310 11.592 164.400 1905.725 8.376 0.400 3.350 0.76
2019-05-04_23:47:03 00311 11.584 152.400 1765.402 8.376 0.400 3.350 0.76
2019-05-04_23:47:04 00312 11.576 169.200 1958.659 8.384 0.400 3.354 0.76
2019-05-04_23:47:05 00313 11.576 161.600 1870.682 8.400 0.400 3.360 0.76
2019-05-04_23:47:06 00314 11.584 163.200 1890.509 8.416 0.000 0.000 0.75
2019-05-04_23:47:07 00315 11.584 161.600 1871.974 8.312 0.000 0.000 0.75
2019-05-04_23:47:08 00316 11.592 152.800 1771.258 8.320 0.000 0.000 0.75
2019-05-04_23:47:09 00317 11.584 168.800 1955.379 8.320 0.000 0.000 0.75
2019-05-04_23:47:10 00318 11.592 153.200 1775.894 8.336 0.000 0.000 0.75
2019-05-04_23:47:11 00319 11.592 153.600 1780.531 8.352 0.000 0.000 0.75
2019-05-04_23:47:12 00320 11.584 154.400 1788.570 8.360 0.400 3.344 0.75
2019-05-04_23:47:13 00321 11.576 160.400 1856.790 8.368 0.400 3.347 0.76
2019-05-04_23:47:14 00322 11.576 168.400 1949.398 8.376 0.400 3.350 0.76
2019-05-04_23:47:15 00323 11.592 152.800 1771.258 8.384 0.400 3.354 0.76
2019-05-04_23:47:16 00324 11.576 152.800 1768.813 8.400 0.400 3.360 0.76
2019-05-04_23:47:17 00325 11.576 160.000 1852.160 8.416 0.000 0.000 0.75
2019-05-04_23:47:18 00326 11.584 163.200 1890.509 8.312 0.000 0.000 0.75
2019-05-04_23:47:19 00327 11.584 168.000 1946.112 8.320 0.400 3.328 0.75
2019-05-04_23:47:20 00328 11.584 158.000 1830.272 8.328 0.000 0.000 0.75
2019-05-04_23:47:21 00329 11.584 163.600 1895.142 8.344 0.000 0.000 0.75
2019-05-04_23:47:22 00330 11.576 168.000 1944.768 8.344 0.000 0.000 0.75
2019-05-04_23:47:23 00331 11.592 152.800 1771.258 8.360 0.000 0.000 0.75
2019-05-04_23:47:24 00332 11.584 159.600 1848.806 8.368 0.400 3.347 0.76
2019-05-04_23:47:25 00333 11.576 165.600 1916.986 8.368 0.000 0.000 0.76
2019-05-04_23:47:26 00334 11.584 152.800 1770.035 8.392 0.400 3.357 0.76
2019-05-04_23:47:27 00335 11.584 152.400 1765.402 8.400 0.400 3.360 0.76
2019-05-04_23:47:28 00336 11.576 170.800 1977.181 8.400 0.000 0.000 0.76
2019-05-04_23:47:29 00337 11.560 169.600 1960.576 8.416 0.000 0.000 0.75
2019-05-04_23:47:30 00338 11.584 162.400 1881.242 8.320 0.000 0.000 0.75
2019-05-04_23:47:31 00339 11.584 172.000 1992.448 8.328 0.400 3.331 0.75
2019-05-04_23:47:32 00340 11.592 152.400 1766.621 8.336 0.400 3.334 0.75
2019-05-04_23:47:33 00341 11.592 152.400 1766.621 8.352 0.000 0.000 0.75
2019-05-04_23:47:34 00342 11.576 169.200 1958.659 8.352 0.000 0.000 0.75
2019-05-04_23:47:35 00343 11.576 162.000 1875.312 8.376 0.400 3.350 0.76
2019-05-04_23:47:36 00344 11.592 163.600 1896.451 8.384 0.400 3.354 0.76
2019-05-04_23:47:37 00345 11.592 152.800 1771.258 8.392 0.400 3.357 0.76
2019-05-04_23:47:38 00346 11.584 152.400 1765.402 8.400 0.400 3.360 0.76
2019-05-04_23:47:39 00347 11.576 168.800 1954.029 8.400 0.000 0.000 0.76
2019-05-04_23:47:40 00348 11.576 152.800 1768.813 8.424 0.000 0.000 0.75
2019-05-04_23:47:41 00349 11.584 163.200 1890.509 8.320 0.000 0.000 0.75
2019-05-04_23:47:42 00350 11.592 163.600 1896.451 8.328 0.400 3.331 0.75
2019-05-04_23:47:43 00351 11.592 152.800 1771.258 8.336 0.000 0.000 0.75
2019-05-04_23:47:44 00352 11.576 168.400 1949.398 8.344 0.400 3.338 0.75
2019-05-04_23:47:45 00353 11.584 162.000 1876.608 8.360 0.000 0.000 0.75
2019-05-04_23:47:46 00354 11.576 164.400 1903.094 8.376 0.400 3.350 0.76
2019-05-04_23:47:47 00355 11.592 152.800 1771.258 8.376 0.400 3.350 0.76
2019-05-04_23:47:48 00356 11.584 152.400 1765.402 8.392 0.000 0.000 0.76
2019-05-04_23:47:49 00357 11.560 169.200 1955.952 8.392 0.000 0.000 0.76
2019-05-04_23:47:50 00358 11.576 160.400 1856.790 8.408 0.000 0.000 0.75
2019-05-04_23:47:51 00359 11.592 162.000 1877.904 8.312 0.000 0.000 0.75
2019-05-04_23:47:52 00360 11.584 158.400 1834.906 8.320 0.000 0.000 0.75
2019-05-04_23:47:53 00361 11.592 164.000 1901.088 8.328 0.000 0.000 0.75
2019-05-04_23:47:54 00362 11.584 168.800 1955.379 8.328 0.000 0.000 0.75
2019-05-04_23:47:55 00363 11.592 152.800 1771.258 8.352 0.400 3.341 0.75
2019-05-04_23:47:56 00364 11.592 166.400 1928.909 8.360 0.400 3.344 0.75
2019-05-04_23:47:57 00365 11.592 152.800 1771.258 8.368 0.400 3.347 0.76
2019-05-04_23:47:58 00366 11.584 152.400 1765.402 8.376 0.000 0.000 0.76
2019-05-04_23:47:59 00367 11.576 169.600 1963.290 8.384 0.400 3.354 0.76
2019-05-04_23:48:00 00368 11.576 153.600 1778.074 8.400 0.000 0.000 0.76
2019-05-04_23:48:01 00369 11.576 162.000 1875.312 8.408 0.400 3.363 0.75
2019-05-04_23:48:02 00370 11.600 165.200 1916.320 8.312 0.000 0.000 0.75
2019-05-04_23:48:03 00371 11.600 152.800 1772.480 8.320 0.400 3.328 0.75
2019-05-04_23:48:04 00372 11.584 156.000 1807.104 8.328 0.000 0.000 0.75
2019-05-04_23:48:05 00373 11.584 152.800 1770.035 8.336 0.400 3.334 0.75
2019-05-04_23:48:06 00374 11.584 162.400 1881.242 8.352 0.400 3.341 0.75
2019-05-04_23:48:07 00375 11.592 163.200 1891.814 8.360 0.400 3.344 0.75
2019-05-04_23:48:08 00376 11.576 163.200 1889.203 8.368 0.400 3.347 0.76
2019-05-04_23:48:09 00377 11.576 168.800 1954.029 8.376 0.000 0.000 0.76
2019-05-04_23:48:10 00378 11.584 152.400 1765.402 8.392 0.400 3.357 0.76
2019-05-04_23:48:11 00379 11.584 152.400 1765.402 8.400 0.400 3.360 0.76
2019-05-04_23:48:12 00380 11.584 152.800 1770.035 8.416 0.400 3.366 0.75
2019-05-04_23:48:13 00381 11.592 155.600 1803.715 8.312 0.000 0.000 0.75
2019-05-04_23:48:14 00382 11.568 172.800 1998.950 8.312 0.000 0.000 0.75
2019-05-04_23:48:15 00383 11.584 161.600 1871.974 8.336 0.000 0.000 0.75
2019-05-04_23:48:16 00384 11.592 152.800 1771.258 8.336 0.000 0.000 0.75
2019-05-04_23:48:17 00385 11.592 152.800 1771.258 8.352 0.000 0.000 0.75
2019-05-04_23:48:18 00386 11.584 152.800 1770.035 8.360 0.000 0.000 0.75
2019-05-04_23:48:19 00387 11.560 172.400 1992.944 8.360 0.000 0.000 0.76
2019-05-04_23:48:20 00388 11.576 159.200 1842.899 8.384 0.400 3.354 0.76
2019-05-04_23:48:21 00389 11.576 163.600 1893.834 8.392 0.000 0.000 0.76
2019-05-04_23:48:22 00390 11.584 152.400 1765.402 8.400 0.400 3.360 0.76
2019-05-04_23:48:23 00391 11.584 152.400 1765.402 8.416 0.000 0.000 0.75
2019-05-04_23:48:24 00392 11.592 161.200 1868.630 8.312 0.000 0.000 0.75
2019-05-04_23:48:25 00393 11.592 152.400 1766.621 8.320 0.000 0.000 0.75
2019-05-04_23:48:26 00394 11.592 153.200 1775.894 8.328 0.400 3.331 0.75
2019-05-04_23:48:27 00395 11.592 152.800 1771.258 8.336 0.000 0.000 0.75
2019-05-04_23:48:28 00396 11.592 152.800 1771.258 8.352 0.400 3.341 0.75
2019-05-04_23:48:29 00397 11.568 168.800 1952.678 8.352 0.000 0.000 0.75
2019-05-04_23:48:30 00398 11.576 161.200 1866.051 8.368 0.400 3.347 0.76
2019-05-04_23:48:31 00399 11.584 152.800 1770.035 8.384 0.400 3.354 0.76
2019-05-04_23:48:32 00400 11.576 159.600 1847.530 8.392 0.400 3.357 0.76
2019-05-04_23:48:33 00401 11.576 162.800 1884.573 8.400 0.400 3.360 0.76
2019-05-04_23:48:34 00402 11.576 168.400 1949.398 8.400 0.000 0.000 0.76
2019-05-04_23:48:35 00403 11.584 152.800 1770.035 8.416 0.400 3.366 0.75
2019-05-04_23:48:36 00404 11.584 154.400 1788.570 8.320 0.000 0.000 0.75