2019-05-05_22:06:18 02122 2.240 -0.800 -1.792 7.920 192.400 1523.808 0.00
2019-05-05_22:06:19 02123 2.240 -0.800 -1.792 7.920 192.400 1523.808 0.00
2019-05-05_22:06:20 02124 2.240 -0.400 -0.896 7.920 192.800 1526.976 0.00
2019-05-05_22:06:21 02125 2.240 -0.800 -1.792 7.912 192.800 1525.434 0.00
2019-05-05_22:06:22 02126 2.240 -0.800 -1.792 7.920 193.600 1533.312 0.00
2019-05-05_22:06:23 02127 2.240 -0.800 -1.792 7.920 192.400 1523.808 0.00
2019-05-05_22:06:24 02128 2.240 -0.800 -1.792 7.920 192.800 1526.976 0.00
2019-05-05_22:06:25 02129 2.240 -0.800 -1.792 7.920 192.800 1526.976 0.00
2019-05-05_22:06:26 02130 2.240 -0.800 -1.792 7.920 192.800 1526.976 0.00
2019-05-05_22:06:27 02131 2.240 -0.800 -1.792 7.896 217.200 1715.011 0.00
2019-05-05_22:06:28 02132 2.240 -0.800 -1.792 7.896 218.400 1724.486 0.00
2019-05-05_22:06:29 02133 2.240 -0.800 -1.792 7.920 192.800 1526.976 0.00
2019-05-05_22:06:30 02134 2.240 -0.800 -1.792 7.920 192.400 1523.808 0.00
2019-05-05_22:06:31 02135 2.240 -0.800 -1.792 7.920 193.200 1530.144 0.00
2019-05-05_22:06:32 02136 2.240 -0.800 -1.792 7.920 192.800 1526.976 0.00
2019-05-05_22:06:33 02137 2.240 -0.800 -1.792 7.920 192.800 1526.976 0.00
2019-05-05_22:06:34 02138 2.240 -0.800 -1.792 7.920 193.600 1533.312 0.00
2019-05-05_22:06:35 02139 2.240 -0.800 -1.792 7.920 192.800 1526.976 0.00
2019-05-05_22:06:36 02140 2.240 -0.800 -1.792 7.920 192.800 1526.976 0.00
2019-05-05_22:06:37 02141 2.240 -0.800 -1.792 7.920 192.800 1526.976 0.00
2019-05-05_22:06:38 02142 2.240 -0.800 -1.792 7.912 196.000 1550.752 0.00
2019-05-05_22:06:39 02143 2.240 -0.800 -1.792 7.920 193.600 1533.312 0.00
2019-05-05_22:06:40 02144 2.240 -0.800 -1.792 7.920 192.800 1526.976 0.00
2019-05-05_22:06:41 02145 2.240 -0.800 -1.792 7.904 192.400 1520.730 0.00
2019-05-05_22:06:42 02146 2.240 -0.800 -1.792 7.920 193.200 1530.144 0.00
2019-05-05_22:06:43 02147 2.240 -0.800 -1.792 7.920 192.800 1526.976 0.00
2019-05-05_22:06:44 02148 2.240 -0.800 -1.792 7.920 192.400 1523.808 0.00
2019-05-05_22:06:45 02149 2.240 -0.800 -1.792 7.920 193.600 1533.312 0.00
2019-05-05_22:06:46 02150 2.240 -0.800 -1.792 7.920 192.400 1523.808 0.00
2019-05-05_22:06:47 02151 2.240 -0.800 -1.792 7.920 192.800 1526.976 0.00
2019-05-05_22:06:48 02152 2.240 -0.800 -1.792 7.912 192.800 1525.434 0.00
2019-05-05_22:06:49 02153 2.240 -0.800 -1.792 7.920 193.200 1530.144 0.00
2019-05-05_22:06:50 02154 2.240 -0.800 -1.792 7.920 192.800 1526.976 0.00
2019-05-05_22:06:51 02155 2.240 -0.800 -1.792 7.912 192.800 1525.434 0.00
2019-05-05_22:06:52 02156 2.240 -0.800 -1.792 7.920 194.000 1536.480 0.00
2019-05-05_22:06:53 02157 2.240 -0.800 -1.792 7.920 193.200 1530.144 0.00
2019-05-05_22:06:54 02158 2.240 -0.800 -1.792 7.912 197.600 1563.411 0.00
2019-05-05_22:06:55 02159 2.240 -0.800 -1.792 7.920 192.000 1520.640 0.00
2019-05-05_22:06:56 02160 2.240 -0.800 -1.792 7.912 192.800 1525.434 0.00
2019-05-05_22:06:57 02161 2.240 -0.800 -1.792 7.920 192.800 1526.976 0.00
2019-05-05_22:06:58 02162 2.240 -0.800 -1.792 7.896 217.200 1715.011 0.00
2019-05-05_22:06:59 02163 2.240 -0.800 -1.792 7.920 193.600 1533.312 0.00
2019-05-05_22:07:00 02164 2.240 -0.800 -1.792 7.912 192.800 1525.434 0.00
2019-05-05_22:07:01 02165 2.240 -0.800 -1.792 7.920 192.800 1526.976 0.00
2019-05-05_22:07:02 02166 2.240 -0.800 -1.792 7.912 192.400 1522.269 0.00
2019-05-05_22:07:03 02167 2.240 -0.800 -1.792 7.912 194.800 1541.258 0.00
2019-05-05_22:07:04 02168 2.240 -0.800 -1.792 7.912 192.400 1522.269 0.00
2019-05-05_22:07:05 02169 2.240 -0.800 -1.792 7.912 195.600 1547.587 0.00
2019-05-05_22:07:06 02170 2.240 -0.800 -1.792 7.912 194.400 1538.093 0.00
2019-05-05_22:07:07 02171 2.240 -0.800 -1.792 7.912 192.800 1525.434 0.00
2019-05-05_22:07:08 02172 2.240 -0.800 -1.792 7.912 193.200 1528.598 0.00
2019-05-05_22:07:09 02173 2.240 -0.800 -1.792 7.912 192.800 1525.434 0.00
2019-05-05_22:07:10 02174 2.240 -0.800 -1.792 7.912 192.800 1525.434 0.00
2019-05-05_22:07:11 02175 2.240 -0.800 -1.792 7.912 199.600 1579.235 0.00
2019-05-05_22:07:12 02176 2.240 -0.800 -1.792 7.912 192.800 1525.434 0.00
2019-05-05_22:07:13 02177 2.240 -0.800 -1.792 7.912 193.200 1528.598 0.00
2019-05-05_22:07:14 02178 2.240 -0.800 -1.792 7.912 198.000 1566.576 0.00
2019-05-05_22:07:15 02179 2.240 -0.800 -1.792 7.912 193.200 1528.598 0.00
2019-05-05_22:07:16 02180 2.240 -0.800 -1.792 7.912 192.800 1525.434 0.00
2019-05-05_22:07:17 02181 2.240 -0.800 -1.792 7.912 192.800 1525.434 0.00
2019-05-05_22:07:18 02182 2.240 -0.800 -1.792 7.904 192.800 1523.891 0.00
2019-05-05_22:07:19 02183 2.240 -0.800 -1.792 7.912 193.200 1528.598 0.00
2019-05-05_22:07:20 02184 2.240 -0.800 -1.792 7.912 193.600 1531.763 0.00
2019-05-05_22:07:21 02185 2.240 -0.800 -1.792 7.912 193.200 1528.598 0.00
2019-05-05_22:07:22 02186 2.240 -0.800 -1.792 7.912 198.000 1566.576 0.00
2019-05-05_22:07:23 02187 2.240 -0.800 -1.792 7.912 193.200 1528.598 0.00
2019-05-05_22:07:24 02188 2.240 -0.800 -1.792 7.912 193.600 1531.763 0.00
2019-05-05_22:07:25 02189 2.240 -0.800 -1.792 7.912 193.200 1528.598 0.00
2019-05-05_22:07:26 02190 2.240 -0.400 -0.896 7.912 196.800 1557.082 0.00
2019-05-05_22:07:27 02191 2.240 -0.800 -1.792 7.896 217.200 1715.011 0.00
2019-05-05_22:07:28 02192 2.240 -0.800 -1.792 7.912 195.600 1547.587 0.00
2019-05-05_22:07:29 02193 2.240 -0.800 -1.792 7.912 193.200 1528.598 0.00
2019-05-05_22:07:30 02194 2.240 -0.800 -1.792 7.912 193.200 1528.598 0.00
2019-05-05_22:07:31 02195 2.240 -0.800 -1.792 7.912 193.200 1528.598 0.00
2019-05-05_22:07:32 02196 2.240 -0.800 -1.792 7.912 192.800 1525.434 0.00
2019-05-05_22:07:33 02197 2.240 -0.800 -1.792 7.912 192.400 1522.269 0.00
2019-05-05_22:07:34 02198 2.240 -0.800 -1.792 7.912 193.600 1531.763 0.00
2019-05-05_22:07:35 02199 2.240 -0.800 -1.792 7.912 197.600 1563.411 0.00
2019-05-05_22:07:36 02200 2.240 -0.800 -1.792 7.912 192.800 1525.434 0.00
2019-05-05_22:07:37 02201 2.240 -0.800 -1.792 7.912 193.600 1531.763 0.00
2019-05-05_22:07:38 02202 2.240 -0.800 -1.792 7.912 192.800 1525.434 0.00
2019-05-05_22:07:39 02203 2.240 -0.800 -1.792 7.912 193.200 1528.598 0.00
2019-05-05_22:07:40 02204 2.240 -0.800 -1.792 7.912 193.200 1528.598 0.00
2019-05-05_22:07:41 02205 2.240 -0.800 -1.792 7.912 193.200 1528.598 0.00
2019-05-05_22:07:42 02206 2.240 -0.800 -1.792 7.912 193.200 1528.598 0.00
2019-05-05_22:07:43 02207 2.240 -0.800 -1.792 7.912 193.200 1528.598 0.00
2019-05-05_22:07:44 02208 2.240 -0.800 -1.792 7.912 193.600 1531.763 0.00
2019-05-05_22:07:45 02209 2.240 -0.800 -1.792 7.912 192.800 1525.434 0.00
2019-05-05_22:07:46 02210 2.240 -0.800 -1.792 7.912 192.400 1522.269 0.00
2019-05-05_22:07:47 02211 2.240 -0.800 -1.792 7.912 192.800 1525.434 0.00
2019-05-05_22:07:48 02212 2.240 -0.800 -1.792 7.912 194.000 1534.928 0.00
2019-05-05_22:07:49 02213 2.240 -0.800 -1.792 7.904 192.800 1523.891 0.00
2019-05-05_22:07:50 02214 2.240 -0.400 -0.896 7.912 194.000 1534.928 0.00
2019-05-05_22:07:51 02215 2.240 -0.800 -1.792 7.912 192.400 1522.269 0.00
2019-05-05_22:07:52 02216 2.240 -0.800 -1.792 7.912 193.200 1528.598 0.00
2019-05-05_22:07:53 02217 2.240 -0.800 -1.792 7.912 192.800 1525.434 0.00
2019-05-05_22:07:54 02218 2.240 -0.800 -1.792 7.912 193.200 1528.598 0.00
2019-05-05_22:07:55 02219 2.240 -0.800 -1.792 7.912 193.200 1528.598 0.00
2019-05-05_22:07:56 02220 2.240 -0.800 -1.792 7.904 193.600 1530.214 0.00
2019-05-05_22:07:57 02221 2.240 -0.800 -1.792 7.912 193.200 1528.598 0.00
2019-05-05_22:07:58 02222 2.240 -0.800 -1.792 7.912 193.200 1528.598 0.00