2019-05-05_21:54:30 01415 2.240 -0.800 -1.792 7.944 197.600 1569.734 0.00
2019-05-05_21:54:31 01416 2.240 -0.800 -1.792 7.944 192.400 1528.426 0.00
2019-05-05_21:54:32 01417 2.240 -0.800 -1.792 7.944 192.400 1528.426 0.00
2019-05-05_21:54:33 01418 2.240 -0.800 -1.792 7.936 192.800 1530.061 0.00
2019-05-05_21:54:34 01419 2.240 -0.800 -1.792 7.944 192.400 1528.426 0.00
2019-05-05_21:54:35 01420 2.240 -0.800 -1.792 7.936 193.600 1536.410 0.00
2019-05-05_21:54:36 01421 2.240 -0.800 -1.792 7.944 192.000 1525.248 0.00
2019-05-05_21:54:37 01422 2.240 -0.800 -1.792 7.928 191.600 1519.005 0.00
2019-05-05_21:54:38 01423 2.240 -0.800 -1.792 7.936 192.400 1526.886 0.00
2019-05-05_21:54:39 01424 2.240 -0.800 -1.792 7.936 192.000 1523.712 0.00
2019-05-05_21:54:40 01425 2.240 -0.800 -1.792 7.944 191.600 1522.070 0.00
2019-05-05_21:54:41 01426 2.240 -0.800 -1.792 7.936 193.600 1536.410 0.00
2019-05-05_21:54:42 01427 2.240 -0.800 -1.792 7.944 200.400 1591.978 0.00
2019-05-05_21:54:43 01428 2.240 -0.800 -1.792 7.936 192.400 1526.886 0.00
2019-05-05_21:54:44 01429 2.240 -0.800 -1.792 7.936 192.000 1523.712 0.00
2019-05-05_21:54:45 01430 2.240 -0.800 -1.792 7.944 192.000 1525.248 0.00
2019-05-05_21:54:46 01431 2.240 -0.800 -1.792 7.944 197.200 1566.557 0.00
2019-05-05_21:54:47 01432 2.240 -0.800 -1.792 7.936 192.000 1523.712 0.00
2019-05-05_21:54:48 01433 2.240 -0.800 -1.792 7.936 192.800 1530.061 0.00
2019-05-05_21:54:49 01434 2.240 -0.800 -1.792 7.936 192.400 1526.886 0.00
2019-05-05_21:54:50 01435 2.240 -0.800 -1.792 7.936 192.400 1526.886 0.00
2019-05-05_21:54:51 01436 2.240 -0.800 -1.792 7.944 192.000 1525.248 0.00
2019-05-05_21:54:52 01437 2.240 -0.800 -1.792 7.920 216.000 1710.720 0.00
2019-05-05_21:54:53 01438 2.240 -0.800 -1.792 7.936 192.400 1526.886 0.00
2019-05-05_21:54:54 01439 2.240 -0.800 -1.792 7.944 192.400 1528.426 0.00
2019-05-05_21:54:55 01440 2.240 -0.800 -1.792 7.944 195.600 1553.846 0.00
2019-05-05_21:54:56 01441 2.240 -0.400 -0.896 7.936 192.000 1523.712 0.00
2019-05-05_21:54:57 01442 2.240 -0.800 -1.792 7.944 192.000 1525.248 0.00
2019-05-05_21:54:58 01443 2.240 -0.800 -1.792 7.944 192.000 1525.248 0.00
2019-05-05_21:54:59 01444 2.240 -0.800 -1.792 7.928 191.600 1519.005 0.00
2019-05-05_21:55:00 01445 2.240 -0.800 -1.792 7.936 192.000 1523.712 0.00
2019-05-05_21:55:01 01446 2.240 -0.800 -1.792 7.936 191.600 1520.538 0.00
2019-05-05_21:55:02 01447 2.240 -0.800 -1.792 7.936 192.000 1523.712 0.00
2019-05-05_21:55:03 01448 2.240 -0.800 -1.792 7.936 192.400 1526.886 0.00
2019-05-05_21:55:04 01449 2.240 -0.800 -1.792 7.944 192.000 1525.248 0.00
2019-05-05_21:55:05 01450 2.240 -0.800 -1.792 7.936 192.800 1530.061 0.00
2019-05-05_21:55:06 01451 2.240 -0.800 -1.792 7.936 192.400 1526.886 0.00
2019-05-05_21:55:07 01452 2.240 -0.800 -1.792 7.936 193.600 1536.410 0.00
2019-05-05_21:55:08 01453 2.240 -0.800 -1.792 7.936 192.400 1526.886 0.00
2019-05-05_21:55:09 01454 2.240 -0.800 -1.792 7.936 192.800 1530.061 0.00
2019-05-05_21:55:10 01455 2.240 -0.800 -1.792 7.936 192.400 1526.886 0.00
2019-05-05_21:55:11 01456 2.240 -0.800 -1.792 7.936 192.400 1526.886 0.00
2019-05-05_21:55:12 01457 2.240 -0.800 -1.792 7.936 192.000 1523.712 0.00
2019-05-05_21:55:13 01458 2.240 -0.800 -1.792 7.928 192.400 1525.347 0.00
2019-05-05_21:55:14 01459 2.240 -0.800 -1.792 7.936 191.600 1520.538 0.00
2019-05-05_21:55:15 01460 2.240 -0.800 -1.792 7.936 192.000 1523.712 0.00
2019-05-05_21:55:16 01461 2.240 -0.800 -1.792 7.936 192.800 1530.061 0.00
2019-05-05_21:55:17 01462 2.240 -0.400 -0.896 7.936 192.000 1523.712 0.00
2019-05-05_21:55:18 01463 2.240 -0.800 -1.792 7.936 192.800 1530.061 0.00
2019-05-05_21:55:19 01464 2.240 -0.800 -1.792 7.936 192.000 1523.712 0.00
2019-05-05_21:55:20 01465 2.240 -0.800 -1.792 7.936 192.800 1530.061 0.00
2019-05-05_21:55:21 01466 2.240 -0.800 -1.792 7.936 192.000 1523.712 0.00
2019-05-05_21:55:22 01467 2.240 -0.800 -1.792 7.920 216.400 1713.888 0.00
2019-05-05_21:55:23 01468 2.240 -0.800 -1.792 7.936 192.000 1523.712 0.00
2019-05-05_21:55:24 01469 2.240 -0.800 -1.792 7.936 192.400 1526.886 0.00
2019-05-05_21:55:25 01470 2.240 -0.800 -1.792 7.936 192.000 1523.712 0.00
2019-05-05_21:55:26 01471 2.240 -0.800 -1.792 7.888 261.200 2060.346 0.00
2019-05-05_21:55:27 01472 2.240 -0.800 -1.792 7.928 192.400 1525.347 0.00
2019-05-05_21:55:28 01473 2.240 -0.800 -1.792 7.936 192.000 1523.712 0.00
2019-05-05_21:55:29 01474 2.240 -0.800 -1.792 7.936 192.400 1526.886 0.00
2019-05-05_21:55:30 01475 2.240 -0.800 -1.792 7.936 192.400 1526.886 0.00
2019-05-05_21:55:31 01476 2.240 -0.800 -1.792 7.936 192.400 1526.886 0.00
2019-05-05_21:55:32 01477 2.240 -0.800 -1.792 7.936 192.400 1526.886 0.00
2019-05-05_21:55:33 01478 2.240 -0.800 -1.792 7.936 192.400 1526.886 0.00
2019-05-05_21:55:34 01479 2.240 -0.800 -1.792 7.936 192.000 1523.712 0.00
2019-05-05_21:55:35 01480 2.240 -0.800 -1.792 7.936 192.000 1523.712 0.00
2019-05-05_21:55:36 01481 2.240 -0.800 -1.792 7.936 192.000 1523.712 0.00
2019-05-05_21:55:37 01482 2.240 -0.800 -1.792 7.936 192.800 1530.061 0.00
2019-05-05_21:55:38 01483 2.240 -0.800 -1.792 7.936 192.400 1526.886 0.00
2019-05-05_21:55:40 01484 2.240 -0.800 -1.792 7.936 192.000 1523.712 0.00
2019-05-05_21:55:41 01485 2.240 -0.800 -1.792 7.936 192.400 1526.886 0.00
2019-05-05_21:55:42 01486 2.240 -0.800 -1.792 7.936 192.000 1523.712 0.00
2019-05-05_21:55:43 01487 2.240 -0.800 -1.792 7.936 192.000 1523.712 0.00
2019-05-05_21:55:44 01488 2.240 -0.800 -1.792 7.936 200.400 1590.374 0.00
2019-05-05_21:55:45 01489 2.240 -0.800 -1.792 7.936 192.000 1523.712 0.00
2019-05-05_21:55:46 01490 2.240 -0.800 -1.792 7.936 192.000 1523.712 0.00
2019-05-05_21:55:47 01491 2.240 -0.800 -1.792 7.936 191.600 1520.538 0.00
2019-05-05_21:55:48 01492 2.240 -0.800 -1.792 7.936 192.400 1526.886 0.00
2019-05-05_21:55:49 01493 2.240 -0.800 -1.792 7.936 193.200 1533.235 0.00
2019-05-05_21:55:50 01494 2.240 -0.800 -1.792 7.936 192.800 1530.061 0.00
2019-05-05_21:55:51 01495 2.240 -0.800 -1.792 7.936 200.400 1590.374 0.00
2019-05-05_21:55:52 01496 2.240 -0.800 -1.792 7.936 192.400 1526.886 0.00
2019-05-05_21:55:53 01497 2.240 -0.800 -1.792 7.936 192.000 1523.712 0.00
2019-05-05_21:55:54 01498 2.240 -0.800 -1.792 7.936 201.200 1596.723 0.00
2019-05-05_21:55:55 01499 2.240 -0.800 -1.792 7.936 192.800 1530.061 0.00
2019-05-05_21:55:56 01500 2.240 -0.800 -1.792 7.936 192.000 1523.712 0.00
2019-05-05_21:55:57 01501 2.240 -0.800 -1.792 7.928 191.600 1519.005 0.00
2019-05-05_21:55:58 01502 2.240 -0.800 -1.792 7.936 192.000 1523.712 0.00
2019-05-05_21:55:59 01503 2.240 -0.800 -1.792 7.936 192.000 1523.712 0.00
2019-05-05_21:56:00 01504 2.240 -0.800 -1.792 7.936 198.800 1577.677 0.00
2019-05-05_21:56:01 01505 2.240 -0.800 -1.792 7.936 192.000 1523.712 0.00
2019-05-05_21:56:02 01506 2.240 -0.800 -1.792 7.936 192.800 1530.061 0.00
2019-05-05_21:56:03 01507 2.240 -0.800 -1.792 7.936 192.000 1523.712 0.00
2019-05-05_21:56:04 01508 2.240 -0.800 -1.792 7.936 196.000 1555.456 0.00
2019-05-05_21:56:05 01509 2.240 -0.800 -1.792 7.936 192.400 1526.886 0.00
2019-05-05_21:56:06 01510 2.240 -0.800 -1.792 7.936 191.600 1520.538 0.00
2019-05-05_21:56:07 01511 2.240 -0.800 -1.792 7.936 192.000 1523.712 0.00
2019-05-05_21:56:08 01512 2.240 -0.800 -1.792 7.936 195.200 1549.107 0.00
2019-05-05_21:56:09 01513 2.240 -0.800 -1.792 7.936 192.400 1526.886 0.00
2019-05-05_21:56:10 01514 2.240 -0.800 -1.792 7.936 192.400 1526.886 0.00
2019-05-05_21:56:11 01515 2.240 -0.800 -1.792 7.928 192.000 1522.176 0.00