2019-05-05_22:38:19 04041 2.240 -0.800 -1.792 7.848 205.200 1610.410 0.00
2019-05-05_22:38:20 04042 2.240 -0.800 -1.792 7.848 193.600 1519.373 0.00
2019-05-05_22:38:21 04043 2.240 -0.400 -0.896 7.848 194.400 1525.651 0.00
2019-05-05_22:38:22 04044 2.240 -0.800 -1.792 7.832 195.200 1528.806 0.00
2019-05-05_22:38:23 04045 2.240 -0.800 -1.792 7.848 194.000 1522.512 0.00
2019-05-05_22:38:24 04046 2.240 -0.800 -1.792 7.848 194.400 1525.651 0.00
2019-05-05_22:38:25 04047 2.240 -0.800 -1.792 7.840 194.400 1524.096 0.00
2019-05-05_22:38:26 04048 2.240 -0.800 -1.792 7.848 200.400 1572.739 0.00
2019-05-05_22:38:27 04049 2.240 -0.800 -1.792 7.824 219.200 1715.021 0.00
2019-05-05_22:38:28 04050 2.240 -0.800 -1.792 7.848 194.400 1525.651 0.00
2019-05-05_22:38:29 04051 2.240 -0.800 -1.792 7.832 194.800 1525.674 0.00
2019-05-05_22:38:30 04052 2.240 -0.800 -1.792 7.840 194.400 1524.096 0.00
2019-05-05_22:38:31 04053 2.240 -0.800 -1.792 7.840 194.800 1527.232 0.00
2019-05-05_22:38:32 04054 2.240 -0.800 -1.792 7.840 194.400 1524.096 0.00
2019-05-05_22:38:33 04055 2.240 -0.800 -1.792 7.840 200.800 1574.272 0.00
2019-05-05_22:38:34 04056 2.240 -0.800 -1.792 7.840 194.800 1527.232 0.00
2019-05-05_22:38:35 04057 2.240 -0.800 -1.792 7.848 194.400 1525.651 0.00
2019-05-05_22:38:36 04058 2.240 -0.800 -1.792 7.840 194.800 1527.232 0.00
2019-05-05_22:38:37 04059 2.240 -0.800 -1.792 7.848 194.000 1522.512 0.00
2019-05-05_22:38:38 04060 2.240 -0.800 -1.792 7.848 194.000 1522.512 0.00
2019-05-05_22:38:39 04061 2.240 -0.800 -1.792 7.848 194.000 1522.512 0.00
2019-05-05_22:38:40 04062 2.240 -0.800 -1.792 7.832 196.000 1535.072 0.00
2019-05-05_22:38:41 04063 2.240 -0.800 -1.792 7.848 194.000 1522.512 0.00
2019-05-05_22:38:42 04064 2.240 -0.800 -1.792 7.840 197.600 1549.184 0.00
2019-05-05_22:38:43 04065 2.240 -0.800 -1.792 7.840 195.200 1530.368 0.00
2019-05-05_22:38:44 04066 2.240 -0.800 -1.792 7.840 194.400 1524.096 0.00
2019-05-05_22:38:45 04067 2.240 -0.800 -1.792 7.848 194.400 1525.651 0.00
2019-05-05_22:38:46 04068 2.240 -0.800 -1.792 7.840 195.200 1530.368 0.00
2019-05-05_22:38:47 04069 2.240 -0.800 -1.792 7.840 194.800 1527.232 0.00
2019-05-05_22:38:48 04070 2.240 -0.800 -1.792 7.840 194.800 1527.232 0.00
2019-05-05_22:38:49 04071 2.240 -0.800 -1.792 7.840 194.400 1524.096 0.00
2019-05-05_22:38:50 04072 2.240 -0.800 -1.792 7.840 194.800 1527.232 0.00
2019-05-05_22:38:51 04073 2.240 -0.800 -1.792 7.848 194.800 1528.790 0.00
2019-05-05_22:38:52 04074 2.240 -0.800 -1.792 7.840 194.400 1524.096 0.00
2019-05-05_22:38:53 04075 2.240 -0.800 -1.792 7.840 194.800 1527.232 0.00
2019-05-05_22:38:54 04076 2.240 -0.800 -1.792 7.848 194.800 1528.790 0.00
2019-05-05_22:38:55 04077 2.240 -0.800 -1.792 7.848 194.400 1525.651 0.00
2019-05-05_22:38:56 04078 2.240 -0.800 -1.792 7.840 194.800 1527.232 0.00
2019-05-05_22:38:57 04079 2.240 -0.800 -1.792 7.840 194.800 1527.232 0.00
2019-05-05_22:38:58 04080 2.240 -0.800 -1.792 7.840 194.400 1524.096 0.00
2019-05-05_22:38:59 04081 2.240 -0.800 -1.792 7.840 199.600 1564.864 0.00
2019-05-05_22:39:00 04082 2.240 -0.800 -1.792 7.848 194.000 1522.512 0.00
2019-05-05_22:39:01 04083 2.240 -0.800 -1.792 7.840 197.200 1546.048 0.00
2019-05-05_22:39:02 04084 2.240 -0.800 -1.792 7.840 194.400 1524.096 0.00
2019-05-05_22:39:03 04085 2.240 -0.800 -1.792 7.840 194.800 1527.232 0.00
2019-05-05_22:39:04 04086 2.240 -0.800 -1.792 7.840 195.200 1530.368 0.00
2019-05-05_22:39:05 04087 2.240 -0.800 -1.792 7.840 195.200 1530.368 0.00
2019-05-05_22:39:06 04088 2.240 -0.800 -1.792 7.840 194.400 1524.096 0.00
2019-05-05_22:39:07 04089 2.240 -0.800 -1.792 7.840 194.400 1524.096 0.00
2019-05-05_22:39:08 04090 2.240 -0.800 -1.792 7.840 194.800 1527.232 0.00
2019-05-05_22:39:09 04091 2.240 -0.800 -1.792 7.840 194.400 1524.096 0.00
2019-05-05_22:39:10 04092 2.240 -0.800 -1.792 7.840 194.400 1524.096 0.00
2019-05-05_22:39:11 04093 2.240 -0.800 -1.792 7.840 195.200 1530.368 0.00
2019-05-05_22:39:12 04094 2.240 -0.800 -1.792 7.832 195.600 1531.939 0.00
2019-05-05_22:39:13 04095 2.240 -0.800 -1.792 7.840 194.400 1524.096 0.00
2019-05-05_22:39:14 04096 2.240 -0.800 -1.792 7.840 196.400 1539.776 0.00
2019-05-05_22:39:15 04097 2.240 -0.800 -1.792 7.840 194.400 1524.096 0.00
2019-05-05_22:39:16 04098 2.240 -0.800 -1.792 7.840 194.400 1524.096 0.00
2019-05-05_22:39:17 04099 2.240 -0.800 -1.792 7.840 194.800 1527.232 0.00
2019-05-05_22:39:18 04100 2.240 -0.800 -1.792 7.840 195.600 1533.504 0.00
2019-05-05_22:39:19 04101 2.240 -0.800 -1.792 7.840 194.400 1524.096 0.00
2019-05-05_22:39:20 04102 2.240 -0.800 -1.792 7.832 194.000 1519.408 0.00
2019-05-05_22:39:21 04103 2.240 -0.800 -1.792 7.840 194.400 1524.096 0.00
2019-05-05_22:39:22 04104 2.240 -0.800 -1.792 7.840 194.400 1524.096 0.00
2019-05-05_22:39:23 04105 2.240 -0.800 -1.792 7.840 194.400 1524.096 0.00
2019-05-05_22:39:24 04106 2.240 -0.800 -1.792 7.840 194.400 1524.096 0.00
2019-05-05_22:39:25 04107 2.240 -0.800 -1.792 7.840 196.400 1539.776 0.00
2019-05-05_22:39:26 04108 2.240 -0.800 -1.792 7.840 194.800 1527.232 0.00
2019-05-05_22:39:27 04109 2.240 -0.800 -1.792 7.824 219.200 1715.021 0.00
2019-05-05_22:39:28 04110 2.240 -0.800 -1.792 7.840 194.400 1524.096 0.00
2019-05-05_22:39:29 04111 2.240 -0.800 -1.792 7.840 194.000 1520.960 0.00
2019-05-05_22:39:30 04112 2.240 -0.400 -0.896 7.840 194.800 1527.232 0.00
2019-05-05_22:39:31 04113 2.240 -0.800 -1.792 7.840 194.800 1527.232 0.00
2019-05-05_22:39:32 04114 2.240 -0.400 -0.896 7.840 195.200 1530.368 0.00
2019-05-05_22:39:33 04115 2.240 -0.800 -1.792 7.840 194.800 1527.232 0.00
2019-05-05_22:39:34 04116 2.240 -0.800 -1.792 7.840 194.800 1527.232 0.00
2019-05-05_22:39:35 04117 2.240 -0.800 -1.792 7.840 194.000 1520.960 0.00
2019-05-05_22:39:36 04118 2.240 -0.800 -1.792 7.840 194.000 1520.960 0.00
2019-05-05_22:39:37 04119 2.240 -0.800 -1.792 7.840 204.000 1599.360 0.00
2019-05-05_22:39:38 04120 2.240 -0.800 -1.792 7.840 195.600 1533.504 0.00
2019-05-05_22:39:39 04121 2.240 -0.800 -1.792 7.840 194.800 1527.232 0.00
2019-05-05_22:39:40 04122 2.240 -0.800 -1.792 7.840 194.400 1524.096 0.00
2019-05-05_22:39:41 04123 2.240 -0.800 -1.792 7.832 194.400 1522.541 0.00
2019-05-05_22:39:42 04124 2.240 -0.400 -0.896 7.840 194.800 1527.232 0.00
2019-05-05_22:39:43 04125 2.240 -0.800 -1.792 7.840 194.000 1520.960 0.00
2019-05-05_22:39:44 04126 2.240 -0.800 -1.792 7.840 195.200 1530.368 0.00
2019-05-05_22:39:45 04127 2.240 -0.800 -1.792 7.824 225.600 1765.094 0.00
2019-05-05_22:39:46 04128 2.240 -0.800 -1.792 7.840 195.200 1530.368 0.00
2019-05-05_22:39:47 04129 2.240 -0.800 -1.792 7.840 194.800 1527.232 0.00
2019-05-05_22:39:48 04130 2.240 -0.800 -1.792 7.840 194.400 1524.096 0.00
2019-05-05_22:39:49 04131 2.240 -0.800 -1.792 7.840 195.200 1530.368 0.00
2019-05-05_22:39:50 04132 2.240 -0.800 -1.792 7.840 195.200 1530.368 0.00
2019-05-05_22:39:51 04133 2.240 -0.800 -1.792 7.832 194.000 1519.408 0.00
2019-05-05_22:39:52 04134 2.240 -0.800 -1.792 7.840 198.800 1558.592 0.00
2019-05-05_22:39:53 04135 2.240 -0.800 -1.792 7.840 195.200 1530.368 0.00
2019-05-05_22:39:54 04136 2.240 -0.800 -1.792 7.840 194.800 1527.232 0.00
2019-05-05_22:39:55 04137 2.240 -0.800 -1.792 7.840 195.600 1533.504 0.00
2019-05-05_22:39:56 04138 2.240 -0.800 -1.792 7.832 194.400 1522.541 0.00
2019-05-05_22:39:57 04139 2.240 -0.800 -1.792 7.840 196.000 1536.640 0.00
2019-05-05_22:39:58 04140 2.240 -0.800 -1.792 7.840 194.800 1527.232 0.00
2019-05-05_22:39:59 04141 2.240 -0.800 -1.792 7.840 194.800 1527.232 0.00