2019-05-05_02:35:02 00001 11.560 200.800 2321.248 3.208 0.000 0.000 0.32
2019-05-05_02:35:03 00002 11.568 188.400 2179.411 3.440 0.000 0.000 0.34
2019-05-05_02:35:04 00003 11.568 200.000 2313.600 3.672 0.400 1.469 0.36
2019-05-05_02:35:05 00004 11.576 202.400 2342.982 3.920 0.000 0.000 0.38
2019-05-05_02:35:06 00005 11.560 196.400 2270.384 4.136 0.000 0.000 0.40
2019-05-05_02:35:07 00006 11.576 196.800 2278.157 4.376 0.000 0.000 0.42
2019-05-05_02:35:08 00007 11.560 196.400 2270.384 4.608 0.000 0.000 0.44
2019-05-05_02:35:09 00008 11.568 203.200 2350.618 4.856 0.000 0.000 0.46
2019-05-05_02:35:10 00009 11.552 196.400 2268.813 5.072 0.000 0.000 0.48
2019-05-05_02:35:11 00010 11.576 199.200 2305.939 5.304 0.000 0.000 0.50
2019-05-05_02:35:12 00011 11.568 196.800 2276.582 5.536 0.000 0.000 0.52
2019-05-05_02:35:13 00012 11.568 198.000 2290.464 5.776 0.000 0.000 0.54
2019-05-05_02:35:14 00013 11.568 194.800 2253.446 5.992 0.000 0.000 0.56
2019-05-05_02:35:15 00014 11.576 199.600 2310.570 6.240 0.000 0.000 0.58
2019-05-05_02:35:16 00015 11.568 190.000 2197.920 6.456 0.000 0.000 0.60
2019-05-05_02:35:17 00016 11.560 201.200 2325.872 6.680 0.000 0.000 0.62
2019-05-05_02:35:18 00017 11.560 198.800 2298.128 6.896 0.000 0.000 0.64
2019-05-05_02:35:19 00018 11.568 200.800 2322.854 7.128 0.400 2.851 0.66
2019-05-05_02:35:20 00019 11.568 190.800 2207.174 7.344 0.000 0.000 0.68
2019-05-05_02:35:21 00020 11.560 198.400 2293.504 7.560 0.000 0.000 0.70
2019-05-05_02:35:22 00021 11.560 195.200 2256.512 7.768 0.000 0.000 0.72
2019-05-05_02:35:24 00022 11.568 192.800 2230.310 7.992 0.400 3.197 0.74
2019-05-05_02:35:24 00023 11.568 189.600 2193.293 8.200 0.000 0.000 0.76
2019-05-05_02:35:25 00024 11.552 196.000 2264.192 8.416 0.000 0.000 0.75
2019-05-05_02:35:26 00025 11.568 189.200 2188.666 8.304 0.000 0.000 0.75
2019-05-05_02:35:27 00026 11.560 192.800 2228.768 8.312 0.400 3.325 0.75
2019-05-05_02:35:28 00027 11.560 188.800 2182.528 8.328 0.400 3.331 0.75
2019-05-05_02:35:29 00028 11.560 194.400 2247.264 8.336 0.400 3.334 0.75
2019-05-05_02:35:30 00029 11.560 190.000 2196.400 8.344 0.000 0.000 0.76
2019-05-05_02:35:31 00030 11.560 192.800 2228.768 8.368 0.400 3.347 0.76
2019-05-05_02:35:32 00031 11.560 194.400 2247.264 8.368 0.000 0.000 0.76
2019-05-05_02:35:33 00032 11.560 196.800 2275.008 8.376 0.400 3.350 0.76
2019-05-05_02:35:34 00033 11.552 192.800 2227.226 8.392 0.000 0.000 0.76
2019-05-05_02:35:35 00034 11.552 195.600 2259.571 8.400 0.000 0.000 0.76
2019-05-05_02:35:36 00035 11.560 194.800 2251.888 8.416 0.000 0.000 0.75
2019-05-05_02:35:37 00036 11.560 195.200 2256.512 8.304 0.000 0.000 0.75
2019-05-05_02:35:38 00037 11.568 196.000 2267.328 8.312 0.400 3.325 0.75
2019-05-05_02:35:39 00038 11.560 195.600 2261.136 8.328 0.400 3.331 0.75
2019-05-05_02:35:40 00039 11.568 192.400 2225.683 8.336 0.400 3.334 0.75
2019-05-05_02:35:41 00040 11.560 188.400 2177.904 8.352 0.400 3.341 0.76
2019-05-05_02:35:42 00041 11.560 190.800 2205.648 8.352 0.400 3.341 0.76
2019-05-05_02:35:43 00042 11.568 195.200 2258.074 8.368 0.400 3.347 0.76
2019-05-05_02:35:44 00043 11.560 189.200 2187.152 8.384 0.400 3.354 0.76
2019-05-05_02:35:45 00044 11.560 193.600 2238.016 8.392 0.000 0.000 0.76
2019-05-05_02:35:46 00045 11.560 194.800 2251.888 8.400 0.000 0.000 0.76
2019-05-05_02:35:47 00046 11.560 188.800 2182.528 8.416 0.000 0.000 0.75
2019-05-05_02:35:48 00047 11.560 200.800 2321.248 8.296 0.400 3.318 0.77
2019-05-05_02:35:49 00048 11.560 196.400 2270.384 8.560 0.000 0.000 0.76
2019-05-05_02:35:50 00049 11.552 199.200 2301.158 8.408 0.000 0.000 0.75
2019-05-05_02:35:51 00050 11.560 194.800 2251.888 8.304 0.000 0.000 0.75
2019-05-05_02:35:52 00051 11.568 190.000 2197.920 8.312 0.400 3.325 0.75
2019-05-05_02:35:53 00052 11.560 198.800 2298.128 8.320 0.000 0.000 0.75
2019-05-05_02:35:54 00053 11.560 199.600 2307.376 8.336 0.400 3.334 0.75
2019-05-05_02:35:55 00054 11.560 196.400 2270.384 8.344 0.400 3.338 0.76
2019-05-05_02:35:56 00055 11.552 198.400 2291.917 8.360 0.400 3.344 0.76
2019-05-05_02:35:57 00056 11.552 200.000 2310.400 8.368 0.000 0.000 0.76
2019-05-05_02:35:58 00057 11.552 198.800 2296.538 8.376 0.000 0.000 0.76
2019-05-05_02:35:59 00058 11.560 195.200 2256.512 8.384 0.000 0.000 0.76
2019-05-05_02:36:00 00059 11.552 198.000 2287.296 8.400 0.000 0.000 0.76
2019-05-05_02:36:01 00060 11.552 198.800 2296.538 8.416 0.000 0.000 0.75
2019-05-05_02:36:02 00061 11.560 199.600 2307.376 8.296 0.000 0.000 0.77
2019-05-05_02:36:03 00062 11.552 198.400 2291.917 8.560 0.000 0.000 0.76
2019-05-05_02:36:04 00063 11.560 196.800 2275.008 8.416 0.000 0.000 0.75
2019-05-05_02:36:05 00064 11.560 197.600 2284.256 8.304 0.000 0.000 0.75
2019-05-05_02:36:06 00065 11.568 197.600 2285.837 8.312 0.000 0.000 0.75
2019-05-05_02:36:07 00066 11.560 194.800 2251.888 8.320 0.000 0.000 0.75
2019-05-05_02:36:08 00067 11.568 192.000 2221.056 8.336 0.400 3.334 0.75
2019-05-05_02:36:09 00068 11.560 197.200 2279.632 8.344 0.000 0.000 0.76
2019-05-05_02:36:10 00069 11.560 197.200 2279.632 8.352 0.400 3.341 0.76
2019-05-05_02:36:11 00070 11.568 192.000 2221.056 8.368 0.000 0.000 0.76
2019-05-05_02:36:12 00071 11.552 198.800 2296.538 8.376 0.000 0.000 0.76
2019-05-05_02:36:13 00072 11.552 198.000 2287.296 8.384 0.000 0.000 0.76
2019-05-05_02:36:14 00073 11.552 195.600 2259.571 8.400 0.000 0.000 0.76
2019-05-05_02:36:15 00074 11.552 196.800 2273.434 8.416 0.000 0.000 0.75
2019-05-05_02:36:16 00075 11.568 195.200 2258.074 8.304 0.400 3.322 0.75
2019-05-05_02:36:17 00076 11.576 194.000 2245.744 8.312 0.000 0.000 0.75
2019-05-05_02:36:18 00077 11.560 181.200 2094.672 8.328 0.400 3.331 0.75
2019-05-05_02:36:19 00078 11.568 194.800 2253.446 8.336 0.000 0.000 0.75
2019-05-05_02:36:20 00079 11.560 197.200 2279.632 8.344 0.000 0.000 0.76
2019-05-05_02:36:21 00080 11.552 198.800 2296.538 8.360 0.400 3.344 0.76
2019-05-05_02:36:22 00081 11.560 187.600 2168.656 8.368 0.000 0.000 0.76
2019-05-05_02:36:23 00082 11.552 195.600 2259.571 8.376 0.400 3.350 0.76
2019-05-05_02:36:24 00083 11.560 196.400 2270.384 8.384 0.000 0.000 0.76
2019-05-05_02:36:25 00084 11.552 187.200 2162.534 8.400 0.000 0.000 0.76
2019-05-05_02:36:26 00085 11.552 200.000 2310.400 8.424 0.000 0.000 0.75
2019-05-05_02:36:27 00086 11.568 193.600 2239.565 8.304 0.000 0.000 0.75
2019-05-05_02:36:28 00087 11.560 202.000 2335.120 8.312 0.000 0.000 0.75
2019-05-05_02:36:29 00088 11.560 198.000 2288.880 8.320 0.400 3.328 0.75
2019-05-05_02:36:30 00089 11.560 200.000 2312.000 8.328 0.000 0.000 0.75
2019-05-05_02:36:31 00090 11.560 197.600 2284.256 8.352 0.000 0.000 0.76
2019-05-05_02:36:32 00091 11.560 197.600 2284.256 8.360 0.400 3.344 0.76
2019-05-05_02:36:33 00092 11.552 199.200 2301.158 8.368 0.400 3.347 0.76
2019-05-05_02:36:34 00093 11.552 196.800 2273.434 8.384 0.400 3.354 0.76
2019-05-05_02:36:35 00094 11.560 185.600 2145.536 8.384 0.000 0.000 0.76
2019-05-05_02:36:36 00095 11.560 186.800 2159.408 8.408 0.000 0.000 0.75
2019-05-05_02:36:37 00096 11.560 195.200 2256.512 8.288 0.000 0.000 0.77
2019-05-05_02:36:38 00097 11.544 198.400 2290.330 8.544 0.000 0.000 0.76
2019-05-05_02:36:40 00098 11.552 197.200 2278.054 8.400 0.000 0.000 0.76
2019-05-05_02:36:41 00099 11.552 200.800 2319.642 8.416 0.000 0.000 0.75
2019-05-05_02:36:42 00100 11.568 196.800 2276.582 8.296 0.400 3.318 0.77
2019-05-05_02:36:43 00101 11.552 199.200 2301.158 8.560 0.000 0.000 0.76