2019-05-05_01:14:37 05556 11.584 169.200 1960.013 8.320 0.000 0.000 0.75
2019-05-05_01:14:38 05557 11.584 177.200 2052.685 8.304 0.000 0.000 0.75
2019-05-05_01:14:39 05558 11.584 168.400 1950.746 8.336 0.400 3.334 0.75
2019-05-05_01:14:40 05559 11.584 168.000 1946.112 8.344 0.000 0.000 0.75
2019-05-05_01:14:41 05560 11.576 168.800 1954.029 8.360 0.400 3.344 0.76
2019-05-05_01:14:42 05561 11.576 166.400 1926.246 8.368 0.400 3.347 0.76
2019-05-05_01:14:43 05562 11.576 169.200 1958.659 8.376 0.000 0.000 0.76
2019-05-05_01:14:44 05563 11.576 169.600 1963.290 8.384 0.000 0.000 0.76
2019-05-05_01:14:45 05564 11.576 169.200 1958.659 8.400 0.400 3.360 0.76
2019-05-05_01:14:46 05565 11.568 169.600 1961.933 8.408 0.000 0.000 0.75
2019-05-05_01:14:47 05566 11.584 169.200 1960.013 8.312 0.000 0.000 0.75
2019-05-05_01:14:48 05567 11.584 170.400 1973.914 8.312 0.000 0.000 0.75
2019-05-05_01:14:49 05568 11.576 170.400 1972.550 8.328 0.400 3.331 0.75
2019-05-05_01:14:50 05569 11.584 167.200 1936.845 8.336 0.400 3.334 0.75
2019-05-05_01:14:51 05570 11.576 166.000 1921.616 8.344 0.400 3.338 0.75
2019-05-05_01:14:52 05571 11.576 169.200 1958.659 8.360 0.400 3.344 0.76
2019-05-05_01:14:53 05572 11.552 198.800 2296.538 8.368 0.000 0.000 0.76
2019-05-05_01:14:54 05573 11.576 170.400 1972.550 8.376 0.000 0.000 0.76
2019-05-05_01:14:55 05574 11.576 170.400 1972.550 8.392 0.000 0.000 0.76
2019-05-05_01:14:56 05575 11.576 170.400 1972.550 8.400 0.000 0.000 0.76
2019-05-05_01:14:57 05576 11.576 170.000 1967.920 8.408 0.400 3.363 0.75
2019-05-05_01:14:58 05577 11.560 188.400 2177.904 8.288 0.000 0.000 0.77
2019-05-05_01:14:59 05578 11.568 168.800 1952.678 8.552 0.000 0.000 0.76
2019-05-05_01:15:00 05579 11.576 170.800 1977.181 8.408 0.400 3.363 0.75
2019-05-05_01:15:01 05580 11.584 170.800 1978.547 8.304 0.000 0.000 0.75
2019-05-05_01:15:02 05581 11.584 169.200 1960.013 8.320 0.000 0.000 0.75
2019-05-05_01:15:03 05582 11.584 166.800 1932.211 8.328 0.400 3.331 0.75
2019-05-05_01:15:04 05583 11.576 169.600 1963.290 8.344 0.000 0.000 0.75
2019-05-05_01:15:05 05584 11.576 169.600 1963.290 8.352 0.400 3.341 0.75
2019-05-05_01:15:06 05585 11.584 160.800 1862.707 8.360 0.400 3.344 0.76
2019-05-05_01:15:07 05586 11.576 164.400 1903.094 8.368 0.400 3.347 0.76
2019-05-05_01:15:08 05587 11.560 197.200 2279.632 8.368 0.400 3.347 0.76
2019-05-05_01:15:09 05588 11.576 169.600 1963.290 8.392 0.400 3.357 0.76
2019-05-05_01:15:10 05589 11.576 169.600 1963.290 8.400 0.400 3.360 0.76
2019-05-05_01:15:11 05590 11.576 169.600 1963.290 8.408 0.400 3.363 0.75
2019-05-05_01:15:12 05591 11.584 170.400 1973.914 8.304 0.400 3.322 0.75
2019-05-05_01:15:13 05592 11.560 193.600 2238.016 8.304 0.000 0.000 0.75
2019-05-05_01:15:14 05593 11.576 169.600 1963.290 8.328 0.000 0.000 0.75
2019-05-05_01:15:15 05594 11.576 170.000 1967.920 8.336 0.000 0.000 0.75
2019-05-05_01:15:16 05595 11.576 169.200 1958.659 8.352 0.400 3.341 0.75
2019-05-05_01:15:17 05596 11.576 170.000 1967.920 8.360 0.400 3.344 0.76
2019-05-05_01:15:18 05597 11.560 197.200 2279.632 8.360 0.400 3.344 0.76
2019-05-05_01:15:19 05598 11.576 170.400 1972.550 8.384 0.400 3.354 0.76
2019-05-05_01:15:20 05599 11.576 155.200 1796.595 8.392 0.400 3.357 0.76
2019-05-05_01:15:21 05600 11.576 162.000 1875.312 8.408 0.400 3.363 0.75
2019-05-05_01:15:22 05601 11.584 170.400 1973.914 8.304 0.000 0.000 0.75
2019-05-05_01:15:23 05602 11.592 165.200 1914.998 8.304 0.000 0.000 0.75
2019-05-05_01:15:24 05603 11.584 159.200 1844.173 8.312 0.000 0.000 0.75
2019-05-05_01:15:25 05604 11.584 170.400 1973.914 8.328 0.400 3.331 0.75
2019-05-05_01:15:26 05605 11.584 170.400 1973.914 8.344 0.400 3.338 0.75
2019-05-05_01:15:27 05606 11.584 168.800 1955.379 8.352 0.400 3.341 0.75
2019-05-05_01:15:28 05607 11.568 170.400 1971.187 8.352 0.400 3.341 0.76
2019-05-05_01:15:29 05608 11.584 163.200 1890.509 8.368 0.400 3.347 0.76
2019-05-05_01:15:30 05609 11.576 170.000 1967.920 8.376 0.400 3.350 0.76
2019-05-05_01:15:31 05610 11.576 170.400 1972.550 8.392 0.400 3.357 0.76
2019-05-05_01:15:32 05611 11.576 170.000 1967.920 8.400 0.400 3.360 0.76
2019-05-05_01:15:33 05612 11.552 192.400 2222.605 8.400 0.000 0.000 0.76
2019-05-05_01:15:34 05613 11.576 167.200 1935.507 8.424 0.000 0.000 0.75
2019-05-05_01:15:35 05614 11.584 170.400 1973.914 8.312 0.400 3.325 0.75
2019-05-05_01:15:36 05615 11.576 170.800 1977.181 8.328 0.000 0.000 0.75
2019-05-05_01:15:37 05616 11.576 170.400 1972.550 8.336 0.000 0.000 0.75
2019-05-05_01:15:38 05617 11.560 190.400 2201.024 8.336 0.000 0.000 0.75
2019-05-05_01:15:39 05618 11.576 170.000 1967.920 8.360 0.000 0.000 0.76
2019-05-05_01:15:40 05619 11.576 169.600 1963.290 8.368 0.000 0.000 0.76
2019-05-05_01:15:41 05620 11.576 166.000 1921.616 8.376 0.400 3.350 0.76
2019-05-05_01:15:42 05621 11.576 170.400 1972.550 8.392 0.400 3.357 0.76
2019-05-05_01:15:43 05622 11.560 180.800 2090.048 8.384 0.000 0.000 0.76
2019-05-05_01:15:44 05623 11.576 170.400 1972.550 8.408 0.400 3.363 0.75
2019-05-05_01:15:45 05624 11.584 169.200 1960.013 8.304 0.400 3.322 0.75
2019-05-05_01:15:46 05625 11.584 170.400 1973.914 8.320 0.000 0.000 0.75
2019-05-05_01:15:47 05626 11.576 170.400 1972.550 8.328 0.400 3.331 0.75
2019-05-05_01:15:48 05627 11.560 197.600 2284.256 8.328 0.000 0.000 0.75
2019-05-05_01:15:49 05628 11.576 170.400 1972.550 8.352 0.000 0.000 0.75
2019-05-05_01:15:50 05629 11.576 170.000 1967.920 8.360 0.400 3.344 0.76
2019-05-05_01:15:51 05630 11.576 168.000 1944.768 8.368 0.400 3.347 0.76
2019-05-05_01:15:52 05631 11.576 169.600 1963.290 8.376 0.400 3.350 0.76
2019-05-05_01:15:53 05632 11.560 194.000 2242.640 8.392 0.000 0.000 0.76
2019-05-05_01:15:54 05633 11.576 170.800 1977.181 8.400 0.000 0.000 0.76
2019-05-05_01:15:55 05634 11.568 170.800 1975.814 8.408 0.400 3.363 0.75
2019-05-05_01:15:56 05635 11.584 168.800 1955.379 8.304 0.000 0.000 0.75
2019-05-05_01:15:57 05636 11.584 168.400 1950.746 8.312 0.000 0.000 0.75
2019-05-05_01:15:58 05637 11.560 194.400 2247.264 8.328 0.400 3.331 0.75
2019-05-05_01:15:59 05638 11.576 169.200 1958.659 8.336 0.000 0.000 0.75
2019-05-05_01:16:00 05639 11.576 171.200 1981.811 8.344 0.400 3.338 0.75
2019-05-05_01:16:01 05640 11.584 168.800 1955.379 8.360 0.000 0.000 0.76
2019-05-05_01:16:02 05641 11.576 166.400 1926.246 8.368 0.400 3.347 0.76
2019-05-05_01:16:03 05642 11.576 169.600 1963.290 8.376 0.400 3.350 0.76
2019-05-05_01:16:04 05643 11.576 170.000 1967.920 8.392 0.000 0.000 0.76
2019-05-05_01:16:05 05644 11.576 169.600 1963.290 8.400 0.400 3.360 0.76
2019-05-05_01:16:06 05645 11.568 170.800 1975.814 8.408 0.000 0.000 0.75
2019-05-05_01:16:07 05646 11.584 170.000 1969.280 8.304 0.000 0.000 0.75
2019-05-05_01:16:08 05647 11.560 182.800 2113.168 8.304 0.000 0.000 0.75
2019-05-05_01:16:09 05648 11.584 169.200 1960.013 8.328 0.400 3.331 0.75
2019-05-05_01:16:10 05649 11.576 170.400 1972.550 8.336 0.400 3.334 0.75
2019-05-05_01:16:11 05650 11.576 169.200 1958.659 8.344 0.400 3.338 0.75
2019-05-05_01:16:12 05651 11.576 170.400 1972.550 8.360 0.400 3.344 0.76
2019-05-05_01:16:13 05652 11.560 178.400 2062.304 8.352 0.400 3.341 0.76
2019-05-05_01:16:14 05653 11.576 167.200 1935.507 8.376 0.400 3.350 0.76
2019-05-05_01:16:15 05654 11.576 170.400 1972.550 8.392 0.400 3.357 0.76
2019-05-05_01:16:16 05655 11.576 170.800 1977.181 8.400 0.000 0.000 0.76
2019-05-05_01:16:17 05656 11.576 170.400 1972.550 8.408 0.400 3.363 0.75