2019-05-05_23:20:27 06566 11.328 460.400 5215.411 8.400 -350.000 -2940.000 0.82
2019-05-05_23:20:28 06567 11.328 460.800 5219.942 8.408 -350.000 -2942.800 0.81
2019-05-05_23:20:29 06568 11.360 415.200 4716.672 8.352 -288.000 -2405.376 0.81
2019-05-05_23:20:30 06569 11.360 419.200 4762.112 8.360 -296.400 -2477.904 0.82
2019-05-05_23:20:31 06570 11.352 424.800 4822.330 8.360 -300.000 -2508.000 0.82
2019-05-05_23:20:32 06571 11.344 432.000 4900.608 8.368 -309.200 -2587.386 0.82
2019-05-05_23:20:33 06572 11.344 434.000 4923.296 8.376 -313.200 -2623.363 0.82
2019-05-05_23:20:34 06573 11.336 443.200 5024.115 8.384 -320.800 -2689.587 0.82
2019-05-05_23:20:35 06574 11.336 437.200 4956.099 8.384 -326.000 -2733.184 0.82
2019-05-05_23:20:36 06575 11.328 452.000 5120.256 8.392 -338.000 -2836.496 0.82
2019-05-05_23:20:37 06576 11.328 456.400 5170.099 8.392 -336.800 -2826.426 0.82
2019-05-05_23:20:38 06577 11.328 455.200 5156.506 8.400 -343.600 -2886.240 0.82
2019-05-05_23:20:39 06578 11.320 468.000 5297.760 8.408 -352.400 -2962.979 0.81
2019-05-05_23:20:40 06579 11.368 415.200 4719.994 8.352 -288.000 -2405.376 0.81
2019-05-05_23:20:41 06580 11.360 414.800 4712.128 8.352 -292.800 -2445.466 0.82
2019-05-05_23:20:42 06581 11.352 425.600 4831.411 8.360 -298.000 -2491.280 0.82
2019-05-05_23:20:43 06582 11.344 432.400 4905.146 8.368 -311.200 -2604.122 0.82
2019-05-05_23:20:44 06583 11.344 438.800 4977.747 8.368 -313.600 -2624.205 0.82
2019-05-05_23:20:45 06584 11.344 434.800 4932.371 8.376 -319.200 -2673.619 0.82
2019-05-05_23:20:46 06585 11.336 440.000 4987.840 8.384 -324.400 -2719.770 0.82
2019-05-05_23:20:47 06586 11.336 450.000 5101.200 8.392 -332.400 -2789.501 0.82
2019-05-05_23:20:48 06587 11.328 453.200 5133.850 8.392 -337.200 -2829.782 0.82
2019-05-05_23:20:49 06588 11.328 464.400 5260.723 8.400 -343.200 -2882.880 0.82
2019-05-05_23:20:50 06589 11.320 466.800 5284.176 8.408 -350.400 -2946.163 0.81
2019-05-05_23:20:51 06590 11.360 415.600 4721.216 8.352 -285.200 -2381.990 0.81
2019-05-05_23:20:52 06591 11.360 419.600 4766.656 8.360 -292.800 -2447.808 0.82
2019-05-05_23:20:53 06592 11.352 426.400 4840.493 8.360 -297.200 -2484.592 0.82
2019-05-05_23:20:54 06593 11.344 432.400 4905.146 8.368 -306.800 -2567.302 0.82
2019-05-05_23:20:55 06594 11.344 418.800 4750.867 8.376 -324.000 -2713.824 0.82
2019-05-05_23:20:56 06595 11.352 420.400 4772.381 8.384 -330.400 -2770.074 0.82
2019-05-05_23:20:57 06596 11.360 413.600 4698.496 8.392 -342.400 -2873.421 0.82
2019-05-05_23:20:58 06597 11.352 418.800 4754.218 8.400 -348.800 -2929.920 0.82
2019-05-05_23:20:59 06598 11.344 424.000 4809.856 8.400 -355.200 -2983.680 0.82
2019-05-05_23:21:00 06599 11.344 435.600 4941.446 8.408 -360.800 -3033.606 0.81
2019-05-05_23:21:01 06600 11.384 377.200 4294.045 8.352 -297.600 -2485.555 0.81
2019-05-05_23:21:02 06601 11.376 382.400 4350.182 8.360 -303.200 -2534.752 0.81
2019-05-05_23:21:03 06602 11.368 387.200 4401.690 8.360 -310.400 -2594.944 0.82
2019-05-05_23:21:04 06603 11.376 392.000 4459.392 8.368 -315.600 -2640.941 0.82
2019-05-05_23:21:05 06604 11.368 398.400 4529.011 8.376 -323.600 -2710.474 0.82
2019-05-05_23:21:06 06605 11.360 403.600 4584.896 8.376 -330.000 -2764.080 0.82
2019-05-05_23:21:07 06606 11.360 408.800 4643.968 8.384 -336.400 -2820.378 0.82
2019-05-05_23:21:08 06607 11.352 425.200 4826.870 8.392 -336.400 -2823.069 0.82
2019-05-05_23:21:09 06608 11.328 449.200 5088.538 8.392 -330.800 -2776.074 0.82
2019-05-05_23:21:10 06609 11.328 457.200 5179.162 8.400 -339.600 -2852.640 0.82
2019-05-05_23:21:11 06610 11.328 460.800 5219.942 8.400 -344.800 -2896.320 0.82
2019-05-05_23:21:12 06611 11.328 462.800 5242.598 8.408 -348.400 -2929.347 0.81
2019-05-05_23:21:13 06612 11.360 416.800 4734.848 8.352 -285.600 -2385.331 0.81
2019-05-05_23:21:14 06613 11.352 420.000 4767.840 8.360 -291.600 -2437.776 0.82
2019-05-05_23:21:15 06614 11.352 425.600 4831.411 8.360 -299.200 -2501.312 0.82
2019-05-05_23:21:16 06615 11.344 431.200 4891.533 8.368 -306.000 -2560.608 0.82
2019-05-05_23:21:17 06616 11.344 437.600 4964.134 8.376 -311.600 -2609.962 0.82
2019-05-05_23:21:18 06617 11.336 442.000 5010.512 8.376 -318.400 -2666.918 0.82
2019-05-05_23:21:19 06618 11.336 443.600 5028.650 8.384 -324.800 -2723.123 0.82
2019-05-05_23:21:20 06619 11.336 450.400 5105.734 8.392 -330.000 -2769.360 0.82
2019-05-05_23:21:21 06620 11.328 455.600 5161.037 8.392 -336.400 -2823.069 0.82
2019-05-05_23:21:22 06621 11.328 454.400 5147.443 8.400 -349.200 -2933.280 0.82
2019-05-05_23:21:23 06622 11.320 463.200 5243.424 8.408 -348.800 -2932.710 0.81
2019-05-05_23:21:24 06623 11.360 406.000 4612.160 8.352 -286.400 -2392.013 0.81
2019-05-05_23:21:25 06624 11.360 420.800 4780.288 8.360 -295.200 -2467.872 0.82
2019-05-05_23:21:26 06625 11.360 417.200 4739.392 8.360 -299.200 -2501.312 0.82
2019-05-05_23:21:27 06626 11.352 429.600 4876.819 8.368 -306.400 -2563.955 0.82
2019-05-05_23:21:28 06627 11.352 428.400 4863.197 8.376 -312.800 -2620.013 0.82
2019-05-05_23:21:29 06628 11.344 432.800 4909.683 8.376 -319.200 -2673.619 0.82
2019-05-05_23:21:30 06629 11.336 440.000 4987.840 8.384 -331.600 -2780.134 0.82
2019-05-05_23:21:31 06630 11.336 442.000 5010.512 8.392 -330.800 -2776.074 0.82
2019-05-05_23:21:32 06631 11.336 453.600 5142.010 8.392 -340.400 -2856.637 0.82
2019-05-05_23:21:33 06632 11.328 460.400 5215.411 8.400 -346.400 -2909.760 0.82
2019-05-05_23:21:34 06633 11.328 462.400 5238.067 8.408 -353.200 -2969.706 0.81
2019-05-05_23:21:35 06634 11.360 408.400 4639.424 8.352 -286.000 -2388.672 0.81
2019-05-05_23:21:36 06635 11.360 413.200 4693.952 8.360 -299.200 -2501.312 0.82
2019-05-05_23:21:37 06636 11.352 423.600 4808.707 8.360 -297.600 -2487.936 0.82
2019-05-05_23:21:38 06637 11.344 429.200 4868.845 8.368 -304.800 -2550.566 0.82
2019-05-05_23:21:39 06638 11.352 434.800 4935.850 8.376 -314.800 -2636.765 0.82
2019-05-05_23:21:40 06639 11.344 440.000 4991.360 8.376 -317.600 -2660.218 0.82
2019-05-05_23:21:41 06640 11.336 443.600 5028.650 8.384 -329.600 -2763.366 0.82
2019-05-05_23:21:42 06641 11.336 450.000 5101.200 8.392 -336.800 -2826.426 0.82
2019-05-05_23:21:43 06642 11.336 454.800 5155.613 8.392 -338.800 -2843.210 0.82
2019-05-05_23:21:44 06643 11.328 461.200 5224.474 8.400 -344.000 -2889.600 0.82
2019-05-05_23:21:45 06644 11.320 463.600 5247.952 8.408 -348.800 -2932.710 0.81
2019-05-05_23:21:46 06645 11.360 404.000 4589.440 8.352 -285.200 -2381.990 0.81
2019-05-05_23:21:47 06646 11.360 419.200 4762.112 8.360 -292.000 -2441.120 0.82
2019-05-05_23:21:48 06647 11.352 423.200 4804.166 8.360 -298.800 -2497.968 0.82
2019-05-05_23:21:49 06648 11.344 428.800 4864.307 8.368 -309.600 -2590.733 0.82
2019-05-05_23:21:50 06649 11.344 430.400 4882.458 8.376 -311.200 -2606.611 0.82
2019-05-05_23:21:51 06650 11.344 433.600 4918.758 8.384 -319.600 -2679.526 0.82
2019-05-05_23:21:52 06651 11.336 438.800 4974.237 8.384 -330.000 -2766.720 0.82
2019-05-05_23:21:53 06652 11.336 446.800 5064.925 8.392 -332.400 -2789.501 0.82
2019-05-05_23:21:54 06653 11.336 446.000 5055.856 8.400 -341.600 -2869.440 0.82
2019-05-05_23:21:55 06654 11.336 455.200 5160.147 8.400 -343.600 -2886.240 0.82
2019-05-05_23:21:56 06655 11.328 464.400 5260.723 8.408 -348.000 -2925.984 0.81
2019-05-05_23:21:57 06656 11.368 412.800 4692.710 8.352 -285.600 -2385.331 0.81
2019-05-05_23:21:58 06657 11.360 413.200 4693.952 8.360 -290.400 -2427.744 0.82
2019-05-05_23:21:59 06658 11.352 416.400 4726.973 8.368 -298.000 -2493.664 0.82
2019-05-05_23:22:00 06659 11.344 428.800 4864.307 8.368 -306.000 -2560.608 0.82
2019-05-05_23:22:01 06660 11.352 434.800 4935.850 8.376 -314.400 -2633.414 0.82
2019-05-05_23:22:02 06661 11.336 436.800 4951.565 8.384 -320.800 -2689.587 0.82
2019-05-05_23:22:03 06662 11.344 433.600 4918.758 8.384 -330.400 -2770.074 0.82
2019-05-05_23:22:04 06663 11.336 448.000 5078.528 8.392 -329.600 -2766.003 0.82
2019-05-05_23:22:05 06664 11.336 453.600 5142.010 8.400 -338.400 -2842.560 0.82
2019-05-05_23:22:06 06665 11.320 460.000 5207.200 8.408 -354.000 -2976.432 0.81
2019-05-05_23:22:07 06666 11.368 409.600 4656.333 8.352 -284.400 -2375.309 0.81