2019-05-05_00:30:47 02930 11.576 160.400 1856.790 8.368 0.400 3.347 0.76
2019-05-05_00:30:48 02931 11.576 170.000 1967.920 8.376 0.400 3.350 0.76
2019-05-05_00:30:49 02932 11.584 164.800 1909.043 8.392 0.400 3.357 0.76
2019-05-05_00:30:50 02933 11.584 153.200 1774.669 8.400 0.400 3.360 0.76
2019-05-05_00:30:51 02934 11.584 153.200 1774.669 8.408 0.400 3.363 0.75
2019-05-05_00:30:52 02935 11.584 160.800 1862.707 8.312 0.000 0.000 0.75
2019-05-05_00:30:53 02936 11.584 169.200 1960.013 8.304 0.000 0.000 0.75
2019-05-05_00:30:54 02937 11.592 153.200 1775.894 8.328 0.400 3.331 0.75
2019-05-05_00:30:55 02938 11.584 178.400 2066.586 8.328 0.000 0.000 0.75
2019-05-05_00:30:56 02939 11.592 153.200 1775.894 8.352 0.000 0.000 0.75
2019-05-05_00:30:57 02940 11.592 153.600 1780.531 8.360 0.400 3.344 0.75
2019-05-05_00:30:58 02941 11.576 169.600 1963.290 8.360 0.400 3.344 0.76
2019-05-05_00:30:59 02942 11.584 152.800 1770.035 8.376 0.000 0.000 0.76
2019-05-05_00:31:00 02943 11.576 169.600 1963.290 8.384 0.000 0.000 0.76
2019-05-05_00:31:01 02944 11.584 153.200 1774.669 8.400 0.400 3.360 0.76
2019-05-05_00:31:02 02945 11.584 153.200 1774.669 8.408 0.000 0.000 0.75
2019-05-05_00:31:03 02946 11.576 169.200 1958.659 8.296 0.000 0.000 0.77
2019-05-05_00:31:04 02947 11.576 158.000 1829.008 8.544 0.000 0.000 0.76
2019-05-05_00:31:05 02948 11.584 153.200 1774.669 8.400 0.000 0.000 0.76
2019-05-05_00:31:06 02949 11.584 163.200 1890.509 8.424 0.000 0.000 0.75
2019-05-05_00:31:07 02950 11.592 155.200 1799.078 8.320 0.400 3.328 0.75
2019-05-05_00:31:08 02951 11.592 153.200 1775.894 8.328 0.400 3.331 0.75
2019-05-05_00:31:09 02952 11.584 159.600 1848.806 8.336 0.000 0.000 0.75
2019-05-05_00:31:10 02953 11.592 153.600 1780.531 8.352 0.000 0.000 0.75
2019-05-05_00:31:11 02954 11.592 153.600 1780.531 8.360 0.400 3.344 0.75
2019-05-05_00:31:12 02955 11.592 154.000 1785.168 8.368 0.400 3.347 0.76
2019-05-05_00:31:13 02956 11.592 153.600 1780.531 8.376 0.400 3.350 0.76
2019-05-05_00:31:14 02957 11.584 154.000 1783.936 8.392 0.000 0.000 0.76
2019-05-05_00:31:15 02958 11.576 181.200 2097.571 8.392 0.400 3.357 0.76
2019-05-05_00:31:16 02959 11.584 162.000 1876.608 8.408 0.400 3.363 0.75
2019-05-05_00:31:17 02960 11.600 153.200 1777.120 8.304 0.000 0.000 0.75
2019-05-05_00:31:18 02961 11.584 169.600 1964.646 8.304 0.000 0.000 0.75
2019-05-05_00:31:19 02962 11.592 152.800 1771.258 8.328 0.000 0.000 0.75
2019-05-05_00:31:20 02963 11.584 169.600 1964.646 8.328 0.400 3.331 0.75
2019-05-05_00:31:21 02964 11.592 153.200 1775.894 8.352 0.000 0.000 0.75
2019-05-05_00:31:22 02965 11.592 153.600 1780.531 8.360 0.400 3.344 0.75
2019-05-05_00:31:23 02966 11.576 169.200 1958.659 8.360 0.400 3.344 0.76
2019-05-05_00:31:24 02967 11.584 153.200 1774.669 8.376 0.400 3.350 0.76
2019-05-05_00:31:25 02968 11.576 169.200 1958.659 8.384 0.400 3.354 0.76
2019-05-05_00:31:26 02969 11.584 153.200 1774.669 8.400 0.400 3.360 0.76
2019-05-05_00:31:27 02970 11.584 153.200 1774.669 8.408 0.000 0.000 0.75
2019-05-05_00:31:28 02971 11.576 170.800 1977.181 8.296 0.000 0.000 0.77
2019-05-05_00:31:29 02972 11.584 153.200 1774.669 8.544 0.000 0.000 0.76
2019-05-05_00:31:30 02973 11.576 169.600 1963.290 8.400 0.400 3.360 0.76
2019-05-05_00:31:31 02974 11.584 153.200 1774.669 8.424 0.000 0.000 0.75
2019-05-05_00:31:32 02975 11.592 153.600 1780.531 8.320 0.000 0.000 0.75
2019-05-05_00:31:33 02976 11.576 162.400 1879.942 8.328 0.000 0.000 0.75
2019-05-05_00:31:34 02977 11.592 153.200 1775.894 8.336 0.000 0.000 0.75
2019-05-05_00:31:35 02978 11.584 169.200 1960.013 8.344 0.400 3.338 0.75
2019-05-05_00:31:36 02979 11.584 158.800 1839.539 8.360 0.400 3.344 0.75
2019-05-05_00:31:37 02980 11.592 153.200 1775.894 8.368 0.400 3.347 0.76
2019-05-05_00:31:38 02981 11.576 175.200 2028.115 8.368 0.400 3.347 0.76
2019-05-05_00:31:39 02982 11.584 153.600 1779.302 8.392 0.000 0.000 0.76
2019-05-05_00:31:40 02983 11.576 169.200 1958.659 8.392 0.400 3.357 0.76
2019-05-05_00:31:41 02984 11.584 152.800 1770.035 8.408 0.400 3.363 0.75
2019-05-05_00:31:42 02985 11.592 161.600 1873.267 8.312 0.000 0.000 0.75
2019-05-05_00:31:43 02986 11.584 178.800 2071.219 8.304 0.000 0.000 0.75
2019-05-05_00:31:44 02987 11.592 153.200 1775.894 8.328 0.000 0.000 0.75
2019-05-05_00:31:45 02988 11.584 169.200 1960.013 8.328 0.000 0.000 0.75
2019-05-05_00:31:46 02989 11.592 153.200 1775.894 8.352 0.000 0.000 0.75
2019-05-05_00:31:47 02990 11.592 153.200 1775.894 8.360 0.400 3.344 0.75
2019-05-05_00:31:48 02991 11.568 169.600 1961.933 8.360 0.400 3.344 0.76
2019-05-05_00:31:49 02992 11.592 155.200 1799.078 8.376 0.400 3.350 0.76
2019-05-05_00:31:50 02993 11.576 169.600 1963.290 8.376 0.000 0.000 0.76
2019-05-05_00:31:51 02994 11.576 156.400 1810.486 8.400 0.000 0.000 0.76
2019-05-05_00:31:52 02995 11.576 160.800 1861.421 8.408 0.400 3.363 0.75
2019-05-05_00:31:53 02996 11.600 162.800 1888.480 8.304 0.000 0.000 0.75
2019-05-05_00:31:54 02997 11.592 153.200 1775.894 8.320 0.000 0.000 0.75
2019-05-05_00:31:55 02998 11.600 152.800 1772.480 8.328 0.400 3.331 0.75
2019-05-05_00:31:56 02999 11.592 153.200 1775.894 8.336 0.000 0.000 0.75
2019-05-05_00:31:57 03000 11.584 156.000 1807.104 8.352 0.400 3.341 0.75
2019-05-05_00:31:58 03001 11.576 169.600 1963.290 8.352 0.400 3.341 0.75
2019-05-05_00:31:59 03002 11.592 154.000 1785.168 8.368 0.400 3.347 0.76
2019-05-05_00:32:00 03003 11.576 169.200 1958.659 8.368 0.400 3.347 0.76
2019-05-05_00:32:01 03004 11.592 153.200 1775.894 8.392 0.400 3.357 0.76
2019-05-05_00:32:02 03005 11.584 153.600 1779.302 8.400 0.400 3.360 0.76
2019-05-05_00:32:03 03006 11.576 176.400 2042.006 8.400 0.400 3.360 0.76
2019-05-05_00:32:04 03007 11.576 153.200 1773.443 8.416 0.000 0.000 0.75
2019-05-05_00:32:05 03008 11.584 182.000 2108.288 8.304 0.000 0.000 0.75
2019-05-05_00:32:06 03009 11.592 164.000 1901.088 8.328 0.000 0.000 0.75
2019-05-05_00:32:07 03010 11.592 154.000 1785.168 8.336 0.400 3.334 0.75
2019-05-05_00:32:08 03011 11.576 170.400 1972.550 8.344 0.400 3.338 0.75
2019-05-05_00:32:09 03012 11.592 153.600 1780.531 8.360 0.400 3.344 0.75
2019-05-05_00:32:10 03013 11.576 182.000 2106.832 8.352 0.400 3.341 0.76
2019-05-05_00:32:11 03014 11.584 161.200 1867.341 8.376 0.000 0.000 0.76
2019-05-05_00:32:12 03015 11.584 153.600 1779.302 8.392 0.000 0.000 0.76
2019-05-05_00:32:13 03016 11.576 171.600 1986.442 8.392 0.400 3.357 0.76
2019-05-05_00:32:14 03017 11.584 160.400 1858.074 8.408 0.400 3.363 0.75
2019-05-05_00:32:15 03018 11.592 154.800 1794.442 8.304 0.000 0.000 0.75
2019-05-05_00:32:16 03019 11.592 162.800 1887.178 8.320 0.400 3.328 0.75
2019-05-05_00:32:17 03020 11.592 154.400 1789.805 8.328 0.000 0.000 0.75
2019-05-05_00:32:18 03021 11.584 175.200 2029.517 8.328 0.000 0.000 0.75
2019-05-05_00:32:19 03022 11.584 156.000 1807.104 8.352 0.400 3.341 0.75
2019-05-05_00:32:20 03023 11.576 168.800 1954.029 8.352 0.000 0.000 0.75
2019-05-05_00:32:21 03024 11.592 153.600 1780.531 8.368 0.400 3.347 0.76
2019-05-05_00:32:22 03025 11.584 153.200 1774.669 8.376 0.400 3.350 0.76
2019-05-05_00:32:23 03026 11.560 184.400 2131.664 8.384 0.000 0.000 0.76
2019-05-05_00:32:24 03027 11.576 164.800 1907.725 8.400 0.400 3.360 0.76
2019-05-05_00:32:25 03028 11.576 169.600 1963.290 8.400 0.400 3.360 0.76
2019-05-05_00:32:26 03029 11.576 153.600 1778.074 8.416 0.000 0.000 0.75
2019-05-05_00:32:27 03030 11.600 153.200 1777.120 8.320 0.400 3.328 0.75