2019-05-05_01:39:06 00203 11.560 199.200 2302.752 8.360 0.400 3.344 0.76
2019-05-05_01:39:07 00204 11.552 201.200 2324.262 8.376 0.000 0.000 0.76
2019-05-05_01:39:08 00205 11.552 200.800 2319.642 8.384 0.000 0.000 0.76
2019-05-05_01:39:09 00206 11.560 196.800 2275.008 8.400 0.000 0.000 0.76
2019-05-05_01:39:10 00207 11.552 194.800 2250.330 8.408 0.000 0.000 0.75
2019-05-05_01:39:11 00208 11.560 202.400 2339.744 8.304 0.000 0.000 0.75
2019-05-05_01:39:12 00209 11.560 200.400 2316.624 8.312 0.000 0.000 0.75
2019-05-05_01:39:13 00210 11.568 193.200 2234.938 8.328 0.400 3.331 0.75
2019-05-05_01:39:14 00211 11.560 188.400 2177.904 8.336 0.400 3.334 0.75
2019-05-05_01:39:15 00212 11.560 196.400 2270.384 8.344 0.000 0.000 0.76
2019-05-05_01:39:16 00213 11.552 199.600 2305.779 8.360 0.000 0.000 0.76
2019-05-05_01:39:17 00214 11.552 200.400 2315.021 8.368 0.000 0.000 0.76
2019-05-05_01:39:18 00215 11.560 192.400 2224.144 8.376 0.400 3.350 0.76
2019-05-05_01:39:19 00216 11.552 198.400 2291.917 8.392 0.000 0.000 0.76
2019-05-05_01:39:20 00217 11.560 186.000 2150.160 8.400 0.000 0.000 0.76
2019-05-05_01:39:21 00218 11.560 184.400 2131.664 8.408 0.000 0.000 0.75
2019-05-05_01:39:22 00219 11.568 196.000 2267.328 8.304 0.400 3.322 0.75
2019-05-05_01:39:23 00220 11.568 190.000 2197.920 8.312 0.000 0.000 0.75
2019-05-05_01:39:24 00221 11.560 198.000 2288.880 8.320 0.000 0.000 0.75
2019-05-05_01:39:25 00222 11.560 198.800 2298.128 8.336 0.000 0.000 0.75
2019-05-05_01:39:26 00223 11.552 200.800 2319.642 8.344 0.400 3.338 0.76
2019-05-05_01:39:27 00224 11.560 198.800 2298.128 8.352 0.000 0.000 0.76
2019-05-05_01:39:28 00225 11.576 170.000 1967.920 8.368 0.400 3.347 0.76
2019-05-05_01:39:29 00226 11.576 169.600 1963.290 8.384 0.400 3.354 0.76
2019-05-05_01:39:30 00227 11.584 153.600 1779.302 8.408 0.400 3.363 0.75
2019-05-05_01:39:31 00228 11.568 183.200 2119.258 8.296 0.000 0.000 0.77
2019-05-05_01:39:32 00229 11.584 165.200 1913.677 8.544 0.000 0.000 0.76
2019-05-05_01:39:33 00230 11.584 153.200 1774.669 8.408 0.400 3.363 0.75
2019-05-05_01:39:34 00231 11.584 156.800 1816.371 8.304 0.000 0.000 0.75
2019-05-05_01:39:35 00232 11.584 165.200 1913.677 8.312 0.400 3.325 0.75
2019-05-05_01:39:36 00233 11.584 170.000 1969.280 8.312 0.000 0.000 0.75
2019-05-05_01:39:37 00234 11.584 154.400 1788.570 8.336 0.400 3.334 0.75
2019-05-05_01:39:38 00235 11.584 161.600 1871.974 8.344 0.400 3.338 0.75
2019-05-05_01:39:39 00236 11.584 165.600 1918.310 8.360 0.400 3.344 0.75
2019-05-05_01:39:40 00237 11.592 153.600 1780.531 8.360 0.000 0.000 0.76
2019-05-05_01:39:41 00238 11.576 169.600 1963.290 8.368 0.400 3.347 0.76
2019-05-05_01:39:42 00239 11.576 161.200 1866.051 8.384 0.400 3.354 0.76
2019-05-05_01:39:43 00240 11.576 164.800 1907.725 8.400 0.400 3.360 0.76
2019-05-05_01:39:44 00241 11.584 153.600 1779.302 8.408 0.000 0.000 0.75
2019-05-05_01:39:45 00242 11.600 153.600 1781.760 8.304 0.000 0.000 0.75
2019-05-05_01:39:46 00243 11.592 153.200 1775.894 8.312 0.400 3.325 0.75
2019-05-05_01:39:47 00244 11.584 164.000 1899.776 8.320 0.000 0.000 0.75
2019-05-05_01:39:48 00245 11.592 153.600 1780.531 8.328 0.400 3.331 0.75
2019-05-05_01:39:49 00246 11.584 154.000 1783.936 8.344 0.400 3.338 0.75
2019-05-05_01:39:50 00247 11.576 157.600 1824.378 8.360 0.400 3.344 0.75
2019-05-05_01:39:51 00248 11.576 188.800 2185.549 8.360 0.400 3.344 0.76
2019-05-05_01:39:52 00249 11.584 165.600 1918.310 8.376 0.400 3.350 0.76
2019-05-05_01:39:53 00250 11.584 154.000 1783.936 8.392 0.000 0.000 0.76
2019-05-05_01:39:54 00251 11.576 152.800 1768.813 8.400 0.400 3.360 0.76
2019-05-05_01:39:55 00252 11.576 162.000 1875.312 8.408 0.400 3.363 0.75
2019-05-05_01:39:56 00253 11.584 188.000 2177.792 8.296 0.000 0.000 0.77
2019-05-05_01:39:57 00254 11.584 165.200 1913.677 8.544 0.000 0.000 0.76
2019-05-05_01:39:58 00255 11.584 153.600 1779.302 8.408 0.400 3.363 0.75
2019-05-05_01:39:59 00256 11.592 153.200 1775.894 8.304 0.000 0.000 0.75
2019-05-05_01:40:00 00257 11.584 162.400 1881.242 8.312 0.000 0.000 0.75
2019-05-05_01:40:01 00258 11.584 188.800 2187.059 8.320 0.400 3.328 0.75
2019-05-05_01:40:02 00259 11.584 164.400 1904.410 8.336 0.000 0.000 0.75
2019-05-05_01:40:03 00260 11.592 153.200 1775.894 8.344 0.400 3.338 0.75
2019-05-05_01:40:04 00261 11.584 153.600 1779.302 8.360 0.400 3.344 0.75
2019-05-05_01:40:05 00262 11.576 162.400 1879.942 8.368 0.400 3.347 0.76
2019-05-05_01:40:06 00263 11.576 165.600 1916.986 8.376 0.400 3.350 0.76
2019-05-05_01:40:07 00264 11.584 153.600 1779.302 8.392 0.400 3.357 0.76
2019-05-05_01:40:08 00265 11.584 153.600 1779.302 8.400 0.000 0.000 0.76
2019-05-05_01:40:09 00266 11.576 161.200 1866.051 8.408 0.400 3.363 0.75
2019-05-05_01:40:10 00267 11.584 164.800 1909.043 8.304 0.000 0.000 0.75
2019-05-05_01:40:11 00268 11.584 169.200 1960.013 8.304 0.000 0.000 0.75
2019-05-05_01:40:12 00269 11.592 153.200 1775.894 8.328 0.400 3.331 0.75
2019-05-05_01:40:13 00270 11.592 153.600 1780.531 8.336 0.000 0.000 0.75
2019-05-05_01:40:14 00271 11.584 159.600 1848.806 8.352 0.400 3.341 0.75
2019-05-05_01:40:15 00272 11.584 166.400 1927.578 8.352 0.400 3.341 0.75
2019-05-05_01:40:16 00273 11.592 154.000 1785.168 8.360 0.400 3.344 0.76
2019-05-05_01:40:17 00274 11.560 198.800 2298.128 8.352 0.400 3.341 0.76
2019-05-05_01:40:18 00275 11.560 198.800 2298.128 8.368 0.000 0.000 0.76
2019-05-05_01:40:19 00276 11.560 196.800 2275.008 8.376 0.400 3.350 0.76
2019-05-05_01:40:20 00277 11.552 196.400 2268.813 8.384 0.400 3.354 0.76
2019-05-05_01:40:21 00278 11.552 196.000 2264.192 8.400 0.400 3.360 0.76
2019-05-05_01:40:22 00279 11.552 197.200 2278.054 8.408 0.000 0.000 0.75
2019-05-05_01:40:23 00280 11.568 198.800 2299.718 8.304 0.000 0.000 0.75
2019-05-05_01:40:24 00281 11.560 195.600 2261.136 8.312 0.400 3.325 0.75
2019-05-05_01:40:25 00282 11.560 191.200 2210.272 8.328 0.400 3.331 0.75
2019-05-05_01:40:26 00283 11.560 200.800 2321.248 8.336 0.000 0.000 0.75
2019-05-05_01:40:27 00284 11.552 194.800 2250.330 8.344 0.400 3.338 0.76
2019-05-05_01:40:28 00285 11.568 197.600 2285.837 8.352 0.000 0.000 0.76
2019-05-05_01:40:29 00286 11.552 200.000 2310.400 8.368 0.400 3.347 0.76
2019-05-05_01:40:30 00287 11.560 197.200 2279.632 8.376 0.000 0.000 0.76
2019-05-05_01:40:31 00288 11.552 191.200 2208.742 8.384 0.000 0.000 0.76
2019-05-05_01:40:32 00289 11.552 196.400 2268.813 8.400 0.000 0.000 0.76
2019-05-05_01:40:33 00290 11.552 200.000 2310.400 8.416 0.000 0.000 0.75
2019-05-05_01:40:34 00291 11.560 197.200 2279.632 8.304 0.000 0.000 0.75
2019-05-05_01:40:35 00292 11.560 200.800 2321.248 8.312 0.000 0.000 0.75
2019-05-05_01:40:36 00293 11.560 196.400 2270.384 8.328 0.400 3.331 0.75
2019-05-05_01:40:37 00294 11.560 198.000 2288.880 8.336 0.000 0.000 0.75
2019-05-05_01:40:38 00295 11.552 198.400 2291.917 8.344 0.000 0.000 0.76
2019-05-05_01:40:39 00296 11.560 194.400 2247.264 8.352 0.000 0.000 0.76
2019-05-05_01:40:40 00297 11.560 195.600 2261.136 8.368 0.000 0.000 0.76
2019-05-05_01:40:41 00298 11.552 198.400 2291.917 8.376 0.400 3.350 0.76
2019-05-05_01:40:42 00299 11.552 199.200 2301.158 8.384 0.000 0.000 0.76
2019-05-05_01:40:43 00300 11.552 199.600 2305.779 8.400 0.000 0.000 0.76
2019-05-05_01:40:44 00301 11.552 196.800 2273.434 8.416 0.000 0.000 0.75
2019-05-05_01:40:45 00302 11.568 186.400 2156.275 8.304 0.000 0.000 0.75
2019-05-05_01:40:46 00303 11.576 192.400 2227.222 8.320 0.400 3.328 0.75