2019-05-05_21:56:12 01516 2.240 -0.800 -1.792 7.936 192.400 1526.886 0.00
2019-05-05_21:56:13 01517 2.240 -0.800 -1.792 7.936 192.400 1526.886 0.00
2019-05-05_21:56:14 01518 2.240 -0.800 -1.792 7.928 192.400 1525.347 0.00
2019-05-05_21:56:15 01519 2.240 -0.800 -1.792 7.936 193.200 1533.235 0.00
2019-05-05_21:56:16 01520 2.240 -0.800 -1.792 7.936 192.400 1526.886 0.00
2019-05-05_21:56:17 01521 2.240 -0.800 -1.792 7.936 191.600 1520.538 0.00
2019-05-05_21:56:18 01522 2.240 -0.800 -1.792 7.936 192.400 1526.886 0.00
2019-05-05_21:56:19 01523 2.240 -0.800 -1.792 7.936 191.600 1520.538 0.00
2019-05-05_21:56:20 01524 2.240 -0.800 -1.792 7.936 192.400 1526.886 0.00
2019-05-05_21:56:21 01525 2.240 -0.800 -1.792 7.936 193.200 1533.235 0.00
2019-05-05_21:56:22 01526 2.240 -0.800 -1.792 7.936 192.400 1526.886 0.00
2019-05-05_21:56:23 01527 2.240 -0.800 -1.792 7.936 192.800 1530.061 0.00
2019-05-05_21:56:24 01528 2.240 -0.800 -1.792 7.936 192.000 1523.712 0.00
2019-05-05_21:56:25 01529 2.240 -0.800 -1.792 7.928 192.000 1522.176 0.00
2019-05-05_21:56:26 01530 2.240 -0.800 -1.792 7.936 192.000 1523.712 0.00
2019-05-05_21:56:27 01531 2.240 -0.800 -1.792 7.920 225.600 1786.752 0.00
2019-05-05_21:56:28 01532 2.240 -0.800 -1.792 7.928 192.400 1525.347 0.00
2019-05-05_21:56:29 01533 2.240 -0.800 -1.792 7.936 192.800 1530.061 0.00
2019-05-05_21:56:30 01534 2.240 -0.800 -1.792 7.936 192.800 1530.061 0.00
2019-05-05_21:56:31 01535 2.240 -0.800 -1.792 7.936 192.400 1526.886 0.00
2019-05-05_21:56:32 01536 2.240 -0.800 -1.792 7.936 192.400 1526.886 0.00
2019-05-05_21:56:33 01537 2.240 -0.800 -1.792 7.936 192.400 1526.886 0.00
2019-05-05_21:56:34 01538 2.240 -0.800 -1.792 7.936 192.800 1530.061 0.00
2019-05-05_21:56:35 01539 2.240 -0.800 -1.792 7.936 192.800 1530.061 0.00
2019-05-05_21:56:36 01540 2.240 -0.800 -1.792 7.936 192.000 1523.712 0.00
2019-05-05_21:56:37 01541 2.240 -0.800 -1.792 7.936 192.400 1526.886 0.00
2019-05-05_21:56:38 01542 2.240 -0.800 -1.792 7.936 192.000 1523.712 0.00
2019-05-05_21:56:39 01543 2.240 -0.800 -1.792 7.936 192.400 1526.886 0.00
2019-05-05_21:56:40 01544 2.240 -0.800 -1.792 7.936 192.400 1526.886 0.00
2019-05-05_21:56:41 01545 2.240 -0.800 -1.792 7.936 192.000 1523.712 0.00
2019-05-05_21:56:42 01546 2.240 -0.800 -1.792 7.928 192.400 1525.347 0.00
2019-05-05_21:56:43 01547 2.240 -0.800 -1.792 7.936 192.400 1526.886 0.00
2019-05-05_21:56:44 01548 2.240 -0.800 -1.792 7.936 192.800 1530.061 0.00
2019-05-05_21:56:45 01549 2.240 -0.800 -1.792 7.936 200.000 1587.200 0.00
2019-05-05_21:56:46 01550 2.240 -0.800 -1.792 7.936 192.400 1526.886 0.00
2019-05-05_21:56:47 01551 2.240 -0.800 -1.792 7.936 194.000 1539.584 0.00
2019-05-05_21:56:48 01552 2.240 -0.800 -1.792 7.928 192.800 1528.518 0.00
2019-05-05_21:56:49 01553 2.240 -0.800 -1.792 7.936 194.400 1542.758 0.00
2019-05-05_21:56:50 01554 2.240 -0.800 -1.792 7.936 192.000 1523.712 0.00
2019-05-05_21:56:51 01555 2.240 -0.800 -1.792 7.936 193.200 1533.235 0.00
2019-05-05_21:56:52 01556 2.240 -0.800 -1.792 7.920 192.400 1523.808 0.00
2019-05-05_21:56:53 01557 2.240 -0.800 -1.792 7.936 192.400 1526.886 0.00
2019-05-05_21:56:54 01558 2.240 -0.800 -1.792 7.920 216.400 1713.888 0.00
2019-05-05_21:56:55 01559 2.240 -0.800 -1.792 7.936 192.400 1526.886 0.00
2019-05-05_21:56:56 01560 2.240 -0.800 -1.792 7.928 192.000 1522.176 0.00
2019-05-05_21:56:57 01561 2.240 -0.800 -1.792 7.936 192.400 1526.886 0.00
2019-05-05_21:56:58 01562 2.240 -0.800 -1.792 7.936 192.800 1530.061 0.00
2019-05-05_21:56:59 01563 2.240 -0.800 -1.792 7.936 192.400 1526.886 0.00
2019-05-05_21:57:00 01564 2.240 -0.800 -1.792 7.928 192.800 1528.518 0.00
2019-05-05_21:57:01 01565 2.240 -0.800 -1.792 7.936 192.000 1523.712 0.00
2019-05-05_21:57:02 01566 2.240 -0.800 -1.792 7.936 193.200 1533.235 0.00
2019-05-05_21:57:03 01567 2.240 -0.800 -1.792 7.928 192.000 1522.176 0.00
2019-05-05_21:57:04 01568 2.240 -0.800 -1.792 7.936 192.400 1526.886 0.00
2019-05-05_21:57:05 01569 2.240 -0.800 -1.792 7.936 192.800 1530.061 0.00
2019-05-05_21:57:06 01570 2.240 -0.800 -1.792 7.936 194.000 1539.584 0.00
2019-05-05_21:57:07 01571 2.240 -0.800 -1.792 7.936 198.800 1577.677 0.00
2019-05-05_21:57:08 01572 2.240 -0.800 -1.792 7.936 192.400 1526.886 0.00
2019-05-05_21:57:09 01573 2.240 -0.800 -1.792 7.936 192.800 1530.061 0.00
2019-05-05_21:57:10 01574 2.240 -0.800 -1.792 7.936 192.000 1523.712 0.00
2019-05-05_21:57:11 01575 2.240 -0.800 -1.792 7.936 192.400 1526.886 0.00
2019-05-05_21:57:12 01576 2.240 -0.800 -1.792 7.936 193.200 1533.235 0.00
2019-05-05_21:57:13 01577 2.240 -0.800 -1.792 7.936 192.400 1526.886 0.00
2019-05-05_21:57:14 01578 2.240 -0.800 -1.792 7.936 192.400 1526.886 0.00
2019-05-05_21:57:15 01579 2.240 -0.800 -1.792 7.936 192.400 1526.886 0.00
2019-05-05_21:57:16 01580 2.240 -0.800 -1.792 7.936 192.400 1526.886 0.00
2019-05-05_21:57:17 01581 2.240 -0.800 -1.792 7.936 193.200 1533.235 0.00
2019-05-05_21:57:18 01582 2.240 -0.800 -1.792 7.936 192.400 1526.886 0.00
2019-05-05_21:57:19 01583 2.240 -0.800 -1.792 7.936 193.600 1536.410 0.00
2019-05-05_21:57:20 01584 2.240 -0.800 -1.792 7.936 192.400 1526.886 0.00
2019-05-05_21:57:21 01585 2.240 -0.800 -1.792 7.936 192.400 1526.886 0.00
2019-05-05_21:57:22 01586 2.240 -0.800 -1.792 7.936 192.000 1523.712 0.00
2019-05-05_21:57:23 01587 2.240 -0.800 -1.792 7.936 192.400 1526.886 0.00
2019-05-05_21:57:24 01588 2.240 -0.800 -1.792 7.920 216.400 1713.888 0.00
2019-05-05_21:57:25 01589 2.240 -0.800 -1.792 7.936 192.800 1530.061 0.00
2019-05-05_21:57:26 01590 2.240 -0.800 -1.792 7.936 192.400 1526.886 0.00
2019-05-05_21:57:27 01591 2.240 -0.800 -1.792 7.920 216.400 1713.888 0.00
2019-05-05_21:57:28 01592 2.240 -0.800 -1.792 7.936 202.000 1603.072 0.00
2019-05-05_21:57:29 01593 2.240 -0.800 -1.792 7.936 192.000 1523.712 0.00
2019-05-05_21:57:30 01594 2.240 -0.800 -1.792 7.936 192.800 1530.061 0.00
2019-05-05_21:57:31 01595 2.240 -0.800 -1.792 7.936 192.800 1530.061 0.00
2019-05-05_21:57:32 01596 2.240 -0.800 -1.792 7.936 195.200 1549.107 0.00
2019-05-05_21:57:33 01597 2.240 -0.800 -1.792 7.936 192.800 1530.061 0.00
2019-05-05_21:57:34 01598 2.240 -0.800 -1.792 7.928 192.400 1525.347 0.00
2019-05-05_21:57:35 01599 2.240 -0.800 -1.792 7.936 192.400 1526.886 0.00
2019-05-05_21:57:36 01600 2.240 -0.800 -1.792 7.936 192.400 1526.886 0.00
2019-05-05_21:57:37 01601 2.240 -0.800 -1.792 7.936 192.800 1530.061 0.00
2019-05-05_21:57:38 01602 2.240 -0.800 -1.792 7.936 192.800 1530.061 0.00
2019-05-05_21:57:39 01603 2.240 -0.800 -1.792 7.936 192.400 1526.886 0.00
2019-05-05_21:57:40 01604 2.240 -0.800 -1.792 7.928 192.800 1528.518 0.00
2019-05-05_21:57:41 01605 2.240 -0.800 -1.792 7.936 192.400 1526.886 0.00
2019-05-05_21:57:42 01606 2.240 -0.800 -1.792 7.936 192.800 1530.061 0.00
2019-05-05_21:57:43 01607 2.240 -0.800 -1.792 7.936 193.600 1536.410 0.00
2019-05-05_21:57:44 01608 2.240 -0.800 -1.792 7.936 193.200 1533.235 0.00
2019-05-05_21:57:45 01609 2.240 -0.800 -1.792 7.936 192.400 1526.886 0.00
2019-05-05_21:57:46 01610 2.240 -0.800 -1.792 7.936 192.400 1526.886 0.00
2019-05-05_21:57:47 01611 2.240 -0.800 -1.792 7.920 192.800 1526.976 0.00
2019-05-05_21:57:48 01612 2.240 -0.800 -1.792 7.936 193.200 1533.235 0.00
2019-05-05_21:57:49 01613 2.240 -0.800 -1.792 7.936 192.400 1526.886 0.00
2019-05-05_21:57:50 01614 2.240 -0.800 -1.792 7.936 192.400 1526.886 0.00
2019-05-05_21:57:51 01615 2.240 -0.800 -1.792 7.936 202.400 1606.246 0.00
2019-05-05_21:57:52 01616 2.240 -0.800 -1.792 7.936 192.400 1526.886 0.00