2019-05-04_23:23:53 00001 11.560 204.400 2362.864 3.232 0.000 0.000 0.32
2019-05-04_23:23:54 00002 11.560 200.800 2321.248 3.448 0.000 0.000 0.34
2019-05-04_23:23:55 00003 11.568 198.800 2299.718 3.688 0.000 0.000 0.36
2019-05-04_23:23:56 00004 11.576 188.800 2185.549 3.928 0.000 0.000 0.38
2019-05-04_23:23:58 00005 11.552 202.000 2333.504 4.152 0.000 0.000 0.40
2019-05-04_23:23:59 00006 11.560 203.600 2353.616 4.392 0.000 0.000 0.42
2019-05-04_23:24:00 00007 11.560 202.000 2335.120 4.624 0.000 0.000 0.44
2019-05-04_23:24:01 00008 11.568 203.600 2355.245 4.864 0.000 0.000 0.46
2019-05-04_23:24:02 00009 11.560 201.200 2325.872 5.088 0.000 0.000 0.48
2019-05-04_23:24:03 00010 11.568 202.000 2336.736 5.320 0.000 0.000 0.50
2019-05-04_23:24:04 00011 11.552 202.800 2342.746 5.544 0.000 0.000 0.52
2019-05-04_23:24:05 00012 11.568 201.600 2332.109 5.784 0.000 0.000 0.54
2019-05-04_23:24:06 00013 11.552 198.400 2291.917 6.000 0.000 0.000 0.56
2019-05-04_23:24:07 00014 11.568 198.000 2290.464 6.240 0.000 0.000 0.58
2019-05-04_23:24:08 00015 11.560 205.200 2372.112 6.464 0.000 0.000 0.60
2019-05-04_23:24:09 00016 11.560 199.600 2307.376 6.688 0.000 0.000 0.62
2019-05-04_23:24:10 00017 11.552 190.800 2204.122 6.904 0.000 0.000 0.64
2019-05-04_23:24:11 00018 11.568 192.000 2221.056 7.136 0.400 2.854 0.66
2019-05-04_23:24:12 00019 11.560 200.400 2316.624 7.360 0.000 0.000 0.68
2019-05-04_23:24:13 00020 11.560 196.400 2270.384 7.576 0.000 0.000 0.70
2019-05-04_23:24:14 00021 11.560 185.200 2140.912 7.784 0.000 0.000 0.72
2019-05-04_23:24:15 00022 11.568 198.400 2295.091 8.008 0.400 3.203 0.74
2019-05-04_23:24:16 00023 11.584 172.400 1997.082 8.224 0.000 0.000 0.76
2019-05-04_23:24:17 00024 11.576 153.600 1778.074 8.440 0.000 0.000 0.75
2019-05-04_23:24:18 00025 11.584 165.200 1913.677 8.336 0.000 0.000 0.75
2019-05-04_23:24:19 00026 11.592 152.800 1771.258 8.344 0.000 0.000 0.75
2019-05-04_23:24:20 00027 11.592 153.200 1775.894 8.360 0.000 0.000 0.75
2019-05-04_23:24:21 00028 11.584 153.600 1779.302 8.368 0.000 0.000 0.75
2019-05-04_23:24:22 00029 11.576 163.200 1889.203 8.376 0.000 0.000 0.76
2019-05-04_23:24:23 00030 11.576 169.200 1958.659 8.376 0.400 3.350 0.76
2019-05-04_23:24:24 00031 11.584 152.800 1770.035 8.392 0.400 3.357 0.76
2019-05-04_23:24:25 00032 11.576 156.000 1805.856 8.408 0.000 0.000 0.75
2019-05-04_23:24:26 00033 11.592 164.400 1905.725 8.304 0.000 0.000 0.75
2019-05-04_23:24:27 00034 11.600 164.800 1911.680 8.320 0.000 0.000 0.75
2019-05-04_23:24:28 00035 11.592 153.600 1780.531 8.320 0.400 3.328 0.75
2019-05-04_23:24:29 00036 11.592 152.800 1771.258 8.336 0.000 0.000 0.75
2019-05-04_23:24:30 00037 11.584 160.400 1858.074 8.344 0.000 0.000 0.75
2019-05-04_23:24:31 00038 11.584 164.000 1899.776 8.360 0.000 0.000 0.75
2019-05-04_23:24:32 00039 11.592 152.800 1771.258 8.360 0.000 0.000 0.75
2019-05-04_23:24:33 00040 11.592 153.600 1780.531 8.376 0.400 3.350 0.76
2019-05-04_23:24:34 00041 11.576 155.200 1796.595 8.384 0.000 0.000 0.76
2019-05-04_23:24:35 00042 11.560 181.200 2094.672 8.384 0.400 3.354 0.76
2019-05-04_23:24:36 00043 11.576 167.600 1940.138 8.400 0.000 0.000 0.76
2019-05-04_23:24:37 00044 11.552 196.800 2273.434 8.392 0.000 0.000 0.76
2019-05-04_23:24:38 00045 11.552 197.600 2282.675 8.400 0.000 0.000 0.76
2019-05-04_23:24:39 00046 11.552 201.600 2328.883 8.416 0.000 0.000 0.75
2019-05-04_23:24:40 00047 11.560 194.800 2251.888 8.312 0.000 0.000 0.75
2019-05-04_23:24:41 00048 11.560 198.000 2288.880 8.320 0.000 0.000 0.75
2019-05-04_23:24:42 00049 11.560 198.800 2298.128 8.336 0.000 0.000 0.75
2019-05-04_23:24:43 00050 11.560 200.000 2312.000 8.344 0.400 3.338 0.75
2019-05-04_23:24:44 00051 11.552 199.200 2301.158 8.352 0.000 0.000 0.76
2019-05-04_23:24:45 00052 11.552 197.600 2282.675 8.360 0.000 0.000 0.76
2019-05-04_23:24:46 00053 11.560 198.800 2298.128 8.368 0.000 0.000 0.76
2019-05-04_23:24:47 00054 11.560 198.000 2288.880 8.384 0.000 0.000 0.76
2019-05-04_23:24:48 00055 11.552 200.400 2315.021 8.392 0.000 0.000 0.76
2019-05-04_23:24:49 00056 11.552 198.000 2287.296 8.400 0.000 0.000 0.76
2019-05-04_23:24:50 00057 11.552 200.800 2319.642 8.416 0.000 0.000 0.75
2019-05-04_23:24:51 00058 11.560 191.600 2214.896 8.320 0.000 0.000 0.75
2019-05-04_23:24:52 00059 11.560 200.400 2316.624 8.320 0.000 0.000 0.75
2019-05-04_23:24:53 00060 11.560 196.400 2270.384 8.336 0.000 0.000 0.75
2019-05-04_23:24:54 00061 11.552 197.600 2282.675 8.344 0.000 0.000 0.75
2019-05-04_23:24:55 00062 11.560 196.800 2275.008 8.352 0.000 0.000 0.76
2019-05-04_23:24:56 00063 11.552 198.800 2296.538 8.360 0.400 3.344 0.76
2019-05-04_23:24:57 00064 11.552 196.800 2273.434 8.368 0.000 0.000 0.76
2019-05-04_23:24:58 00065 11.552 197.200 2278.054 8.376 0.000 0.000 0.76
2019-05-04_23:24:59 00066 11.552 198.000 2287.296 8.392 0.000 0.000 0.76
2019-05-04_23:25:00 00067 11.560 193.200 2233.392 8.400 0.000 0.000 0.76
2019-05-04_23:25:01 00068 11.552 199.200 2301.158 8.424 0.000 0.000 0.75
2019-05-04_23:25:02 00069 11.560 198.800 2298.128 8.312 0.400 3.325 0.75
2019-05-04_23:25:03 00070 11.560 198.000 2288.880 8.320 0.000 0.000 0.75
2019-05-04_23:25:04 00071 11.560 196.800 2275.008 8.336 0.000 0.000 0.75
2019-05-04_23:25:05 00072 11.560 197.200 2279.632 8.344 0.000 0.000 0.75
2019-05-04_23:25:06 00073 11.560 196.400 2270.384 8.352 0.000 0.000 0.76
2019-05-04_23:25:07 00074 11.560 194.000 2242.640 8.360 0.000 0.000 0.76
2019-05-04_23:25:08 00075 11.552 191.200 2208.742 8.376 0.400 3.350 0.76
2019-05-04_23:25:09 00076 11.552 194.800 2250.330 8.384 0.400 3.354 0.76
2019-05-04_23:25:10 00077 11.552 194.800 2250.330 8.392 0.400 3.357 0.76
2019-05-04_23:25:11 00078 11.560 196.400 2270.384 8.400 0.000 0.000 0.76
2019-05-04_23:25:12 00079 11.560 191.600 2214.896 8.416 0.000 0.000 0.75
2019-05-04_23:25:13 00080 11.560 193.200 2233.392 8.312 0.000 0.000 0.75
2019-05-04_23:25:14 00081 11.568 192.000 2221.056 8.320 0.000 0.000 0.75
2019-05-04_23:25:15 00082 11.560 192.000 2219.520 8.336 0.400 3.334 0.75
2019-05-04_23:25:16 00083 11.560 196.800 2275.008 8.344 0.400 3.338 0.75
2019-05-04_23:25:17 00084 11.560 190.800 2205.648 8.352 0.000 0.000 0.76
2019-05-04_23:25:18 00085 11.560 200.400 2316.624 8.360 0.000 0.000 0.76
2019-05-04_23:25:19 00086 11.552 189.600 2190.259 8.368 0.000 0.000 0.76
2019-05-04_23:25:20 00087 11.552 199.600 2305.779 8.384 0.000 0.000 0.76
2019-05-04_23:25:21 00088 11.552 194.400 2245.709 8.392 0.000 0.000 0.76
2019-05-04_23:25:22 00089 11.568 195.200 2258.074 8.408 0.000 0.000 0.75
2019-05-04_23:25:23 00090 11.568 196.400 2271.955 8.304 0.000 0.000 0.75
2019-05-04_23:25:24 00091 11.560 194.400 2247.264 8.320 0.000 0.000 0.75
2019-05-04_23:25:25 00092 11.560 190.000 2196.400 8.320 0.000 0.000 0.75
2019-05-04_23:25:26 00093 11.560 189.600 2191.776 8.336 0.000 0.000 0.75
2019-05-04_23:25:27 00094 11.568 191.200 2211.802 8.344 0.000 0.000 0.75
2019-05-04_23:25:28 00095 11.568 196.400 2271.955 8.352 0.000 0.000 0.76
2019-05-04_23:25:29 00096 11.560 198.400 2293.504 8.360 0.000 0.000 0.76
2019-05-04_23:25:30 00097 11.560 186.800 2159.408 8.368 0.000 0.000 0.76
2019-05-04_23:25:31 00098 11.560 193.600 2238.016 8.384 0.000 0.000 0.76
2019-05-04_23:25:32 00099 11.552 184.000 2125.568 8.392 0.000 0.000 0.76
2019-05-04_23:25:33 00100 11.552 195.200 2254.950 8.400 0.000 0.000 0.76
2019-05-04_23:25:34 00101 11.552 191.200 2208.742 8.424 0.000 0.000 0.75