2019-05-05_00:27:24 02728 11.592 153.200 1775.894 8.368 0.400 3.347 0.76
2019-05-05_00:27:25 02729 11.592 155.600 1803.715 8.376 0.400 3.350 0.76
2019-05-05_00:27:26 02730 11.584 152.800 1770.035 8.392 0.000 0.000 0.76
2019-05-05_00:27:27 02731 11.576 161.600 1870.682 8.400 0.400 3.360 0.76
2019-05-05_00:27:28 02732 11.584 153.200 1774.669 8.408 0.000 0.000 0.75
2019-05-05_00:27:29 02733 11.584 168.800 1955.379 8.296 0.000 0.000 0.77
2019-05-05_00:27:30 02734 11.576 152.800 1768.813 8.536 0.000 0.000 0.76
2019-05-05_00:27:31 02735 11.584 162.000 1876.608 8.408 0.000 0.000 0.75
2019-05-05_00:27:32 02736 11.584 169.200 1960.013 8.296 0.000 0.000 0.77
2019-05-05_00:27:33 02737 11.584 153.200 1774.669 8.544 0.000 0.000 0.76
2019-05-05_00:27:34 02738 11.576 156.400 1810.486 8.408 0.400 3.363 0.75
2019-05-05_00:27:35 02739 11.600 162.800 1888.480 8.312 0.000 0.000 0.75
2019-05-05_00:27:36 02740 11.600 153.600 1781.760 8.320 0.000 0.000 0.75
2019-05-05_00:27:37 02741 11.584 169.200 1960.013 8.320 0.000 0.000 0.75
2019-05-05_00:27:38 02742 11.592 153.200 1775.894 8.336 0.000 0.000 0.75
2019-05-05_00:27:39 02743 11.592 153.600 1780.531 8.352 0.400 3.341 0.75
2019-05-05_00:27:40 02744 11.584 152.800 1770.035 8.360 0.400 3.344 0.75
2019-05-05_00:27:41 02745 11.584 154.800 1793.203 8.368 0.400 3.347 0.76
2019-05-05_00:27:42 02746 11.576 169.200 1958.659 8.368 0.400 3.347 0.76
2019-05-05_00:27:43 02747 11.584 153.200 1774.669 8.384 0.400 3.354 0.76
2019-05-05_00:27:44 02748 11.584 153.200 1774.669 8.400 0.000 0.000 0.76
2019-05-05_00:27:45 02749 11.576 159.600 1847.530 8.408 0.000 0.000 0.75
2019-05-05_00:27:46 02750 11.592 161.600 1873.267 8.304 0.400 3.322 0.75
2019-05-05_00:27:47 02751 11.592 153.200 1775.894 8.320 0.400 3.328 0.75
2019-05-05_00:27:48 02752 11.592 163.600 1896.451 8.328 0.400 3.331 0.75
2019-05-05_00:27:49 02753 11.592 153.200 1775.894 8.336 0.000 0.000 0.75
2019-05-05_00:27:50 02754 11.592 153.200 1775.894 8.352 0.000 0.000 0.75
2019-05-05_00:27:51 02755 11.584 153.600 1779.302 8.360 0.400 3.344 0.75
2019-05-05_00:27:52 02756 11.576 180.000 2083.680 8.360 0.400 3.344 0.76
2019-05-05_00:27:53 02757 11.592 153.200 1775.894 8.376 0.400 3.350 0.76
2019-05-05_00:27:54 02758 11.584 153.600 1779.302 8.392 0.400 3.357 0.76
2019-05-05_00:27:55 02759 11.584 153.200 1774.669 8.400 0.400 3.360 0.76
2019-05-05_00:27:56 02760 11.584 153.600 1779.302 8.408 0.400 3.363 0.75
2019-05-05_00:27:57 02761 11.584 169.200 1960.013 8.304 0.000 0.000 0.75
2019-05-05_00:27:58 02762 11.592 153.200 1775.894 8.320 0.000 0.000 0.75
2019-05-05_00:27:59 02763 11.592 153.200 1775.894 8.328 0.000 0.000 0.75
2019-05-05_00:28:00 02764 11.592 163.200 1891.814 8.336 0.400 3.334 0.75
2019-05-05_00:28:01 02765 11.592 153.600 1780.531 8.352 0.400 3.341 0.75
2019-05-05_00:28:02 02766 11.576 170.000 1967.920 8.352 0.400 3.341 0.75
2019-05-05_00:28:03 02767 11.592 153.200 1775.894 8.368 0.400 3.347 0.76
2019-05-05_00:28:04 02768 11.592 153.200 1775.894 8.376 0.400 3.350 0.76
2019-05-05_00:28:05 02769 11.584 153.200 1774.669 8.392 0.400 3.357 0.76
2019-05-05_00:28:06 02770 11.584 153.200 1774.669 8.400 0.000 0.000 0.76
2019-05-05_00:28:07 02771 11.584 153.200 1774.669 8.408 0.400 3.363 0.75
2019-05-05_00:28:08 02772 11.592 156.800 1817.626 8.312 0.000 0.000 0.75
2019-05-05_00:28:09 02773 11.584 161.200 1867.341 8.320 0.400 3.328 0.75
2019-05-05_00:28:10 02774 11.592 163.600 1896.451 8.328 0.400 3.331 0.75
2019-05-05_00:28:11 02775 11.592 153.200 1775.894 8.336 0.400 3.334 0.75
2019-05-05_00:28:12 02776 11.568 169.600 1961.933 8.344 0.000 0.000 0.75
2019-05-05_00:28:13 02777 11.584 160.000 1853.440 8.360 0.400 3.344 0.75
2019-05-05_00:28:14 02778 11.592 153.200 1775.894 8.368 0.400 3.347 0.76
2019-05-05_00:28:15 02779 11.592 153.200 1775.894 8.384 0.000 0.000 0.76
2019-05-05_00:28:16 02780 11.584 153.200 1774.669 8.392 0.400 3.357 0.76
2019-05-05_00:28:17 02781 11.576 178.400 2065.158 8.392 0.400 3.357 0.76
2019-05-05_00:28:18 02782 11.584 153.600 1779.302 8.416 0.000 0.000 0.75
2019-05-05_00:28:19 02783 11.600 155.200 1800.320 8.304 0.000 0.000 0.75
2019-05-05_00:28:20 02784 11.592 153.200 1775.894 8.320 0.000 0.000 0.75
2019-05-05_00:28:21 02785 11.592 153.200 1775.894 8.328 0.000 0.000 0.75
2019-05-05_00:28:22 02786 11.568 170.000 1966.560 8.328 0.000 0.000 0.75
2019-05-05_00:28:23 02787 11.592 153.200 1775.894 8.352 0.400 3.341 0.75
2019-05-05_00:28:24 02788 11.584 160.800 1862.707 8.360 0.400 3.344 0.75
2019-05-05_00:28:25 02789 11.584 158.400 1834.906 8.368 0.400 3.347 0.76
2019-05-05_00:28:26 02790 11.584 153.200 1774.669 8.376 0.400 3.350 0.76
2019-05-05_00:28:27 02791 11.576 169.200 1958.659 8.384 0.000 0.000 0.76
2019-05-05_00:28:28 02792 11.576 155.600 1801.226 8.400 0.400 3.360 0.76
2019-05-05_00:28:29 02793 11.576 169.200 1958.659 8.400 0.000 0.000 0.76
2019-05-05_00:28:30 02794 11.584 153.200 1774.669 8.424 0.000 0.000 0.75
2019-05-05_00:28:31 02795 11.592 153.600 1780.531 8.320 0.000 0.000 0.75
2019-05-05_00:28:32 02796 11.584 169.200 1960.013 8.320 0.000 0.000 0.75
2019-05-05_00:28:33 02797 11.592 153.600 1780.531 8.336 0.400 3.334 0.75
2019-05-05_00:28:34 02798 11.584 155.600 1802.470 8.352 0.400 3.341 0.75
2019-05-05_00:28:35 02799 11.592 153.200 1775.894 8.360 0.400 3.344 0.75
2019-05-05_00:28:36 02800 11.592 153.600 1780.531 8.368 0.400 3.347 0.76
2019-05-05_00:28:37 02801 11.576 169.600 1963.290 8.368 0.400 3.347 0.76
2019-05-05_00:28:38 02802 11.584 153.600 1779.302 8.392 0.400 3.357 0.76
2019-05-05_00:28:39 02803 11.584 162.400 1881.242 8.400 0.400 3.360 0.76
2019-05-05_00:28:40 02804 11.576 161.600 1870.682 8.408 0.000 0.000 0.75
2019-05-05_00:28:41 02805 11.600 153.200 1777.120 8.312 0.000 0.000 0.75
2019-05-05_00:28:42 02806 11.584 169.200 1960.013 8.312 0.000 0.000 0.75
2019-05-05_00:28:43 02807 11.592 154.000 1785.168 8.328 0.000 0.000 0.75
2019-05-05_00:28:44 02808 11.584 159.200 1844.173 8.336 0.000 0.000 0.75
2019-05-05_00:28:45 02809 11.592 153.600 1780.531 8.352 0.000 0.000 0.75
2019-05-05_00:28:46 02810 11.592 153.200 1775.894 8.360 0.000 0.000 0.75
2019-05-05_00:28:47 02811 11.584 153.200 1774.669 8.368 0.400 3.347 0.76
2019-05-05_00:28:48 02812 11.584 155.600 1802.470 8.376 0.400 3.350 0.76
2019-05-05_00:28:49 02813 11.584 154.000 1783.936 8.392 0.400 3.357 0.76
2019-05-05_00:28:50 02814 11.584 162.400 1881.242 8.400 0.400 3.360 0.76
2019-05-05_00:28:51 02815 11.584 153.600 1779.302 8.408 0.400 3.363 0.75
2019-05-05_00:28:52 02816 11.584 169.600 1964.646 8.304 0.000 0.000 0.75
2019-05-05_00:28:53 02817 11.584 156.000 1807.104 8.320 0.400 3.328 0.75
2019-05-05_00:28:54 02818 11.592 153.600 1780.531 8.328 0.400 3.331 0.75
2019-05-05_00:28:55 02819 11.592 153.600 1780.531 8.336 0.400 3.334 0.75
2019-05-05_00:28:56 02820 11.592 153.600 1780.531 8.352 0.400 3.341 0.75
2019-05-05_00:28:57 02821 11.576 184.400 2134.614 8.352 0.000 0.000 0.75
2019-05-05_00:28:58 02822 11.592 154.800 1794.442 8.368 0.400 3.347 0.76
2019-05-05_00:28:59 02823 11.584 154.000 1783.936 8.376 0.400 3.350 0.76
2019-05-05_00:29:00 02824 11.584 153.200 1774.669 8.392 0.400 3.357 0.76
2019-05-05_00:29:01 02825 11.576 162.400 1879.942 8.400 0.400 3.360 0.76
2019-05-05_00:29:02 02826 11.576 170.000 1967.920 8.400 0.400 3.360 0.76
2019-05-05_00:29:03 02827 11.584 153.200 1774.669 8.424 0.000 0.000 0.75
2019-05-05_00:29:04 02828 11.592 153.200 1775.894 8.320 0.000 0.000 0.75