2019-05-06_22:50:35 01830 1.040 -5.200 -5.408 8.032 145.200 1166.246 0.00
2019-05-06_22:50:45 01840 1.040 -5.200 -5.408 8.032 142.000 1140.544 0.00
2019-05-06_22:50:55 01850 1.040 -5.200 -5.408 8.032 144.000 1156.608 0.00
2019-05-06_22:51:05 01860 1.040 -5.200 -5.408 8.032 143.600 1153.395 0.00
2019-05-06_22:51:15 01870 1.040 -5.200 -5.408 8.032 143.200 1150.182 0.00
2019-05-06_22:51:25 01880 1.040 -5.200 -5.408 8.000 167.600 1340.800 0.00
2019-05-06_22:51:35 01890 1.040 -5.200 -5.408 8.024 147.600 1184.342 0.00
2019-05-06_22:51:45 01900 1.040 -5.200 -5.408 8.032 147.200 1182.310 0.00
2019-05-06_22:51:55 01910 1.040 -5.200 -5.408 8.032 147.600 1185.523 0.00
2019-05-06_22:52:05 01920 1.040 -5.200 -5.408 8.024 152.800 1226.067 0.00
2019-05-06_22:52:15 01930 1.040 -5.200 -5.408 8.032 143.600 1153.395 0.00
2019-05-06_22:52:25 01940 1.040 -5.200 -5.408 8.032 143.600 1153.395 0.00
2019-05-06_22:52:35 01950 1.040 -5.200 -5.408 8.016 145.600 1167.130 0.00
2019-05-06_22:52:45 01960 1.040 -5.200 -5.408 8.032 156.800 1259.418 0.00
2019-05-06_22:52:55 01970 1.040 -5.200 -5.408 8.032 144.000 1156.608 0.00
2019-05-06_22:53:05 01980 1.040 -5.200 -5.408 8.032 147.200 1182.310 0.00
2019-05-06_22:53:15 01990 1.040 -5.200 -5.408 8.024 147.600 1184.342 0.00
2019-05-06_22:53:25 02000 1.040 -5.200 -5.408 8.032 168.400 1352.589 0.00
2019-05-06_22:53:35 02010 1.040 -5.200 -5.408 8.032 148.000 1188.736 0.00
2019-05-06_22:53:45 02020 1.040 -5.200 -5.408 8.032 144.000 1156.608 0.00
2019-05-06_22:53:55 02030 1.040 -5.200 -5.408 8.024 144.000 1155.456 0.00
2019-05-06_22:54:05 02040 1.040 -5.200 -5.408 8.032 175.600 1410.419 0.00
2019-05-06_22:54:15 02050 1.040 -5.200 -5.408 8.024 145.600 1168.294 0.00
2019-05-06_22:54:25 02060 1.040 -5.200 -5.408 8.024 148.400 1190.762 0.00
2019-05-06_22:54:35 02070 1.040 -5.200 -5.408 8.024 148.400 1190.762 0.00
2019-05-06_22:54:45 02080 1.040 -5.200 -5.408 8.024 147.200 1181.133 0.00
2019-05-06_22:54:55 02090 1.040 -5.200 -5.408 8.024 148.000 1187.552 0.00
2019-05-06_22:55:05 02100 1.040 -5.200 -5.408 8.024 154.800 1242.115 0.00
2019-05-06_22:55:15 02110 1.040 -5.200 -5.408 8.032 145.200 1166.246 0.00
2019-05-06_22:55:25 02120 1.040 -5.200 -5.408 8.032 144.800 1163.034 0.00
2019-05-06_22:55:35 02130 1.040 -5.200 -5.408 8.032 144.400 1159.821 0.00
2019-05-06_22:55:45 02140 1.040 -5.200 -5.408 8.024 145.200 1165.085 0.00
2019-05-06_22:55:55 02150 1.040 -5.200 -5.408 8.024 149.200 1197.181 0.00
2019-05-06_22:56:05 02160 1.040 -5.200 -5.408 8.024 148.800 1193.971 0.00
2019-05-06_22:56:15 02170 1.040 -5.200 -5.408 8.024 148.000 1187.552 0.00
2019-05-06_22:56:25 02180 1.040 -5.200 -5.408 8.024 148.000 1187.552 0.00
2019-05-06_22:56:35 02190 1.040 -5.200 -5.408 8.024 146.000 1171.504 0.00
2019-05-06_22:56:45 02200 1.040 -5.200 -5.408 8.024 144.000 1155.456 0.00
2019-05-06_22:56:55 02210 1.040 -5.200 -5.408 8.024 145.200 1165.085 0.00
2019-05-06_22:57:05 02220 1.040 -5.200 -5.408 8.024 151.200 1213.229 0.00
2019-05-06_22:57:15 02230 1.040 -5.200 -5.408 8.032 144.000 1156.608 0.00
2019-05-06_22:57:25 02240 1.040 -5.200 -5.408 8.024 147.600 1184.342 0.00
2019-05-06_22:57:35 02250 1.040 -5.200 -5.408 8.024 147.600 1184.342 0.00
2019-05-06_22:57:45 02260 1.040 -5.200 -5.408 8.024 148.000 1187.552 0.00
2019-05-06_22:57:55 02270 1.040 -5.200 -5.408 8.024 147.200 1181.133 0.00
2019-05-06_22:58:05 02280 1.040 -5.200 -5.408 8.024 148.800 1193.971 0.00
2019-05-06_22:58:15 02290 1.040 -5.200 -5.408 8.032 144.400 1159.821 0.00
2019-05-06_22:58:25 02300 1.040 -5.200 -5.408 8.024 145.200 1165.085 0.00
2019-05-06_22:58:35 02310 1.040 -5.200 -5.408 8.016 145.600 1167.130 0.00
2019-05-06_22:58:45 02320 1.040 -5.200 -5.408 8.016 144.800 1160.717 0.00
2019-05-06_22:58:55 02330 1.040 -5.200 -5.408 8.024 149.600 1200.390 0.00
2019-05-06_22:59:05 02340 1.040 -5.200 -5.408 8.024 148.000 1187.552 0.00
2019-05-06_22:59:15 02350 1.040 -5.200 -5.408 8.016 147.200 1179.955 0.00
2019-05-06_22:59:25 02360 1.040 -5.200 -5.408 8.024 147.600 1184.342 0.00
2019-05-06_22:59:35 02370 1.040 -5.200 -5.408 8.024 147.200 1181.133 0.00
2019-05-06_22:59:45 02380 1.040 -5.200 -5.408 8.008 145.600 1165.965 0.00
2019-05-06_22:59:55 02390 1.040 -5.200 -5.408 7.992 188.800 1508.890 0.00
2019-05-06_23:00:05 02400 1.040 -5.200 -5.408 8.016 145.200 1163.923 0.00
2019-05-06_23:00:15 02410 1.040 -5.200 -5.408 8.032 144.800 1163.034 0.00
2019-05-06_23:00:26 02420 1.040 -5.200 -5.408 8.024 145.600 1168.294 0.00
2019-05-06_23:00:36 02430 1.040 -5.200 -5.408 8.024 148.400 1190.762 0.00
2019-05-06_23:00:46 02440 1.040 -5.200 -5.408 8.024 148.000 1187.552 0.00
2019-05-06_23:00:56 02450 1.040 -5.200 -5.408 8.024 146.400 1174.714 0.00
2019-05-06_23:01:06 02460 1.040 -5.200 -5.408 8.024 147.200 1181.133 0.00
2019-05-06_23:01:16 02470 1.040 -5.200 -5.408 8.024 144.400 1158.666 0.00
2019-05-06_23:01:26 02480 1.040 -5.200 -5.408 8.024 143.600 1152.246 0.00
2019-05-06_23:01:36 02490 1.040 -5.200 -5.408 8.032 142.000 1140.544 0.00
2019-05-06_23:01:46 02500 1.040 -5.200 -5.408 8.024 144.400 1158.666 0.00
2019-05-06_23:01:56 02510 1.040 -5.200 -5.408 8.024 148.000 1187.552 0.00
2019-05-06_23:02:06 02520 1.040 -5.200 -5.408 8.024 146.000 1171.504 0.00
2019-05-06_23:02:16 02530 1.040 -5.200 -5.408 8.024 150.800 1210.019 0.00
2019-05-06_23:02:26 02540 1.040 -5.200 -5.408 8.024 147.600 1184.342 0.00
2019-05-06_23:02:36 02550 1.040 -5.200 -5.408 8.024 146.400 1174.714 0.00
2019-05-06_23:02:46 02560 1.040 -5.200 -5.408 8.024 144.400 1158.666 0.00
2019-05-06_23:02:56 02570 1.040 -5.200 -5.408 8.024 144.800 1161.875 0.00
2019-05-06_23:03:06 02580 1.040 -5.200 -5.408 8.024 148.400 1190.762 0.00
2019-05-06_23:03:16 02590 1.040 -5.200 -5.408 8.032 142.800 1146.970 0.00
2019-05-06_23:03:26 02600 1.040 -5.200 -5.408 8.024 148.400 1190.762 0.00
2019-05-06_23:03:36 02610 1.040 -5.200 -5.408 8.024 145.600 1168.294 0.00
2019-05-06_23:03:46 02620 1.040 -5.200 -5.408 8.024 145.600 1168.294 0.00
2019-05-06_23:03:56 02630 1.040 -5.200 -5.408 8.024 147.600 1184.342 0.00
2019-05-06_23:04:06 02640 1.040 -5.200 -5.408 8.024 145.600 1168.294 0.00
2019-05-06_23:04:16 02650 1.040 -5.200 -5.408 8.024 143.200 1149.037 0.00
2019-05-06_23:04:26 02660 1.040 -5.200 -5.408 8.024 144.000 1155.456 0.00
2019-05-06_23:04:36 02670 1.040 -5.200 -5.408 8.024 144.800 1161.875 0.00
2019-05-06_23:04:46 02680 1.040 -5.200 -5.408 8.024 142.800 1145.827 0.00
2019-05-06_23:04:56 02690 1.040 -5.200 -5.408 8.024 144.800 1161.875 0.00
2019-05-06_23:05:06 02700 1.040 -5.200 -5.408 8.016 148.000 1186.368 0.00
2019-05-06_23:05:16 02710 1.040 -5.200 -5.408 8.024 146.800 1177.923 0.00
2019-05-06_23:05:26 02720 1.040 -5.200 -5.408 8.024 145.600 1168.294 0.00
2019-05-06_23:05:36 02730 1.040 -5.200 -5.408 7.992 171.600 1371.427 0.00