2019-05-05_00:51:01 04142 11.584 170.400 1973.914 8.336 0.400 3.334 0.75
2019-05-05_00:51:02 04143 11.584 167.200 1936.845 8.352 0.400 3.341 0.75
2019-05-05_00:51:03 04144 11.560 196.400 2270.384 8.360 0.000 0.000 0.76
2019-05-05_00:51:04 04145 11.576 168.800 1954.029 8.368 0.400 3.347 0.76
2019-05-05_00:51:05 04146 11.576 170.400 1972.550 8.376 0.400 3.350 0.76
2019-05-05_00:51:06 04147 11.560 178.800 2066.928 8.376 0.400 3.350 0.76
2019-05-05_00:51:07 04148 11.576 167.200 1935.507 8.400 0.400 3.360 0.76
2019-05-05_00:51:08 04149 11.552 196.800 2273.434 8.408 0.400 3.363 0.75
2019-05-05_00:51:09 04150 11.584 168.800 1955.379 8.304 0.400 3.322 0.75
2019-05-05_00:51:10 04151 11.584 170.400 1973.914 8.320 0.000 0.000 0.75
2019-05-05_00:51:11 04152 11.560 183.200 2117.792 8.312 0.000 0.000 0.75
2019-05-05_00:51:12 04153 11.584 166.400 1927.578 8.336 0.400 3.334 0.75
2019-05-05_00:51:13 04154 11.552 198.000 2287.296 8.344 0.400 3.338 0.75
2019-05-05_00:51:14 04155 11.576 170.400 1972.550 8.360 0.400 3.344 0.76
2019-05-05_00:51:15 04156 11.576 170.400 1972.550 8.368 0.400 3.347 0.76
2019-05-05_00:51:16 04157 11.560 183.200 2117.792 8.368 0.000 0.000 0.76
2019-05-05_00:51:17 04158 11.576 168.800 1954.029 8.392 0.400 3.357 0.76
2019-05-05_00:51:18 04159 11.560 197.600 2284.256 8.384 0.400 3.354 0.76
2019-05-05_00:51:19 04160 11.568 170.400 1971.187 8.408 0.000 0.000 0.75
2019-05-05_00:51:20 04161 11.584 168.800 1955.379 8.304 0.000 0.000 0.75
2019-05-05_00:51:21 04162 11.584 168.400 1950.746 8.320 0.400 3.328 0.75
2019-05-05_00:51:22 04163 11.584 164.400 1904.410 8.328 0.000 0.000 0.75
2019-05-05_00:51:23 04164 11.576 170.000 1967.920 8.344 0.400 3.338 0.75
2019-05-05_00:51:24 04165 11.576 168.800 1954.029 8.352 0.400 3.341 0.75
2019-05-05_00:51:25 04166 11.576 170.400 1972.550 8.360 0.000 0.000 0.76
2019-05-05_00:51:26 04167 11.576 169.200 1958.659 8.368 0.400 3.347 0.76
2019-05-05_00:51:27 04168 11.576 167.600 1940.138 8.376 0.000 0.000 0.76
2019-05-05_00:51:28 04169 11.552 193.200 2231.846 8.376 0.000 0.000 0.76
2019-05-05_00:51:29 04170 11.576 168.800 1954.029 8.400 0.000 0.000 0.76
2019-05-05_00:51:30 04171 11.552 193.600 2236.467 8.416 0.000 0.000 0.75
2019-05-05_00:51:31 04172 11.584 169.600 1964.646 8.312 0.000 0.000 0.75
2019-05-05_00:51:32 04173 11.584 170.400 1973.914 8.320 0.000 0.000 0.75
2019-05-05_00:51:33 04174 11.560 198.000 2288.880 8.312 0.400 3.325 0.75
2019-05-05_00:51:34 04175 11.576 170.000 1967.920 8.336 0.400 3.334 0.75
2019-05-05_00:51:35 04176 11.576 170.400 1972.550 8.352 0.000 0.000 0.75
2019-05-05_00:51:36 04177 11.576 170.000 1967.920 8.360 0.400 3.344 0.76
2019-05-05_00:51:37 04178 11.576 170.000 1967.920 8.368 0.000 0.000 0.76
2019-05-05_00:51:38 04179 11.552 190.400 2199.501 8.368 0.000 0.000 0.76
2019-05-05_00:51:39 04180 11.576 166.800 1930.877 8.384 0.000 0.000 0.76
2019-05-05_00:51:40 04181 11.576 169.200 1958.659 8.400 0.000 0.000 0.76
2019-05-05_00:51:41 04182 11.552 196.400 2268.813 8.408 0.000 0.000 0.75
2019-05-05_00:51:42 04183 11.584 165.200 1913.677 8.304 0.400 3.322 0.75
2019-05-05_00:51:43 04184 11.584 170.800 1978.547 8.320 0.400 3.328 0.75
2019-05-05_00:51:44 04185 11.584 170.400 1973.914 8.328 0.000 0.000 0.75
2019-05-05_00:51:45 04186 11.584 170.400 1973.914 8.336 0.400 3.334 0.75
2019-05-05_00:51:46 04187 11.584 169.600 1964.646 8.352 0.400 3.341 0.75
2019-05-05_00:51:47 04188 11.576 166.800 1930.877 8.360 0.400 3.344 0.76
2019-05-05_00:51:48 04189 11.560 191.200 2210.272 8.360 0.400 3.344 0.76
2019-05-05_00:51:49 04190 11.576 169.200 1958.659 8.376 0.000 0.000 0.76
2019-05-05_00:51:50 04191 11.576 169.200 1958.659 8.392 0.400 3.357 0.76
2019-05-05_00:51:51 04192 11.576 170.400 1972.550 8.400 0.400 3.360 0.76
2019-05-05_00:51:52 04193 11.576 168.800 1954.029 8.416 0.400 3.366 0.75
2019-05-05_00:51:53 04194 11.560 196.800 2275.008 8.304 0.400 3.322 0.75
2019-05-05_00:51:54 04195 11.584 170.800 1978.547 8.320 0.000 0.000 0.75
2019-05-05_00:51:55 04196 11.584 170.400 1973.914 8.328 0.000 0.000 0.75
2019-05-05_00:51:56 04197 11.584 169.200 1960.013 8.336 0.400 3.334 0.75
2019-05-05_00:51:57 04198 11.576 168.400 1949.398 8.352 0.000 0.000 0.75
2019-05-05_00:51:58 04199 11.576 192.800 2231.853 8.344 0.000 0.000 0.76
2019-05-05_00:51:59 04200 11.576 166.400 1926.246 8.368 0.400 3.347 0.76
2019-05-05_00:52:00 04201 11.576 168.000 1944.768 8.376 0.400 3.350 0.76
2019-05-05_00:52:01 04202 11.576 169.200 1958.659 8.392 0.000 0.000 0.76
2019-05-05_00:52:02 04203 11.568 170.800 1975.814 8.400 0.000 0.000 0.76
2019-05-05_00:52:03 04204 11.560 190.400 2201.024 8.400 0.000 0.000 0.76
2019-05-05_00:52:04 04205 11.568 170.800 1975.814 8.424 0.400 3.370 0.75
2019-05-05_00:52:05 04206 11.584 170.400 1973.914 8.320 0.000 0.000 0.75
2019-05-05_00:52:06 04207 11.584 166.000 1922.944 8.328 0.000 0.000 0.75
2019-05-05_00:52:07 04208 11.576 167.200 1935.507 8.336 0.400 3.334 0.75
2019-05-05_00:52:08 04209 11.576 169.200 1958.659 8.352 0.400 3.341 0.75
2019-05-05_00:52:09 04210 11.576 168.400 1949.398 8.360 0.400 3.344 0.76
2019-05-05_00:52:10 04211 11.576 170.400 1972.550 8.368 0.400 3.347 0.76
2019-05-05_00:52:11 04212 11.576 170.400 1972.550 8.376 0.000 0.000 0.76
2019-05-05_00:52:12 04213 11.576 169.600 1963.290 8.392 0.000 0.000 0.76
2019-05-05_00:52:13 04214 11.560 195.600 2261.136 8.384 0.400 3.354 0.76
2019-05-05_00:52:14 04215 11.576 170.000 1967.920 8.416 0.400 3.366 0.75
2019-05-05_00:52:15 04216 11.584 170.800 1978.547 8.304 0.000 0.000 0.75
2019-05-05_00:52:16 04217 11.584 170.000 1969.280 8.320 0.000 0.000 0.75
2019-05-05_00:52:17 04218 11.584 168.800 1955.379 8.328 0.000 0.000 0.75
2019-05-05_00:52:18 04219 11.560 194.400 2247.264 8.336 0.000 0.000 0.75
2019-05-05_00:52:19 04220 11.576 168.400 1949.398 8.352 0.400 3.341 0.75
2019-05-05_00:52:20 04221 11.576 168.400 1949.398 8.360 0.400 3.344 0.76
2019-05-05_00:52:21 04222 11.576 170.400 1972.550 8.368 0.000 0.000 0.76
2019-05-05_00:52:22 04223 11.576 167.600 1940.138 8.384 0.400 3.354 0.76
2019-05-05_00:52:23 04224 11.576 169.200 1958.659 8.392 0.000 0.000 0.76
2019-05-05_00:52:24 04225 11.576 168.800 1954.029 8.400 0.400 3.360 0.76
2019-05-05_00:52:25 04226 11.576 171.200 1981.811 8.408 0.000 0.000 0.75
2019-05-05_00:52:26 04227 11.584 161.200 1867.341 8.304 0.000 0.000 0.75
2019-05-05_00:52:27 04228 11.584 170.400 1973.914 8.320 0.000 0.000 0.75
2019-05-05_00:52:28 04229 11.584 169.600 1964.646 8.328 0.400 3.331 0.75
2019-05-05_00:52:29 04230 11.576 169.600 1963.290 8.336 0.400 3.334 0.75
2019-05-05_00:52:30 04231 11.576 186.800 2162.397 8.336 0.000 0.000 0.75
2019-05-05_00:52:31 04232 11.584 162.400 1881.242 8.368 0.400 3.347 0.76
2019-05-05_00:52:32 04233 11.592 157.600 1826.899 8.376 0.400 3.350 0.76
2019-05-05_00:52:33 04234 11.576 170.000 1967.920 8.376 0.400 3.350 0.76
2019-05-05_00:52:34 04235 11.584 156.800 1816.371 8.392 0.400 3.357 0.76
2019-05-05_00:52:35 04236 11.576 168.400 1949.398 8.400 0.400 3.360 0.76
2019-05-05_00:52:36 04237 11.576 170.400 1972.550 8.408 0.000 0.000 0.75
2019-05-05_00:52:37 04238 11.592 169.200 1961.366 8.312 0.000 0.000 0.75
2019-05-05_00:52:38 04239 11.568 194.000 2244.192 8.304 0.000 0.000 0.75
2019-05-05_00:52:39 04240 11.584 168.800 1955.379 8.328 0.400 3.331 0.75
2019-05-05_00:52:40 04241 11.584 166.800 1932.211 8.336 0.400 3.334 0.75
2019-05-05_00:52:41 04242 11.576 168.400 1949.398 8.344 0.400 3.338 0.75