2019-05-05_22:02:56 01920 2.240 -0.800 -1.792 7.928 200.800 1591.942 0.00
2019-05-05_22:02:57 01921 2.240 -0.800 -1.792 7.928 192.800 1528.518 0.00
2019-05-05_22:02:58 01922 2.240 -0.800 -1.792 7.928 192.400 1525.347 0.00
2019-05-05_22:02:59 01923 2.240 -0.800 -1.792 7.912 192.400 1522.269 0.00
2019-05-05_22:03:00 01924 2.240 -0.800 -1.792 7.920 192.800 1526.976 0.00
2019-05-05_22:03:01 01925 2.240 -0.800 -1.792 7.920 192.400 1523.808 0.00
2019-05-05_22:03:02 01926 2.240 -0.800 -1.792 7.928 193.600 1534.861 0.00
2019-05-05_22:03:03 01927 2.240 -0.800 -1.792 7.920 192.400 1523.808 0.00
2019-05-05_22:03:04 01928 2.240 -0.800 -1.792 7.920 197.200 1561.824 0.00
2019-05-05_22:03:05 01929 2.240 -0.800 -1.792 7.920 192.400 1523.808 0.00
2019-05-05_22:03:06 01930 2.240 -0.800 -1.792 7.928 192.400 1525.347 0.00
2019-05-05_22:03:07 01931 2.240 -0.800 -1.792 7.920 196.800 1558.656 0.00
2019-05-05_22:03:08 01932 2.240 -0.800 -1.792 7.928 192.400 1525.347 0.00
2019-05-05_22:03:09 01933 2.240 -0.800 -1.792 7.920 192.400 1523.808 0.00
2019-05-05_22:03:10 01934 2.240 -0.800 -1.792 7.920 192.800 1526.976 0.00
2019-05-05_22:03:11 01935 2.240 -0.400 -0.896 7.928 192.800 1528.518 0.00
2019-05-05_22:03:12 01936 2.240 -0.800 -1.792 7.920 192.400 1523.808 0.00
2019-05-05_22:03:13 01937 2.240 -0.800 -1.792 7.920 192.400 1523.808 0.00
2019-05-05_22:03:14 01938 2.240 -0.800 -1.792 7.928 193.200 1531.690 0.00
2019-05-05_22:03:15 01939 2.240 -0.800 -1.792 7.920 192.400 1523.808 0.00
2019-05-05_22:03:16 01940 2.240 -0.800 -1.792 7.928 192.400 1525.347 0.00
2019-05-05_22:03:17 01941 2.240 -0.800 -1.792 7.920 192.800 1526.976 0.00
2019-05-05_22:03:18 01942 2.240 -0.800 -1.792 7.920 192.000 1520.640 0.00
2019-05-05_22:03:19 01943 2.240 -0.800 -1.792 7.920 197.200 1561.824 0.00
2019-05-05_22:03:20 01944 2.240 -0.800 -1.792 7.920 193.600 1533.312 0.00
2019-05-05_22:03:21 01945 2.240 -0.800 -1.792 7.920 193.600 1533.312 0.00
2019-05-05_22:03:22 01946 2.240 -0.800 -1.792 7.920 192.400 1523.808 0.00
2019-05-05_22:03:23 01947 2.240 -0.800 -1.792 7.920 200.800 1590.336 0.00
2019-05-05_22:03:24 01948 2.240 -0.800 -1.792 7.920 192.800 1526.976 0.00
2019-05-05_22:03:25 01949 2.240 -0.800 -1.792 7.920 194.000 1536.480 0.00
2019-05-05_22:03:26 01950 2.240 -0.800 -1.792 7.920 200.400 1587.168 0.00
2019-05-05_22:03:27 01951 2.240 -0.800 -1.792 7.904 217.200 1716.749 0.00
2019-05-05_22:03:28 01952 2.240 -0.400 -0.896 7.920 192.800 1526.976 0.00
2019-05-05_22:03:29 01953 2.240 -0.800 -1.792 7.920 194.400 1539.648 0.00
2019-05-05_22:03:30 01954 2.240 -0.800 -1.792 7.920 192.800 1526.976 0.00
2019-05-05_22:03:31 01955 2.240 -0.800 -1.792 7.920 193.200 1530.144 0.00
2019-05-05_22:03:32 01956 2.240 -0.800 -1.792 7.920 202.400 1603.008 0.00
2019-05-05_22:03:33 01957 2.240 -0.800 -1.792 7.920 196.000 1552.320 0.00
2019-05-05_22:03:34 01958 2.240 -0.800 -1.792 7.920 192.400 1523.808 0.00
2019-05-05_22:03:35 01959 2.240 -0.400 -0.896 7.928 193.200 1531.690 0.00
2019-05-05_22:03:36 01960 2.240 -0.800 -1.792 7.912 192.000 1519.104 0.00
2019-05-05_22:03:37 01961 2.240 -0.800 -1.792 7.920 192.800 1526.976 0.00
2019-05-05_22:03:38 01962 2.240 -0.800 -1.792 7.920 200.400 1587.168 0.00
2019-05-05_22:03:39 01963 2.240 -0.800 -1.792 7.920 193.200 1530.144 0.00
2019-05-05_22:03:40 01964 2.240 -0.800 -1.792 7.920 192.400 1523.808 0.00
2019-05-05_22:03:41 01965 2.240 -0.800 -1.792 7.920 192.400 1523.808 0.00
2019-05-05_22:03:42 01966 2.240 -0.800 -1.792 7.920 196.400 1555.488 0.00
2019-05-05_22:03:43 01967 2.240 -0.800 -1.792 7.920 192.800 1526.976 0.00
2019-05-05_22:03:44 01968 2.240 -0.800 -1.792 7.920 192.000 1520.640 0.00
2019-05-05_22:03:45 01969 2.240 -0.800 -1.792 7.920 193.200 1530.144 0.00
2019-05-05_22:03:46 01970 2.240 -0.800 -1.792 7.920 193.600 1533.312 0.00
2019-05-05_22:03:47 01971 2.240 -0.800 -1.792 7.920 192.400 1523.808 0.00
2019-05-05_22:03:48 01972 2.240 -0.800 -1.792 7.920 192.800 1526.976 0.00
2019-05-05_22:03:49 01973 2.240 -0.800 -1.792 7.920 192.800 1526.976 0.00
2019-05-05_22:03:50 01974 2.240 -0.800 -1.792 7.920 192.400 1523.808 0.00
2019-05-05_22:03:51 01975 2.240 -0.800 -1.792 7.920 193.200 1530.144 0.00
2019-05-05_22:03:52 01976 2.240 -0.800 -1.792 7.920 196.800 1558.656 0.00
2019-05-05_22:03:53 01977 2.240 -0.800 -1.792 7.920 192.400 1523.808 0.00
2019-05-05_22:03:54 01978 2.240 -0.800 -1.792 7.920 192.000 1520.640 0.00
2019-05-05_22:03:55 01979 2.240 -0.400 -0.896 7.912 192.800 1525.434 0.00
2019-05-05_22:03:56 01980 2.240 -0.800 -1.792 7.920 192.000 1520.640 0.00
2019-05-05_22:03:57 01981 2.240 -0.800 -1.792 7.904 217.600 1719.910 0.00
2019-05-05_22:03:58 01982 2.240 -0.800 -1.792 7.920 193.200 1530.144 0.00
2019-05-05_22:03:59 01983 2.240 -0.800 -1.792 7.920 193.200 1530.144 0.00
2019-05-05_22:04:00 01984 2.240 -0.800 -1.792 7.920 192.800 1526.976 0.00
2019-05-05_22:04:01 01985 2.240 -0.800 -1.792 7.920 192.800 1526.976 0.00
2019-05-05_22:04:02 01986 2.240 -0.800 -1.792 7.920 192.400 1523.808 0.00
2019-05-05_22:04:03 01987 2.240 -0.800 -1.792 7.920 193.600 1533.312 0.00
2019-05-05_22:04:04 01988 2.240 -0.800 -1.792 7.920 192.400 1523.808 0.00
2019-05-05_22:04:05 01989 2.240 -0.800 -1.792 7.920 194.000 1536.480 0.00
2019-05-05_22:04:06 01990 2.240 -0.800 -1.792 7.920 193.200 1530.144 0.00
2019-05-05_22:04:07 01991 2.240 -0.800 -1.792 7.920 192.400 1523.808 0.00
2019-05-05_22:04:08 01992 2.240 -0.800 -1.792 7.920 192.800 1526.976 0.00
2019-05-05_22:04:09 01993 2.240 -0.800 -1.792 7.920 193.200 1530.144 0.00
2019-05-05_22:04:10 01994 2.240 -0.800 -1.792 7.920 192.800 1526.976 0.00
2019-05-05_22:04:11 01995 2.240 -0.800 -1.792 7.920 192.800 1526.976 0.00
2019-05-05_22:04:12 01996 2.240 -0.800 -1.792 7.920 192.400 1523.808 0.00
2019-05-05_22:04:13 01997 2.240 -0.800 -1.792 7.920 193.200 1530.144 0.00
2019-05-05_22:04:14 01998 2.240 -0.800 -1.792 7.920 192.800 1526.976 0.00
2019-05-05_22:04:15 01999 2.240 -0.800 -1.792 7.920 192.800 1526.976 0.00
2019-05-05_22:04:16 02000 2.240 -0.800 -1.792 7.920 192.400 1523.808 0.00
2019-05-05_22:04:17 02001 2.240 -0.800 -1.792 7.920 192.800 1526.976 0.00
2019-05-05_22:04:18 02002 2.240 -0.800 -1.792 7.920 192.800 1526.976 0.00
2019-05-05_22:04:19 02003 2.240 -0.400 -0.896 7.920 192.800 1526.976 0.00
2019-05-05_22:04:20 02004 2.240 -0.800 -1.792 7.920 193.200 1530.144 0.00
2019-05-05_22:04:21 02005 2.240 -0.800 -1.792 7.920 192.800 1526.976 0.00
2019-05-05_22:04:22 02006 2.240 -0.800 -1.792 7.920 194.000 1536.480 0.00
2019-05-05_22:04:23 02007 2.240 -0.800 -1.792 7.920 192.800 1526.976 0.00
2019-05-05_22:04:24 02008 2.240 -0.800 -1.792 7.920 192.800 1526.976 0.00
2019-05-05_22:04:25 02009 2.240 -0.800 -1.792 7.920 193.200 1530.144 0.00
2019-05-05_22:04:26 02010 2.240 -0.800 -1.792 7.920 192.800 1526.976 0.00
2019-05-05_22:04:27 02011 2.240 -0.800 -1.792 7.904 217.600 1719.910 0.00
2019-05-05_22:04:28 02012 2.240 -0.800 -1.792 7.920 193.200 1530.144 0.00
2019-05-05_22:04:29 02013 2.240 -0.800 -1.792 7.920 192.400 1523.808 0.00
2019-05-05_22:04:30 02014 2.240 -0.800 -1.792 7.920 192.800 1526.976 0.00
2019-05-05_22:04:31 02015 2.240 -0.800 -1.792 7.920 192.800 1526.976 0.00
2019-05-05_22:04:32 02016 2.240 -0.800 -1.792 7.920 192.800 1526.976 0.00
2019-05-05_22:04:33 02017 2.240 -0.800 -1.792 7.920 194.400 1539.648 0.00
2019-05-05_22:04:34 02018 2.240 -0.800 -1.792 7.920 193.200 1530.144 0.00
2019-05-05_22:04:35 02019 2.240 -0.800 -1.792 7.920 195.600 1549.152 0.00
2019-05-05_22:04:36 02020 2.240 -0.800 -1.792 7.920 193.200 1530.144 0.00