2019-05-05_01:28:06 06364 11.584 162.000 1876.608 8.360 0.400 3.344 0.75
2019-05-05_01:28:07 06365 11.592 152.400 1766.621 8.368 0.400 3.347 0.76
2019-05-05_01:28:08 06366 11.576 168.400 1949.398 8.368 0.400 3.347 0.76
2019-05-05_01:28:09 06367 11.576 155.600 1801.226 8.392 0.400 3.357 0.76
2019-05-05_01:28:10 06368 11.576 166.800 1930.877 8.392 0.000 0.000 0.76
2019-05-05_01:28:11 06369 11.568 170.400 1971.187 8.408 0.400 3.363 0.75
2019-05-05_01:28:12 06370 11.592 152.400 1766.621 8.304 0.000 0.000 0.75
2019-05-05_01:28:13 06371 11.584 182.400 2112.922 8.304 0.400 3.322 0.75
2019-05-05_01:28:14 06372 11.592 152.400 1766.621 8.320 0.000 0.000 0.75
2019-05-05_01:28:15 06373 11.592 153.200 1775.894 8.336 0.000 0.000 0.75
2019-05-05_01:28:16 06374 11.584 161.600 1871.974 8.352 0.400 3.341 0.75
2019-05-05_01:28:17 06375 11.592 152.800 1771.258 8.360 0.400 3.344 0.75
2019-05-05_01:28:18 06376 11.568 168.400 1948.051 8.360 0.400 3.344 0.76
2019-05-05_01:28:19 06377 11.592 152.800 1771.258 8.376 0.000 0.000 0.76
2019-05-05_01:28:20 06378 11.576 168.000 1944.768 8.384 0.400 3.354 0.76
2019-05-05_01:28:21 06379 11.576 153.200 1773.443 8.400 0.400 3.360 0.76
2019-05-05_01:28:22 06380 11.584 162.400 1881.242 8.408 0.400 3.363 0.75
2019-05-05_01:28:23 06381 11.600 152.800 1772.480 8.304 0.000 0.000 0.75
2019-05-05_01:28:24 06382 11.600 152.800 1772.480 8.312 0.000 0.000 0.75
2019-05-05_01:28:25 06383 11.592 153.200 1775.894 8.328 0.400 3.331 0.75
2019-05-05_01:28:26 06384 11.584 161.600 1871.974 8.336 0.400 3.334 0.75
2019-05-05_01:28:27 06385 11.592 152.800 1771.258 8.352 0.400 3.341 0.75
2019-05-05_01:28:28 06386 11.568 170.400 1971.187 8.352 0.400 3.341 0.75
2019-05-05_01:28:29 06387 11.560 185.200 2140.912 8.344 0.400 3.338 0.76
2019-05-05_01:28:30 06388 11.592 153.200 1775.894 8.376 0.400 3.350 0.76
2019-05-05_01:28:31 06389 11.584 152.400 1765.402 8.384 0.400 3.354 0.76
2019-05-05_01:28:32 06390 11.576 160.400 1856.790 8.400 0.000 0.000 0.76
2019-05-05_01:28:33 06391 11.576 168.800 1954.029 8.400 0.000 0.000 0.76
2019-05-05_01:28:34 06392 11.584 152.400 1765.402 8.424 0.400 3.370 0.75
2019-05-05_01:28:35 06393 11.584 168.400 1950.746 8.304 0.000 0.000 0.75
2019-05-05_01:28:36 06394 11.600 162.400 1883.840 8.328 0.400 3.331 0.75
2019-05-05_01:28:37 06395 11.592 152.400 1766.621 8.336 0.000 0.000 0.75
2019-05-05_01:28:38 06396 11.592 152.800 1771.258 8.344 0.400 3.338 0.75
2019-05-05_01:28:39 06397 11.584 156.400 1811.738 8.360 0.400 3.344 0.75
2019-05-05_01:28:40 06398 11.576 168.400 1949.398 8.360 0.400 3.344 0.76
2019-05-05_01:28:41 06399 11.592 152.800 1771.258 8.376 0.400 3.350 0.76
2019-05-05_01:28:42 06400 11.584 152.400 1765.402 8.392 0.400 3.357 0.76
2019-05-05_01:28:43 06401 11.584 152.800 1770.035 8.400 0.400 3.360 0.76
2019-05-05_01:28:44 06402 11.576 161.200 1866.051 8.408 0.400 3.363 0.75
2019-05-05_01:28:45 06403 11.600 162.800 1888.480 8.304 0.000 0.000 0.75
2019-05-05_01:28:46 06404 11.600 152.800 1772.480 8.312 0.000 0.000 0.75
2019-05-05_01:28:47 06405 11.584 152.800 1770.035 8.328 0.000 0.000 0.75
2019-05-05_01:28:48 06406 11.584 183.600 2126.822 8.328 0.400 3.331 0.75
2019-05-05_01:28:49 06407 11.592 152.800 1771.258 8.344 0.400 3.338 0.75
2019-05-05_01:28:50 06408 11.576 168.800 1954.029 8.352 0.400 3.341 0.75
2019-05-05_01:28:51 06409 11.592 152.800 1771.258 8.368 0.400 3.347 0.76
2019-05-05_01:28:52 06410 11.576 163.600 1893.834 8.376 0.400 3.350 0.76
2019-05-05_01:28:53 06411 11.576 169.200 1958.659 8.376 0.400 3.350 0.76
2019-05-05_01:28:54 06412 11.584 154.000 1783.936 8.400 0.400 3.360 0.76
2019-05-05_01:28:55 06413 11.568 169.200 1957.306 8.408 0.000 0.000 0.75
2019-05-05_01:28:56 06414 11.592 154.800 1794.442 8.304 0.000 0.000 0.75
2019-05-05_01:28:57 06415 11.584 160.400 1858.074 8.312 0.000 0.000 0.75
2019-05-05_01:28:58 06416 11.584 168.400 1950.746 8.320 0.000 0.000 0.75
2019-05-05_01:28:59 06417 11.592 152.800 1771.258 8.336 0.400 3.334 0.75
2019-05-05_01:29:00 06418 11.584 154.000 1783.936 8.352 0.400 3.341 0.75
2019-05-05_01:29:01 06419 11.592 162.800 1887.178 8.360 0.400 3.344 0.75
2019-05-05_01:29:02 06420 11.592 152.800 1771.258 8.368 0.400 3.347 0.76
2019-05-05_01:29:03 06421 11.592 152.800 1771.258 8.376 0.400 3.350 0.76
2019-05-05_01:29:04 06422 11.584 157.200 1821.005 8.392 0.400 3.357 0.76
2019-05-05_01:29:05 06423 11.576 169.600 1963.290 8.392 0.400 3.357 0.76
2019-05-05_01:29:06 06424 11.584 152.800 1770.035 8.408 0.400 3.363 0.75
2019-05-05_01:29:07 06425 11.592 152.400 1766.621 8.304 0.000 0.000 0.75
2019-05-05_01:29:08 06426 11.576 170.000 1967.920 8.304 0.400 3.322 0.75
2019-05-05_01:29:09 06427 11.592 163.600 1896.451 8.328 0.400 3.331 0.75
2019-05-05_01:29:10 06428 11.584 181.600 2103.654 8.328 0.000 0.000 0.75
2019-05-05_01:29:11 06429 11.592 152.800 1771.258 8.352 0.400 3.341 0.75
2019-05-05_01:29:12 06430 11.592 152.400 1766.621 8.360 0.000 0.000 0.75
2019-05-05_01:29:13 06431 11.576 168.000 1944.768 8.360 0.400 3.344 0.76
2019-05-05_01:29:14 06432 11.592 163.200 1891.814 8.376 0.400 3.350 0.76
2019-05-05_01:29:15 06433 11.576 168.800 1954.029 8.384 0.000 0.000 0.76
2019-05-05_01:29:16 06434 11.584 152.400 1765.402 8.400 0.400 3.360 0.76
2019-05-05_01:29:17 06435 11.584 162.400 1881.242 8.408 0.000 0.000 0.75
2019-05-05_01:29:18 06436 11.568 173.600 2008.205 8.296 0.400 3.318 0.77
2019-05-05_01:29:19 06437 11.576 161.200 1866.051 8.544 0.000 0.000 0.76
2019-05-05_01:29:20 06438 11.576 169.600 1963.290 8.400 0.400 3.360 0.76
2019-05-05_01:29:21 06439 11.584 152.800 1770.035 8.424 0.000 0.000 0.75
2019-05-05_01:29:22 06440 11.592 162.000 1877.904 8.312 0.400 3.325 0.75
2019-05-05_01:29:23 06441 11.592 152.400 1766.621 8.320 0.000 0.000 0.75
2019-05-05_01:29:24 06442 11.592 152.400 1766.621 8.336 0.400 3.334 0.75
2019-05-05_01:29:25 06443 11.584 181.600 2103.654 8.336 0.400 3.334 0.75
2019-05-05_01:29:26 06444 11.592 152.400 1766.621 8.360 0.400 3.344 0.75
2019-05-05_01:29:27 06445 11.592 152.800 1771.258 8.368 0.400 3.347 0.76
2019-05-05_01:29:28 06446 11.552 200.000 2310.400 8.352 0.400 3.341 0.76
2019-05-05_01:29:29 06447 11.576 168.400 1949.398 8.376 0.400 3.350 0.76
2019-05-05_01:29:30 06448 11.576 168.800 1954.029 8.392 0.000 0.000 0.76
2019-05-05_01:29:31 06449 11.584 161.600 1871.974 8.408 0.400 3.363 0.75
2019-05-05_01:29:32 06450 11.600 152.800 1772.480 8.304 0.000 0.000 0.75
2019-05-05_01:29:33 06451 11.584 169.200 1960.013 8.304 0.000 0.000 0.75
2019-05-05_01:29:34 06452 11.584 160.400 1858.074 8.328 0.400 3.331 0.75
2019-05-05_01:29:35 06453 11.584 169.600 1964.646 8.328 0.400 3.331 0.75
2019-05-05_01:29:36 06454 11.592 152.800 1771.258 8.344 0.400 3.338 0.75
2019-05-05_01:29:37 06455 11.592 162.400 1882.541 8.360 0.400 3.344 0.75
2019-05-05_01:29:38 06456 11.576 168.800 1954.029 8.360 0.400 3.344 0.76
2019-05-05_01:29:39 06457 11.592 152.800 1771.258 8.376 0.400 3.350 0.76
2019-05-05_01:29:40 06458 11.576 157.200 1819.747 8.384 0.400 3.354 0.76
2019-05-05_01:29:41 06459 11.584 161.200 1867.341 8.400 0.400 3.360 0.76
2019-05-05_01:29:42 06460 11.584 152.800 1770.035 8.408 0.000 0.000 0.75
2019-05-05_01:29:43 06461 11.600 152.800 1772.480 8.304 0.000 0.000 0.75
2019-05-05_01:29:44 06462 11.584 160.400 1858.074 8.320 0.000 0.000 0.75
2019-05-05_01:29:45 06463 11.592 163.200 1891.814 8.328 0.400 3.331 0.75
2019-05-05_01:29:46 06464 11.592 152.800 1771.258 8.336 0.000 0.000 0.75