2019-05-05_22:50:07 04748 11.256 558.400 6285.350 8.376 -464.800 -3893.165 0.83
2019-05-05_22:50:08 04749 11.248 566.800 6375.366 8.384 -470.400 -3943.834 0.83
2019-05-05_22:50:09 04750 11.248 567.600 6384.365 8.392 -480.800 -4034.874 0.83
2019-05-05_22:50:10 04751 11.256 560.800 6312.365 8.400 -492.800 -4139.520 0.83
2019-05-05_22:50:11 04752 11.256 570.000 6415.920 8.408 -499.200 -4197.274 0.82
2019-05-05_22:50:12 04753 11.288 502.800 5675.606 8.352 -443.600 -3704.947 0.83
2019-05-05_22:50:13 04754 11.272 524.800 5915.546 8.352 -439.600 -3671.539 0.83
2019-05-05_22:50:14 04755 11.272 525.200 5920.054 8.360 -448.800 -3751.968 0.83
2019-05-05_22:50:15 04756 11.272 530.400 5978.669 8.368 -451.600 -3778.989 0.83
2019-05-05_22:50:16 04757 11.256 535.200 6024.211 8.368 -454.400 -3802.419 0.83
2019-05-05_22:50:17 04758 11.248 554.000 6231.392 8.368 -454.000 -3799.072 0.83
2019-05-05_22:50:18 04759 11.248 554.800 6240.390 8.376 -464.000 -3886.464 0.83
2019-05-05_22:50:19 04760 11.248 552.800 6217.894 8.384 -479.200 -4017.613 0.83
2019-05-05_22:50:20 04761 11.256 557.600 6276.346 8.392 -484.000 -4061.728 0.83
2019-05-05_22:50:21 04762 11.248 574.000 6456.352 8.400 -485.600 -4079.040 0.83
2019-05-05_22:50:22 04763 11.248 566.800 6375.366 8.408 -499.600 -4200.637 0.82
2019-05-05_22:50:23 04764 11.272 521.200 5874.966 8.344 -434.000 -3621.296 0.83
2019-05-05_22:50:24 04765 11.272 527.200 5942.598 8.352 -440.400 -3678.221 0.83
2019-05-05_22:50:25 04766 11.264 536.800 6046.515 8.360 -440.000 -3678.400 0.83
2019-05-05_22:50:26 04767 11.264 530.000 5969.920 8.360 -453.200 -3788.752 0.83
2019-05-05_22:50:27 04768 11.272 538.400 6068.845 8.368 -460.800 -3855.974 0.83
2019-05-05_22:50:28 04769 11.256 544.400 6127.766 8.376 -457.200 -3829.507 0.83
2019-05-05_22:50:29 04770 11.256 558.800 6289.853 8.376 -467.200 -3913.267 0.83
2019-05-05_22:50:30 04771 11.248 562.400 6325.875 8.384 -467.200 -3917.005 0.83
2019-05-05_22:50:31 04772 11.248 568.400 6393.363 8.392 -478.400 -4014.733 0.83
2019-05-05_22:50:32 04773 11.248 573.600 6451.853 8.400 -482.000 -4048.800 0.83
2019-05-05_22:50:33 04774 11.248 576.400 6483.347 8.408 -490.400 -4123.283 0.82
2019-05-05_22:50:34 04775 11.272 527.200 5942.598 8.344 -425.200 -3547.869 0.83
2019-05-05_22:50:35 04776 11.272 528.800 5960.634 8.352 -433.600 -3621.427 0.83
2019-05-05_22:50:36 04777 11.264 538.400 6064.538 8.352 -439.600 -3671.539 0.83
2019-05-05_22:50:37 04778 11.264 543.600 6123.110 8.368 -450.800 -3772.294 0.83
2019-05-05_22:50:38 04779 11.256 547.600 6163.786 8.376 -450.000 -3769.200 0.83
2019-05-05_22:50:39 04780 11.256 549.200 6181.795 8.376 -456.000 -3819.456 0.83
2019-05-05_22:50:40 04781 11.256 556.400 6262.838 8.376 -463.600 -3883.114 0.83
2019-05-05_22:50:41 04782 11.264 555.600 6258.278 8.392 -478.400 -4014.733 0.83
2019-05-05_22:50:42 04783 11.248 570.000 6411.360 8.392 -477.600 -4008.019 0.83
2019-05-05_22:50:43 04784 11.248 574.000 6456.352 8.400 -490.800 -4122.720 0.83
2019-05-05_22:50:44 04785 11.240 576.400 6478.736 8.408 -496.800 -4177.094 0.82
2019-05-05_22:50:45 04786 11.272 525.600 5924.563 8.352 -425.600 -3554.611 0.83
2019-05-05_22:50:46 04787 11.272 530.800 5983.178 8.352 -432.400 -3611.405 0.83
2019-05-05_22:50:47 04788 11.264 537.200 6051.021 8.360 -444.800 -3718.528 0.83
2019-05-05_22:50:48 04789 11.280 528.800 5964.864 8.368 -449.600 -3762.253 0.83
2019-05-05_22:50:49 04790 11.256 547.200 6159.283 8.376 -450.000 -3769.200 0.83
2019-05-05_22:50:50 04791 11.256 556.000 6258.336 8.376 -459.200 -3846.259 0.83
2019-05-05_22:50:51 04792 11.248 562.400 6325.875 8.376 -460.800 -3859.661 0.83
2019-05-05_22:50:52 04793 11.256 550.400 6195.302 8.392 -476.400 -3997.949 0.83
2019-05-05_22:50:53 04794 11.248 568.400 6393.363 8.392 -476.400 -3997.949 0.83
2019-05-05_22:50:54 04795 11.248 577.200 6492.346 8.400 -483.200 -4058.880 0.83
2019-05-05_22:50:55 04796 11.240 589.200 6622.608 8.408 -484.800 -4076.198 0.82
2019-05-05_22:50:56 04797 11.272 521.600 5879.475 8.352 -432.400 -3611.405 0.83
2019-05-05_22:50:57 04798 11.272 534.000 6019.248 8.360 -436.400 -3648.304 0.83
2019-05-05_22:50:58 04799 11.264 540.400 6087.066 8.360 -439.200 -3671.712 0.83
2019-05-05_22:50:59 04800 11.264 541.600 6100.582 8.368 -441.600 -3695.309 0.83
2019-05-05_22:51:00 04801 11.256 545.200 6136.771 8.368 -450.800 -3772.294 0.83
2019-05-05_22:51:01 04802 11.264 550.800 6204.211 8.376 -456.400 -3822.806 0.83
2019-05-05_22:51:02 04803 11.256 554.000 6235.824 8.392 -463.200 -3887.174 0.83
2019-05-05_22:51:03 04804 11.256 548.800 6177.293 8.392 -472.000 -3961.024 0.83
2019-05-05_22:51:04 04805 11.248 563.200 6334.874 8.400 -475.600 -3995.040 0.83
2019-05-05_22:51:05 04806 11.256 564.000 6348.384 8.408 -487.200 -4096.378 0.82
2019-05-05_22:51:06 04807 11.280 517.200 5834.016 8.344 -420.800 -3511.155 0.82
2019-05-05_22:51:07 04808 11.280 524.800 5919.744 8.352 -429.200 -3584.678 0.83
2019-05-05_22:51:08 04809 11.264 532.800 6001.459 8.352 -428.800 -3581.338 0.83
2019-05-05_22:51:09 04810 11.272 527.200 5942.598 8.360 -432.400 -3614.864 0.83
2019-05-05_22:51:10 04811 11.264 534.000 6014.976 8.368 -447.200 -3742.170 0.83
2019-05-05_22:51:11 04812 11.264 545.200 6141.133 8.376 -449.600 -3765.850 0.83
2019-05-05_22:51:12 04813 11.256 551.200 6204.307 8.376 -457.200 -3829.507 0.83
2019-05-05_22:51:13 04814 11.256 547.600 6163.786 8.392 -466.000 -3910.672 0.83
2019-05-05_22:51:14 04815 11.248 560.400 6303.379 8.384 -464.000 -3890.176 0.83
2019-05-05_22:51:15 04816 11.248 567.600 6384.365 8.400 -474.800 -3988.320 0.83
2019-05-05_22:51:16 04817 11.248 572.800 6442.854 8.408 -481.200 -4045.930 0.82
2019-05-05_22:51:17 04818 11.280 519.200 5856.576 8.344 -416.000 -3471.104 0.82
2019-05-05_22:51:18 04819 11.272 523.600 5902.019 8.352 -423.600 -3537.907 0.83
2019-05-05_22:51:19 04820 11.280 520.000 5865.600 8.360 -436.000 -3644.960 0.83
2019-05-05_22:51:20 04821 11.272 522.800 5893.002 8.360 -440.400 -3681.744 0.83
2019-05-05_22:51:21 04822 11.272 527.600 5947.107 8.368 -449.200 -3758.906 0.83
2019-05-05_22:51:22 04823 11.272 532.000 5996.704 8.376 -455.600 -3816.106 0.83
2019-05-05_22:51:23 04824 11.264 538.400 6064.538 8.384 -459.200 -3849.933 0.83
2019-05-05_22:51:24 04825 11.264 550.000 6195.200 8.392 -465.600 -3907.315 0.83
2019-05-05_22:51:25 04826 11.264 548.400 6177.178 8.392 -472.800 -3967.738 0.83
2019-05-05_22:51:26 04827 11.256 555.600 6253.834 8.400 -482.800 -4055.520 0.83
2019-05-05_22:51:27 04828 11.256 557.200 6271.843 8.408 -486.800 -4093.014 0.82
2019-05-05_22:51:28 04829 11.296 494.400 5584.742 8.352 -432.000 -3608.064 0.82
2019-05-05_22:51:29 04830 11.280 514.000 5797.920 8.360 -432.400 -3614.864 0.83
2019-05-05_22:51:30 04831 11.280 522.800 5897.184 8.360 -432.800 -3618.208 0.83
2019-05-05_22:51:31 04832 11.280 527.600 5951.328 8.368 -442.000 -3698.656 0.83
2019-05-05_22:51:32 04833 11.280 537.600 6064.128 8.376 -455.600 -3816.106 0.83
2019-05-05_22:51:33 04834 11.272 544.000 6131.968 8.376 -452.800 -3792.653 0.83
2019-05-05_22:51:34 04835 11.264 542.400 6109.594 8.384 -461.200 -3866.701 0.83
2019-05-05_22:51:35 04836 11.264 548.000 6172.672 8.392 -464.800 -3900.602 0.83
2019-05-05_22:51:36 04837 11.264 550.000 6195.200 8.392 -474.800 -3984.522 0.83
2019-05-05_22:51:37 04838 11.256 565.200 6361.891 8.400 -473.200 -3974.880 0.83
2019-05-05_22:51:38 04839 11.248 582.400 6550.835 8.400 -466.800 -3921.120 0.83
2019-05-05_22:51:39 04840 11.272 551.200 6213.126 8.424 -500.400 -4215.370 0.82
2019-05-05_22:51:40 04841 11.280 514.400 5802.432 8.360 -430.400 -3598.144 0.83
2019-05-05_22:51:41 04842 11.280 518.400 5847.552 8.360 -437.600 -3658.336 0.83
2019-05-05_22:51:42 04843 11.272 532.800 6005.722 8.368 -443.200 -3708.698 0.83
2019-05-05_22:51:43 04844 11.264 539.200 6073.549 8.368 -444.000 -3715.392 0.83
2019-05-05_22:51:44 04845 11.264 544.400 6132.122 8.376 -447.200 -3745.747 0.83
2019-05-05_22:51:45 04846 11.256 548.400 6172.790 8.384 -456.400 -3826.458 0.83
2019-05-05_22:51:46 04847 11.256 554.800 6244.829 8.384 -460.800 -3863.347 0.83
2019-05-05_22:51:47 04848 11.256 558.000 6280.848 8.392 -465.200 -3903.958 0.83