2019-05-05_23:06:58 05758 11.336 445.200 5046.787 8.352 -342.800 -2863.066 0.82
2019-05-05_23:06:59 05759 11.328 460.000 5210.880 8.360 -344.000 -2875.840 0.82
2019-05-05_23:07:00 05760 11.320 467.600 5293.232 8.360 -352.000 -2942.720 0.82
2019-05-05_23:07:01 05761 11.312 473.600 5357.363 8.368 -356.400 -2982.355 0.82
2019-05-05_23:07:02 05762 11.312 478.000 5407.136 8.376 -363.600 -3045.514 0.82
2019-05-05_23:07:03 05763 11.312 472.800 5348.314 8.384 -375.200 -3145.677 0.82
2019-05-05_23:07:04 05764 11.312 482.000 5452.384 8.384 -381.600 -3199.334 0.82
2019-05-05_23:07:05 05765 11.296 496.400 5607.334 8.392 -390.400 -3276.237 0.83
2019-05-05_23:07:06 05766 11.304 488.000 5516.352 8.400 -394.400 -3312.960 0.83
2019-05-05_23:07:07 05767 11.304 493.600 5579.654 8.408 -404.000 -3396.832 0.82
2019-05-05_23:07:08 05768 11.336 440.400 4992.374 8.352 -339.600 -2836.339 0.82
2019-05-05_23:07:09 05769 11.328 450.800 5106.662 8.352 -343.600 -2869.747 0.82
2019-05-05_23:07:10 05770 11.328 456.000 5165.568 8.360 -352.000 -2942.720 0.82
2019-05-05_23:07:11 05771 11.328 463.600 5251.661 8.360 -354.000 -2959.440 0.82
2019-05-05_23:07:12 05772 11.304 480.400 5430.442 8.368 -362.400 -3032.563 0.82
2019-05-05_23:07:13 05773 11.320 468.000 5297.760 8.376 -367.600 -3079.018 0.82
2019-05-05_23:07:14 05774 11.320 474.400 5370.208 8.384 -374.800 -3142.323 0.82
2019-05-05_23:07:15 05775 11.312 482.800 5461.434 8.384 -378.000 -3169.152 0.82
2019-05-05_23:07:16 05776 11.304 485.600 5489.222 8.392 -386.800 -3246.026 0.83
2019-05-05_23:07:17 05777 11.304 490.800 5548.003 8.400 -393.600 -3306.240 0.83
2019-05-05_23:07:18 05778 11.304 493.600 5579.654 8.408 -403.200 -3390.106 0.82
2019-05-05_23:07:19 05779 11.336 447.200 5069.459 8.352 -339.200 -2832.998 0.82
2019-05-05_23:07:20 05780 11.336 449.200 5092.131 8.352 -344.000 -2873.088 0.82
2019-05-05_23:07:21 05781 11.320 470.400 5324.928 8.360 -341.600 -2855.776 0.82
2019-05-05_23:07:22 05782 11.328 456.400 5170.099 8.368 -354.800 -2968.966 0.82
2019-05-05_23:07:23 05783 11.320 462.800 5238.896 8.368 -361.200 -3022.522 0.82
2019-05-05_23:07:24 05784 11.320 470.800 5329.456 8.376 -366.000 -3065.616 0.82
2019-05-05_23:07:25 05785 11.312 474.000 5361.888 8.384 -375.200 -3145.677 0.82
2019-05-05_23:07:26 05786 11.312 481.200 5443.334 8.384 -381.200 -3195.981 0.82
2019-05-05_23:07:27 05787 11.304 486.400 5498.266 8.392 -389.200 -3266.166 0.83
2019-05-05_23:07:28 05788 11.304 494.400 5588.698 8.400 -395.600 -3323.040 0.83
2019-05-05_23:07:29 05789 11.304 496.800 5615.827 8.400 -396.000 -3326.400 0.83
2019-05-05_23:07:30 05790 11.288 512.400 5783.971 8.416 -405.200 -3410.163 0.82
2019-05-05_23:07:31 05791 11.328 460.000 5210.880 8.352 -340.000 -2839.680 0.82
2019-05-05_23:07:32 05792 11.328 453.600 5138.381 8.360 -349.200 -2919.312 0.82
2019-05-05_23:07:33 05793 11.328 458.800 5197.286 8.360 -354.800 -2966.128 0.82
2019-05-05_23:07:34 05794 11.320 462.400 5234.368 8.368 -364.000 -3045.952 0.82
2019-05-05_23:07:35 05795 11.320 466.000 5275.120 8.376 -368.800 -3089.069 0.82
2019-05-05_23:07:36 05796 11.312 484.800 5484.058 8.384 -368.000 -3085.312 0.82
2019-05-05_23:07:37 05797 11.312 480.400 5434.285 8.384 -379.200 -3179.213 0.82
2019-05-05_23:07:38 05798 11.296 506.400 5720.294 8.392 -372.800 -3128.538 0.83
2019-05-05_23:07:39 05799 11.296 512.400 5788.070 8.400 -380.800 -3198.720 0.83
2019-05-05_23:07:40 05800 11.296 496.400 5607.334 8.408 -398.400 -3349.747 0.82
2019-05-05_23:07:41 05801 11.336 444.800 5042.253 8.352 -336.000 -2806.272 0.82
2019-05-05_23:07:42 05802 11.336 445.600 5051.322 8.360 -340.800 -2849.088 0.82
2019-05-05_23:07:43 05803 11.320 459.200 5198.144 8.352 -334.800 -2796.250 0.82
2019-05-05_23:07:44 05804 11.328 458.400 5192.755 8.368 -355.600 -2975.661 0.82
2019-05-05_23:07:45 05805 11.320 462.000 5229.840 8.376 -361.600 -3028.762 0.82
2019-05-05_23:07:46 05806 11.320 471.200 5333.984 8.376 -364.800 -3055.565 0.82
2019-05-05_23:07:47 05807 11.312 482.800 5461.434 8.376 -373.200 -3125.923 0.82
2019-05-05_23:07:48 05808 11.296 483.200 5458.227 8.384 -364.400 -3055.130 0.82
2019-05-05_23:07:49 05809 11.312 484.800 5484.058 8.392 -388.800 -3262.810 0.83
2019-05-05_23:07:50 05810 11.304 487.600 5511.830 8.400 -396.000 -3326.400 0.83
2019-05-05_23:07:51 05811 11.304 498.800 5638.435 8.408 -400.400 -3366.563 0.82
2019-05-05_23:07:52 05812 11.344 445.600 5054.886 8.352 -334.400 -2792.909 0.82
2019-05-05_23:07:53 05813 11.336 450.000 5101.200 8.352 -340.800 -2846.362 0.82
2019-05-05_23:07:54 05814 11.328 455.200 5156.506 8.360 -347.200 -2902.592 0.82
2019-05-05_23:07:55 05815 11.328 468.400 5306.035 8.368 -355.200 -2972.314 0.82
2019-05-05_23:07:56 05816 11.320 462.000 5229.840 8.368 -356.400 -2982.355 0.82
2019-05-05_23:07:57 05817 11.328 469.200 5315.098 8.376 -365.200 -3058.915 0.82
2019-05-05_23:07:58 05818 11.320 476.400 5392.848 8.384 -373.200 -3128.909 0.82
2019-05-05_23:07:59 05819 11.312 478.400 5411.661 8.392 -379.200 -3182.246 0.82
2019-05-05_23:08:00 05820 11.312 481.600 5447.859 8.400 -389.600 -3272.640 0.83
2019-05-05_23:08:01 05821 11.304 489.600 5534.438 8.400 -392.400 -3296.160 0.83
2019-05-05_23:08:02 05822 11.296 501.200 5661.555 8.408 -400.800 -3369.926 0.82
2019-05-05_23:08:03 05823 11.344 451.200 5118.413 8.344 -329.600 -2750.182 0.82
2019-05-05_23:08:04 05824 11.336 450.400 5105.734 8.360 -341.200 -2852.432 0.82
2019-05-05_23:08:05 05825 11.328 453.200 5133.850 8.360 -345.200 -2885.872 0.82
2019-05-05_23:08:06 05826 11.328 458.400 5192.755 8.368 -354.400 -2965.619 0.82
2019-05-05_23:08:07 05827 11.328 466.800 5287.910 8.376 -361.200 -3025.411 0.82
2019-05-05_23:08:08 05828 11.312 484.800 5484.058 8.376 -361.600 -3028.762 0.82
2019-05-05_23:08:09 05829 11.296 494.400 5584.742 8.384 -362.800 -3041.715 0.82
2019-05-05_23:08:10 05830 11.320 482.000 5456.240 8.392 -378.000 -3172.176 0.82
2019-05-05_23:08:11 05831 11.296 498.400 5629.926 8.392 -378.000 -3172.176 0.83
2019-05-05_23:08:12 05832 11.304 492.000 5561.568 8.400 -392.400 -3296.160 0.83
2019-05-05_23:08:13 05833 11.304 497.600 5624.870 8.408 -400.000 -3363.200 0.82
2019-05-05_23:08:14 05834 11.328 444.000 5029.632 8.344 -324.000 -2703.456 0.82
2019-05-05_23:08:15 05835 11.328 463.200 5247.130 8.352 -334.800 -2796.250 0.82
2019-05-05_23:08:16 05836 11.328 455.200 5156.506 8.360 -341.200 -2852.432 0.82
2019-05-05_23:08:17 05837 11.312 452.000 5113.024 8.360 -348.000 -2909.280 0.82
2019-05-05_23:08:18 05838 11.312 456.400 5162.797 8.368 -351.600 -2942.189 0.82
2019-05-05_23:08:19 05839 11.312 463.600 5244.243 8.376 -359.200 -3008.659 0.82
2019-05-05_23:08:20 05840 11.304 470.400 5317.402 8.376 -357.200 -2991.907 0.82
2019-05-05_23:08:21 05841 11.288 479.200 5409.210 8.376 -358.000 -2998.608 0.82
2019-05-05_23:08:22 05842 11.304 482.000 5448.528 8.392 -378.000 -3172.176 0.83
2019-05-05_23:08:23 05843 11.296 485.200 5480.819 8.400 -386.000 -3242.400 0.83
2019-05-05_23:08:24 05844 11.288 492.400 5558.211 8.400 -389.200 -3269.280 0.83
2019-05-05_23:08:25 05845 11.288 491.200 5544.666 8.408 -399.200 -3356.474 0.82
2019-05-05_23:08:26 05846 11.328 442.800 5016.038 8.352 -334.000 -2789.568 0.82
2019-05-05_23:08:27 05847 11.320 450.000 5094.000 8.360 -340.400 -2845.744 0.82
2019-05-05_23:08:28 05848 11.320 455.200 5152.864 8.368 -347.600 -2908.717 0.82
2019-05-05_23:08:29 05849 11.312 462.400 5230.669 8.360 -343.600 -2872.496 0.82
2019-05-05_23:08:30 05850 11.312 462.000 5226.144 8.376 -359.600 -3012.010 0.82
2019-05-05_23:08:31 05851 11.304 475.600 5376.182 8.376 -361.200 -3025.411 0.82
2019-05-05_23:08:32 05852 11.296 481.200 5435.635 8.384 -367.200 -3078.605 0.82
2019-05-05_23:08:33 05853 11.296 486.400 5494.374 8.392 -376.000 -3155.392 0.83
2019-05-05_23:08:34 05854 11.296 493.600 5575.706 8.400 -386.000 -3242.400 0.83
2019-05-05_23:08:35 05855 11.288 497.600 5616.909 8.400 -385.600 -3239.040 0.83
2019-05-05_23:08:36 05856 11.288 503.600 5684.637 8.408 -393.600 -3309.389 0.82
2019-05-05_23:08:37 05857 11.320 448.800 5080.416 8.352 -330.800 -2762.842 0.82
2019-05-05_23:08:38 05858 11.320 457.600 5180.032 8.360 -340.000 -2842.400 0.82