2019-05-05_22:04:37 02021 2.240 -0.800 -1.792 7.912 193.200 1528.598 0.00
2019-05-05_22:04:38 02022 2.240 -0.800 -1.792 7.920 192.800 1526.976 0.00
2019-05-05_22:04:39 02023 2.240 -0.800 -1.792 7.920 192.800 1526.976 0.00
2019-05-05_22:04:40 02024 2.240 -0.800 -1.792 7.912 192.800 1525.434 0.00
2019-05-05_22:04:41 02025 2.240 -0.800 -1.792 7.920 193.200 1530.144 0.00
2019-05-05_22:04:42 02026 2.240 -0.800 -1.792 7.920 193.200 1530.144 0.00
2019-05-05_22:04:43 02027 2.240 -0.800 -1.792 7.920 193.600 1533.312 0.00
2019-05-05_22:04:44 02028 2.240 -0.800 -1.792 7.920 192.800 1526.976 0.00
2019-05-05_22:04:45 02029 2.240 -0.800 -1.792 7.920 193.200 1530.144 0.00
2019-05-05_22:04:46 02030 2.240 -0.800 -1.792 7.920 193.200 1530.144 0.00
2019-05-05_22:04:47 02031 2.240 -0.800 -1.792 7.920 193.200 1530.144 0.00
2019-05-05_22:04:48 02032 2.240 -0.800 -1.792 7.912 192.400 1522.269 0.00
2019-05-05_22:04:49 02033 2.240 -0.800 -1.792 7.920 193.200 1530.144 0.00
2019-05-05_22:04:50 02034 2.240 -0.800 -1.792 7.920 192.800 1526.976 0.00
2019-05-05_22:04:51 02035 2.240 -0.800 -1.792 7.920 192.800 1526.976 0.00
2019-05-05_22:04:52 02036 2.240 -0.800 -1.792 7.920 192.000 1520.640 0.00
2019-05-05_22:04:53 02037 2.240 -0.800 -1.792 7.912 192.800 1525.434 0.00
2019-05-05_22:04:54 02038 2.240 -0.800 -1.792 7.920 192.400 1523.808 0.00
2019-05-05_22:04:55 02039 2.240 -0.800 -1.792 7.920 193.200 1530.144 0.00
2019-05-05_22:04:56 02040 2.240 -0.800 -1.792 7.920 192.800 1526.976 0.00
2019-05-05_22:04:57 02041 2.240 -0.800 -1.792 7.904 221.600 1751.526 0.00
2019-05-05_22:04:58 02042 2.240 -0.800 -1.792 7.920 193.200 1530.144 0.00
2019-05-05_22:04:59 02043 2.240 -0.400 -0.896 7.920 192.800 1526.976 0.00
2019-05-05_22:05:00 02044 2.240 -0.800 -1.792 7.920 192.800 1526.976 0.00
2019-05-05_22:05:01 02045 2.240 -0.800 -1.792 7.920 192.800 1526.976 0.00
2019-05-05_22:05:02 02046 2.240 -0.800 -1.792 7.920 192.800 1526.976 0.00
2019-05-05_22:05:03 02047 2.240 -0.800 -1.792 7.912 192.800 1525.434 0.00
2019-05-05_22:05:04 02048 2.240 -0.800 -1.792 7.920 192.800 1526.976 0.00
2019-05-05_22:05:05 02049 2.240 -0.800 -1.792 7.920 192.800 1526.976 0.00
2019-05-05_22:05:06 02050 2.240 -0.800 -1.792 7.920 192.400 1523.808 0.00
2019-05-05_22:05:07 02051 2.240 -0.800 -1.792 7.920 192.400 1523.808 0.00
2019-05-05_22:05:08 02052 2.240 -0.800 -1.792 7.920 196.400 1555.488 0.00
2019-05-05_22:05:09 02053 2.240 -0.800 -1.792 7.920 192.400 1523.808 0.00
2019-05-05_22:05:10 02054 2.240 -0.800 -1.792 7.920 192.400 1523.808 0.00
2019-05-05_22:05:11 02055 2.240 -0.800 -1.792 7.912 193.200 1528.598 0.00
2019-05-05_22:05:12 02056 2.240 -0.800 -1.792 7.920 192.400 1523.808 0.00
2019-05-05_22:05:13 02057 2.240 -0.800 -1.792 7.920 192.400 1523.808 0.00
2019-05-05_22:05:14 02058 2.240 -0.800 -1.792 7.920 192.800 1526.976 0.00
2019-05-05_22:05:15 02059 2.240 -0.800 -1.792 7.920 198.400 1571.328 0.00
2019-05-05_22:05:16 02060 2.240 -0.800 -1.792 7.920 192.400 1523.808 0.00
2019-05-05_22:05:17 02061 2.240 -0.800 -1.792 7.920 192.400 1523.808 0.00
2019-05-05_22:05:18 02062 2.240 -0.800 -1.792 7.920 192.800 1526.976 0.00
2019-05-05_22:05:19 02063 2.240 -0.800 -1.792 7.920 198.400 1571.328 0.00
2019-05-05_22:05:20 02064 2.240 -0.800 -1.792 7.920 192.400 1523.808 0.00
2019-05-05_22:05:21 02065 2.240 -0.800 -1.792 7.912 192.400 1522.269 0.00
2019-05-05_22:05:22 02066 2.240 -0.800 -1.792 7.920 192.800 1526.976 0.00
2019-05-05_22:05:23 02067 2.240 -0.800 -1.792 7.920 192.800 1526.976 0.00
2019-05-05_22:05:24 02068 2.240 -0.800 -1.792 7.920 192.400 1523.808 0.00
2019-05-05_22:05:25 02069 2.240 -0.800 -1.792 7.920 193.200 1530.144 0.00
2019-05-05_22:05:26 02070 2.240 -0.800 -1.792 7.920 192.800 1526.976 0.00
2019-05-05_22:05:27 02071 2.240 -0.800 -1.792 7.904 216.800 1713.587 0.00
2019-05-05_22:05:28 02072 2.240 -0.800 -1.792 7.920 192.400 1523.808 0.00
2019-05-05_22:05:29 02073 2.240 -0.800 -1.792 7.920 192.400 1523.808 0.00
2019-05-05_22:05:30 02074 2.240 -0.800 -1.792 7.904 193.600 1530.214 0.00
2019-05-05_22:05:31 02075 2.240 -0.800 -1.792 7.920 192.400 1523.808 0.00
2019-05-05_22:05:32 02076 2.240 -0.400 -0.896 7.920 193.600 1533.312 0.00
2019-05-05_22:05:33 02077 2.240 -0.800 -1.792 7.912 192.000 1519.104 0.00
2019-05-05_22:05:34 02078 2.240 -0.800 -1.792 7.920 192.800 1526.976 0.00
2019-05-05_22:05:35 02079 2.240 -0.800 -1.792 7.920 192.800 1526.976 0.00
2019-05-05_22:05:36 02080 2.240 -0.800 -1.792 7.920 192.800 1526.976 0.00
2019-05-05_22:05:37 02081 2.240 -0.800 -1.792 7.920 192.800 1526.976 0.00
2019-05-05_22:05:38 02082 2.240 -0.800 -1.792 7.920 193.200 1530.144 0.00
2019-05-05_22:05:39 02083 2.240 -0.800 -1.792 7.920 193.600 1533.312 0.00
2019-05-05_22:05:40 02084 2.240 -0.800 -1.792 7.920 203.600 1612.512 0.00
2019-05-05_22:05:41 02085 2.240 -0.800 -1.792 7.920 192.800 1526.976 0.00
2019-05-05_22:05:42 02086 2.240 -0.800 -1.792 7.920 192.400 1523.808 0.00
2019-05-05_22:05:43 02087 2.240 -0.800 -1.792 7.920 193.200 1530.144 0.00
2019-05-05_22:05:44 02088 2.240 -0.800 -1.792 7.920 192.400 1523.808 0.00
2019-05-05_22:05:45 02089 2.240 -0.400 -0.896 7.920 192.400 1523.808 0.00
2019-05-05_22:05:46 02090 2.240 -0.800 -1.792 7.920 193.200 1530.144 0.00
2019-05-05_22:05:47 02091 2.240 -0.800 -1.792 7.920 194.000 1536.480 0.00
2019-05-05_22:05:48 02092 2.240 -0.800 -1.792 7.920 192.400 1523.808 0.00
2019-05-05_22:05:49 02093 2.240 -0.800 -1.792 7.920 192.800 1526.976 0.00
2019-05-05_22:05:50 02094 2.240 -0.800 -1.792 7.912 192.400 1522.269 0.00
2019-05-05_22:05:51 02095 2.240 -0.800 -1.792 7.920 192.800 1526.976 0.00
2019-05-05_22:05:52 02096 2.240 -0.800 -1.792 7.920 192.800 1526.976 0.00
2019-05-05_22:05:53 02097 2.240 -0.800 -1.792 7.912 192.800 1525.434 0.00
2019-05-05_22:05:54 02098 2.240 -0.400 -0.896 7.904 193.200 1527.053 0.00
2019-05-05_22:05:55 02099 2.240 -0.800 -1.792 7.920 192.400 1523.808 0.00
2019-05-05_22:05:56 02100 2.240 -0.800 -1.792 7.920 194.000 1536.480 0.00
2019-05-05_22:05:57 02101 2.240 -0.800 -1.792 7.920 192.400 1523.808 0.00
2019-05-05_22:05:58 02102 2.240 -0.800 -1.792 7.896 216.400 1708.694 0.00
2019-05-05_22:05:59 02103 2.240 -0.800 -1.792 7.896 202.800 1601.309 0.00
2019-05-05_22:06:00 02104 2.240 -0.800 -1.792 7.920 193.200 1530.144 0.00
2019-05-05_22:06:01 02105 2.240 -0.800 -1.792 7.920 192.800 1526.976 0.00
2019-05-05_22:06:02 02106 2.240 -0.800 -1.792 7.920 192.800 1526.976 0.00
2019-05-05_22:06:03 02107 2.240 -0.800 -1.792 7.920 192.800 1526.976 0.00
2019-05-05_22:06:04 02108 2.240 -0.800 -1.792 7.920 193.200 1530.144 0.00
2019-05-05_22:06:05 02109 2.240 -0.800 -1.792 7.920 192.800 1526.976 0.00
2019-05-05_22:06:06 02110 2.240 -0.800 -1.792 7.912 193.200 1528.598 0.00
2019-05-05_22:06:07 02111 2.240 -0.800 -1.792 7.920 193.200 1530.144 0.00
2019-05-05_22:06:08 02112 2.240 -0.800 -1.792 7.920 192.400 1523.808 0.00
2019-05-05_22:06:09 02113 2.240 -0.800 -1.792 7.920 192.800 1526.976 0.00
2019-05-05_22:06:10 02114 2.240 -0.800 -1.792 7.904 192.400 1520.730 0.00
2019-05-05_22:06:11 02115 2.240 -0.800 -1.792 7.920 192.400 1523.808 0.00
2019-05-05_22:06:12 02116 2.240 -0.800 -1.792 7.920 192.800 1526.976 0.00
2019-05-05_22:06:13 02117 2.240 -0.800 -1.792 7.920 192.800 1526.976 0.00
2019-05-05_22:06:14 02118 2.240 -0.800 -1.792 7.920 195.200 1545.984 0.00
2019-05-05_22:06:15 02119 2.240 -0.800 -1.792 7.920 192.800 1526.976 0.00
2019-05-05_22:06:16 02120 2.240 -0.800 -1.792 7.920 193.200 1530.144 0.00
2019-05-05_22:06:17 02121 2.240 -0.800 -1.792 7.904 192.800 1523.891 0.00