2019-05-05_22:36:38 03940 2.240 -0.800 -1.792 7.848 202.000 1585.296 0.00
2019-05-05_22:36:39 03941 2.240 -0.800 -1.792 7.848 194.800 1528.790 0.00
2019-05-05_22:36:40 03942 2.240 -0.800 -1.792 7.848 194.400 1525.651 0.00
2019-05-05_22:36:41 03943 2.240 -0.800 -1.792 7.848 194.000 1522.512 0.00
2019-05-05_22:36:42 03944 2.240 -0.800 -1.792 7.840 194.800 1527.232 0.00
2019-05-05_22:36:43 03945 2.240 -0.800 -1.792 7.848 194.400 1525.651 0.00
2019-05-05_22:36:44 03946 2.240 -0.800 -1.792 7.848 194.400 1525.651 0.00
2019-05-05_22:36:45 03947 2.240 -0.800 -1.792 7.848 194.000 1522.512 0.00
2019-05-05_22:36:46 03948 2.240 -0.800 -1.792 7.848 194.400 1525.651 0.00
2019-05-05_22:36:47 03949 2.240 -0.800 -1.792 7.848 194.400 1525.651 0.00
2019-05-05_22:36:48 03950 2.240 -0.800 -1.792 7.848 194.400 1525.651 0.00
2019-05-05_22:36:49 03951 2.240 -0.800 -1.792 7.848 194.000 1522.512 0.00
2019-05-05_22:36:50 03952 2.240 -0.800 -1.792 7.848 194.000 1522.512 0.00
2019-05-05_22:36:51 03953 2.240 -0.800 -1.792 7.848 194.400 1525.651 0.00
2019-05-05_22:36:52 03954 2.240 -0.800 -1.792 7.848 194.000 1522.512 0.00
2019-05-05_22:36:53 03955 2.240 -0.800 -1.792 7.848 194.800 1528.790 0.00
2019-05-05_22:36:54 03956 2.240 -0.800 -1.792 7.848 194.000 1522.512 0.00
2019-05-05_22:36:55 03957 2.240 -0.800 -1.792 7.848 198.000 1553.904 0.00
2019-05-05_22:36:56 03958 2.240 -0.800 -1.792 7.848 194.000 1522.512 0.00
2019-05-05_22:36:57 03959 2.240 -0.800 -1.792 7.840 194.400 1524.096 0.00
2019-05-05_22:36:58 03960 2.240 -0.800 -1.792 7.848 193.600 1519.373 0.00
2019-05-05_22:36:59 03961 2.240 -0.800 -1.792 7.848 194.400 1525.651 0.00
2019-05-05_22:37:00 03962 2.240 -0.800 -1.792 7.848 194.000 1522.512 0.00
2019-05-05_22:37:01 03963 2.240 -0.800 -1.792 7.840 194.400 1524.096 0.00
2019-05-05_22:37:02 03964 2.240 -0.800 -1.792 7.848 194.400 1525.651 0.00
2019-05-05_22:37:03 03965 2.240 -0.800 -1.792 7.848 194.000 1522.512 0.00
2019-05-05_22:37:04 03966 2.240 -0.800 -1.792 7.848 194.000 1522.512 0.00
2019-05-05_22:37:05 03967 2.240 -0.800 -1.792 7.848 194.400 1525.651 0.00
2019-05-05_22:37:06 03968 2.240 -0.400 -0.896 7.848 193.600 1519.373 0.00
2019-05-05_22:37:07 03969 2.240 -0.800 -1.792 7.848 194.000 1522.512 0.00
2019-05-05_22:37:08 03970 2.240 -0.800 -1.792 7.832 194.000 1519.408 0.00
2019-05-05_22:37:09 03971 2.240 -0.800 -1.792 7.848 194.400 1525.651 0.00
2019-05-05_22:37:10 03972 2.240 -0.800 -1.792 7.848 199.200 1563.322 0.00
2019-05-05_22:37:11 03973 2.240 -0.800 -1.792 7.840 194.000 1520.960 0.00
2019-05-05_22:37:12 03974 2.240 -0.800 -1.792 7.848 194.400 1525.651 0.00
2019-05-05_22:37:13 03975 2.240 -0.800 -1.792 7.848 194.400 1525.651 0.00
2019-05-05_22:37:14 03976 2.240 -0.800 -1.792 7.848 195.200 1531.930 0.00
2019-05-05_22:37:15 03977 2.240 -0.800 -1.792 7.848 194.000 1522.512 0.00
2019-05-05_22:37:16 03978 2.240 -0.800 -1.792 7.848 199.600 1566.461 0.00
2019-05-05_22:37:17 03979 2.240 -0.800 -1.792 7.848 194.000 1522.512 0.00
2019-05-05_22:37:18 03980 2.240 -0.800 -1.792 7.848 194.400 1525.651 0.00
2019-05-05_22:37:19 03981 2.240 -0.800 -1.792 7.848 194.400 1525.651 0.00
2019-05-05_22:37:20 03982 2.240 -0.800 -1.792 7.848 194.400 1525.651 0.00
2019-05-05_22:37:21 03983 2.240 -0.800 -1.792 7.848 194.000 1522.512 0.00
2019-05-05_22:37:22 03984 2.240 -0.800 -1.792 7.840 194.000 1520.960 0.00
2019-05-05_22:37:23 03985 2.240 -0.800 -1.792 7.848 194.000 1522.512 0.00
2019-05-05_22:37:24 03986 2.240 -0.800 -1.792 7.848 194.000 1522.512 0.00
2019-05-05_22:37:25 03987 2.240 -0.800 -1.792 7.848 195.200 1531.930 0.00
2019-05-05_22:37:26 03988 2.240 -0.800 -1.792 7.840 194.400 1524.096 0.00
2019-05-05_22:37:27 03989 2.240 -0.800 -1.792 7.824 218.800 1711.891 0.00
2019-05-05_22:37:28 03990 2.240 -0.800 -1.792 7.848 194.400 1525.651 0.00
2019-05-05_22:37:29 03991 2.240 -0.800 -1.792 7.840 194.400 1524.096 0.00
2019-05-05_22:37:30 03992 2.240 -0.800 -1.792 7.848 194.000 1522.512 0.00
2019-05-05_22:37:31 03993 2.240 -0.800 -1.792 7.848 195.200 1531.930 0.00
2019-05-05_22:37:32 03994 2.240 -0.800 -1.792 7.848 194.000 1522.512 0.00
2019-05-05_22:37:33 03995 2.240 -0.800 -1.792 7.848 194.000 1522.512 0.00
2019-05-05_22:37:34 03996 2.240 -0.800 -1.792 7.848 194.400 1525.651 0.00
2019-05-05_22:37:35 03997 2.240 -0.800 -1.792 7.848 194.400 1525.651 0.00
2019-05-05_22:37:36 03998 2.240 -0.800 -1.792 7.848 194.400 1525.651 0.00
2019-05-05_22:37:37 03999 2.240 -0.800 -1.792 7.848 194.000 1522.512 0.00
2019-05-05_22:37:38 04000 2.240 -0.800 -1.792 7.848 194.400 1525.651 0.00
2019-05-05_22:37:39 04001 2.240 -0.800 -1.792 7.848 194.400 1525.651 0.00
2019-05-05_22:37:40 04002 2.240 -0.800 -1.792 7.840 194.800 1527.232 0.00
2019-05-05_22:37:41 04003 2.240 -0.800 -1.792 7.848 203.200 1594.714 0.00
2019-05-05_22:37:42 04004 2.240 -0.800 -1.792 7.848 194.400 1525.651 0.00
2019-05-05_22:37:43 04005 2.240 -0.800 -1.792 7.848 194.800 1528.790 0.00
2019-05-05_22:37:44 04006 2.240 -0.800 -1.792 7.824 229.600 1796.390 0.00
2019-05-05_22:37:45 04007 2.240 -0.800 -1.792 7.848 193.600 1519.373 0.00
2019-05-05_22:37:46 04008 2.240 -0.800 -1.792 7.848 194.400 1525.651 0.00
2019-05-05_22:37:47 04009 2.240 -0.800 -1.792 7.848 194.800 1528.790 0.00
2019-05-05_22:37:48 04010 2.240 -0.800 -1.792 7.840 193.600 1517.824 0.00
2019-05-05_22:37:49 04011 2.240 -0.800 -1.792 7.848 194.400 1525.651 0.00
2019-05-05_22:37:50 04012 2.240 -0.800 -1.792 7.848 194.400 1525.651 0.00
2019-05-05_22:37:51 04013 2.240 -0.800 -1.792 7.848 195.200 1531.930 0.00
2019-05-05_22:37:52 04014 2.240 -0.800 -1.792 7.848 194.000 1522.512 0.00
2019-05-05_22:37:53 04015 2.240 -0.800 -1.792 7.848 194.000 1522.512 0.00
2019-05-05_22:37:54 04016 2.240 -0.800 -1.792 7.848 194.000 1522.512 0.00
2019-05-05_22:37:55 04017 2.240 -0.800 -1.792 7.848 194.400 1525.651 0.00
2019-05-05_22:37:56 04018 2.240 -0.800 -1.792 7.848 194.400 1525.651 0.00
2019-05-05_22:37:57 04019 2.240 -0.800 -1.792 7.848 195.200 1531.930 0.00
2019-05-05_22:37:58 04020 2.240 -0.800 -1.792 7.848 194.400 1525.651 0.00
2019-05-05_22:37:59 04021 2.240 -0.800 -1.792 7.848 197.600 1550.765 0.00
2019-05-05_22:38:00 04022 2.240 -0.800 -1.792 7.848 194.800 1528.790 0.00
2019-05-05_22:38:01 04023 2.240 -0.800 -1.792 7.848 194.800 1528.790 0.00
2019-05-05_22:38:02 04024 2.240 -0.400 -0.896 7.832 194.800 1525.674 0.00
2019-05-05_22:38:03 04025 2.240 -0.800 -1.792 7.848 194.800 1528.790 0.00
2019-05-05_22:38:04 04026 2.240 -0.800 -1.792 7.848 194.400 1525.651 0.00
2019-05-05_22:38:05 04027 2.240 -0.800 -1.792 7.848 195.200 1531.930 0.00
2019-05-05_22:38:06 04028 2.240 -0.800 -1.792 7.848 194.400 1525.651 0.00
2019-05-05_22:38:07 04029 2.240 -0.800 -1.792 7.848 194.000 1522.512 0.00
2019-05-05_22:38:08 04030 2.240 -0.800 -1.792 7.848 195.600 1535.069 0.00
2019-05-05_22:38:09 04031 2.240 -0.800 -1.792 7.848 202.000 1585.296 0.00
2019-05-05_22:38:10 04032 2.240 -0.800 -1.792 7.848 194.400 1525.651 0.00
2019-05-05_22:38:11 04033 2.240 -0.800 -1.792 7.848 194.400 1525.651 0.00
2019-05-05_22:38:12 04034 2.240 -0.800 -1.792 7.848 194.800 1528.790 0.00
2019-05-05_22:38:13 04035 2.240 -0.800 -1.792 7.848 194.800 1528.790 0.00
2019-05-05_22:38:14 04036 2.240 -0.800 -1.792 7.824 218.800 1711.891 0.00
2019-05-05_22:38:15 04037 2.240 -0.800 -1.792 7.848 198.800 1560.182 0.00
2019-05-05_22:38:16 04038 2.240 -0.800 -1.792 7.848 194.800 1528.790 0.00
2019-05-05_22:38:17 04039 2.240 -0.800 -1.792 7.848 194.400 1525.651 0.00
2019-05-05_22:38:18 04040 2.240 -0.400 -0.896 7.840 194.000 1520.960 0.00