2019-05-05_22:41:41 04243 2.240 -0.800 -1.792 7.824 196.000 1533.504 0.00
2019-05-05_22:41:42 04244 2.240 -0.800 -1.792 7.840 194.800 1527.232 0.00
2019-05-05_22:41:43 04245 2.240 -0.800 -1.792 7.840 194.400 1524.096 0.00
2019-05-05_22:41:44 04246 2.240 -0.800 -1.792 7.840 194.800 1527.232 0.00
2019-05-05_22:41:45 04247 2.240 -0.800 -1.792 7.840 194.400 1524.096 0.00
2019-05-05_22:41:46 04248 2.240 -0.800 -1.792 7.840 194.800 1527.232 0.00
2019-05-05_22:41:47 04249 2.240 -0.800 -1.792 7.840 195.200 1530.368 0.00
2019-05-05_22:41:48 04250 2.240 -0.400 -0.896 7.840 195.200 1530.368 0.00
2019-05-05_22:41:49 04251 2.240 -0.800 -1.792 7.840 194.400 1524.096 0.00
2019-05-05_22:41:50 04252 2.240 -0.800 -1.792 7.840 194.400 1524.096 0.00
2019-05-05_22:41:51 04253 2.240 -0.800 -1.792 7.840 194.800 1527.232 0.00
2019-05-05_22:41:52 04254 2.240 -0.800 -1.792 7.840 195.600 1533.504 0.00
2019-05-05_22:41:53 04255 2.240 -0.800 -1.792 7.840 194.400 1524.096 0.00
2019-05-05_22:41:54 04256 2.240 -0.800 -1.792 7.840 195.600 1533.504 0.00
2019-05-05_22:41:55 04257 2.240 -0.800 -1.792 7.832 194.800 1525.674 0.00
2019-05-05_22:41:56 04258 2.240 -0.800 -1.792 7.840 194.000 1520.960 0.00
2019-05-05_22:41:57 04259 2.240 -0.800 -1.792 7.832 194.400 1522.541 0.00
2019-05-05_22:41:58 04260 2.240 -0.800 -1.792 7.832 194.400 1522.541 0.00
2019-05-05_22:41:59 04261 2.240 -0.800 -1.792 7.832 195.200 1528.806 0.00
2019-05-05_22:42:00 04262 2.240 -0.800 -1.792 7.824 195.600 1530.374 0.00
2019-05-05_22:42:01 04263 2.240 -0.800 -1.792 7.832 194.400 1522.541 0.00
2019-05-05_22:42:02 04264 2.240 -0.800 -1.792 7.840 195.600 1533.504 0.00
2019-05-05_22:42:03 04265 2.240 -0.800 -1.792 7.840 194.400 1524.096 0.00
2019-05-05_22:42:04 04266 2.240 -0.800 -1.792 7.832 195.200 1528.806 0.00
2019-05-05_22:42:05 04267 2.240 -0.800 -1.792 7.832 194.400 1522.541 0.00
2019-05-05_22:42:06 04268 2.240 -0.800 -1.792 7.840 196.000 1536.640 0.00
2019-05-05_22:42:07 04269 2.240 -0.800 -1.792 7.832 194.400 1522.541 0.00
2019-05-05_22:42:08 04270 2.240 -0.800 -1.792 7.824 194.800 1524.115 0.00
2019-05-05_22:42:09 04271 2.240 -0.800 -1.792 7.832 194.400 1522.541 0.00
2019-05-05_22:42:10 04272 2.240 -0.800 -1.792 7.832 194.800 1525.674 0.00
2019-05-05_22:42:11 04273 2.240 -0.800 -1.792 7.840 194.400 1524.096 0.00
2019-05-05_22:42:12 04274 2.240 -0.800 -1.792 7.824 194.800 1524.115 0.00
2019-05-05_22:42:13 04275 2.240 -0.800 -1.792 7.832 196.000 1535.072 0.00
2019-05-05_22:42:14 04276 2.240 -0.800 -1.792 7.832 194.800 1525.674 0.00
2019-05-05_22:42:15 04277 2.240 -0.800 -1.792 7.832 194.800 1525.674 0.00
2019-05-05_22:42:16 04278 2.240 -0.800 -1.792 7.816 219.600 1716.394 0.00
2019-05-05_22:42:17 04279 2.240 -0.800 -1.792 7.832 194.800 1525.674 0.00
2019-05-05_22:42:18 04280 2.240 -0.400 -0.896 7.832 194.800 1525.674 0.00
2019-05-05_22:42:19 04281 2.240 -0.800 -1.792 7.832 194.800 1525.674 0.00
2019-05-05_22:42:20 04282 2.240 -0.800 -1.792 7.832 194.800 1525.674 0.00
2019-05-05_22:42:21 04283 2.240 -0.800 -1.792 7.824 194.800 1524.115 0.00
2019-05-05_22:42:22 04284 2.240 -0.800 -1.792 7.832 194.800 1525.674 0.00
2019-05-05_22:42:23 04285 2.240 -0.800 -1.792 7.832 195.600 1531.939 0.00
2019-05-05_22:42:24 04286 2.240 -0.800 -1.792 7.832 194.400 1522.541 0.00
2019-05-05_22:42:25 04287 2.240 -0.800 -1.792 7.832 195.600 1531.939 0.00
2019-05-05_22:42:26 04288 2.240 -0.800 -1.792 7.832 204.400 1600.861 0.00
2019-05-05_22:42:27 04289 2.240 -0.800 -1.792 7.832 195.200 1528.806 0.00
2019-05-05_22:42:28 04290 2.240 -0.400 -0.896 7.832 194.800 1525.674 0.00
2019-05-05_22:42:29 04291 2.240 -0.800 -1.792 7.832 199.200 1560.134 0.00
2019-05-05_22:42:30 04292 2.240 -0.800 -1.792 7.832 195.200 1528.806 0.00
2019-05-05_22:42:31 04293 2.240 -0.800 -1.792 7.832 194.800 1525.674 0.00
2019-05-05_22:42:32 04294 2.240 -0.800 -1.792 7.832 194.400 1522.541 0.00
2019-05-05_22:42:33 04295 2.240 -0.800 -1.792 7.832 194.800 1525.674 0.00
2019-05-05_22:42:34 04296 2.240 -0.800 -1.792 7.832 194.800 1525.674 0.00
2019-05-05_22:42:35 04297 2.240 -0.800 -1.792 7.832 194.800 1525.674 0.00
2019-05-05_22:42:36 04298 2.240 -0.800 -1.792 7.832 194.800 1525.674 0.00
2019-05-05_22:42:37 04299 2.240 -0.800 -1.792 7.832 195.600 1531.939 0.00
2019-05-05_22:42:38 04300 2.240 -0.800 -1.792 7.832 204.400 1600.861 0.00
2019-05-05_22:42:39 04301 2.240 -0.800 -1.792 7.832 197.200 1544.470 0.00
2019-05-05_22:42:40 04302 2.240 -0.800 -1.792 7.832 196.000 1535.072 0.00
2019-05-05_22:42:41 04303 2.240 -0.800 -1.792 7.832 194.800 1525.674 0.00
2019-05-05_22:42:42 04304 2.240 -0.800 -1.792 7.832 194.800 1525.674 0.00
2019-05-05_22:42:43 04305 2.240 -0.800 -1.792 7.832 194.800 1525.674 0.00
2019-05-05_22:42:44 04306 2.240 -0.800 -1.792 7.832 195.200 1528.806 0.00
2019-05-05_22:42:45 04307 2.240 -0.800 -1.792 7.824 196.000 1533.504 0.00
2019-05-05_22:42:46 04308 2.240 -0.800 -1.792 7.816 219.200 1713.267 0.00
2019-05-05_22:42:47 04309 2.240 -0.800 -1.792 7.832 194.400 1522.541 0.00
2019-05-05_22:42:48 04310 2.240 -0.800 -1.792 7.832 194.800 1525.674 0.00
2019-05-05_22:42:49 04311 2.240 -0.800 -1.792 7.832 194.800 1525.674 0.00
2019-05-05_22:42:50 04312 2.240 -0.800 -1.792 7.832 195.600 1531.939 0.00
2019-05-05_22:42:51 04313 2.240 -0.800 -1.792 7.832 195.200 1528.806 0.00
2019-05-05_22:42:52 04314 2.240 -0.800 -1.792 7.832 194.000 1519.408 0.00
2019-05-05_22:42:53 04315 2.240 -0.800 -1.792 7.824 194.400 1520.986 0.00
2019-05-05_22:42:54 04316 2.240 -0.800 -1.792 7.832 194.400 1522.541 0.00
2019-05-05_22:42:55 04317 2.240 -0.800 -1.792 7.832 194.800 1525.674 0.00
2019-05-05_22:42:56 04318 2.240 -0.800 -1.792 7.824 195.200 1527.245 0.00
2019-05-05_22:42:57 04319 2.240 -0.800 -1.792 7.832 194.400 1522.541 0.00
2019-05-05_22:42:58 04320 2.240 -0.800 -1.792 7.832 196.800 1541.338 0.00
2019-05-05_22:42:59 04321 2.240 -0.800 -1.792 7.832 195.200 1528.806 0.00
2019-05-05_22:43:00 04322 2.240 -0.800 -1.792 7.832 194.400 1522.541 0.00
2019-05-05_22:43:01 04323 2.240 -0.800 -1.792 7.832 195.200 1528.806 0.00
2019-05-05_22:43:02 04324 2.240 -0.800 -1.792 7.832 195.200 1528.806 0.00
2019-05-05_22:43:03 04325 2.240 -0.800 -1.792 7.832 194.800 1525.674 0.00
2019-05-05_22:43:04 04326 2.240 -0.800 -1.792 7.832 194.800 1525.674 0.00
2019-05-05_22:43:05 04327 2.240 -0.800 -1.792 7.832 195.600 1531.939 0.00
2019-05-05_22:43:06 04328 2.240 -0.800 -1.792 7.832 194.800 1525.674 0.00
2019-05-05_22:43:07 04329 2.240 -0.800 -1.792 7.832 194.400 1522.541 0.00
2019-05-05_22:43:08 04330 2.240 -0.800 -1.792 7.832 194.400 1522.541 0.00
2019-05-05_22:43:09 04331 2.240 -0.800 -1.792 7.832 195.600 1531.939 0.00
2019-05-05_22:43:10 04332 2.240 -0.800 -1.792 7.824 194.800 1524.115 0.00
2019-05-05_22:43:11 04333 2.240 -0.800 -1.792 7.832 194.800 1525.674 0.00
2019-05-05_22:43:12 04334 2.240 -0.800 -1.792 7.832 195.200 1528.806 0.00
2019-05-05_22:43:13 04335 2.240 -0.800 -1.792 7.832 194.400 1522.541 0.00
2019-05-05_22:43:14 04336 2.240 -0.800 -1.792 7.832 194.800 1525.674 0.00
2019-05-05_22:43:15 04337 2.240 -0.800 -1.792 7.832 194.800 1525.674 0.00
2019-05-05_22:43:16 04338 2.240 -0.800 -1.792 7.832 197.600 1547.603 0.00
2019-05-05_22:43:17 04339 2.240 -0.800 -1.792 7.832 194.400 1522.541 0.00
2019-05-05_22:43:18 04340 2.240 -0.800 -1.792 7.832 194.400 1522.541 0.00
2019-05-05_22:43:19 04341 2.240 -0.800 -1.792 7.832 195.200 1528.806 0.00
2019-05-05_22:43:20 04342 2.240 -0.800 -1.792 7.832 204.800 1603.994 0.00
2019-05-05_22:43:21 04343 2.240 -0.800 -1.792 7.832 194.800 1525.674 0.00