2019-05-05_02:27:08 00405 11.568 167.200 1934.170 8.416 0.400 3.366 0.75
2019-05-05_02:27:09 00406 11.584 170.000 1969.280 8.304 0.000 0.000 0.75
2019-05-05_02:27:10 00407 11.592 163.200 1891.814 8.320 0.400 3.328 0.75
2019-05-05_02:27:11 00408 11.584 160.400 1858.074 8.328 0.000 0.000 0.75
2019-05-05_02:27:12 00409 11.584 164.800 1909.043 8.336 0.400 3.334 0.75
2019-05-05_02:27:13 00410 11.576 168.400 1949.398 8.352 0.000 0.000 0.75
2019-05-05_02:27:14 00411 11.576 170.000 1967.920 8.360 0.400 3.344 0.76
2019-05-05_02:27:15 00412 11.584 158.400 1834.906 8.368 0.000 0.000 0.76
2019-05-05_02:27:16 00413 11.576 172.400 1995.702 8.376 0.400 3.350 0.76
2019-05-05_02:27:17 00414 11.576 155.600 1801.226 8.392 0.000 0.000 0.76
2019-05-05_02:27:18 00415 11.576 162.800 1884.573 8.408 0.400 3.363 0.75
2019-05-05_02:27:19 00416 11.584 164.400 1904.410 8.304 0.000 0.000 0.75
2019-05-05_02:27:20 00417 11.584 169.600 1964.646 8.312 0.400 3.325 0.75
2019-05-05_02:27:21 00418 11.592 169.200 1961.366 8.312 0.400 3.325 0.75
2019-05-05_02:27:22 00419 11.584 168.800 1955.379 8.328 0.400 3.331 0.75
2019-05-05_02:27:23 00420 11.584 165.600 1918.310 8.336 0.000 0.000 0.75
2019-05-05_02:27:24 00421 11.584 170.400 1973.914 8.360 0.000 0.000 0.75
2019-05-05_02:27:25 00422 11.584 162.000 1876.608 8.360 0.400 3.344 0.76
2019-05-05_02:27:26 00423 11.576 162.000 1875.312 8.368 0.400 3.347 0.76
2019-05-05_02:27:27 00424 11.576 164.800 1907.725 8.376 0.400 3.350 0.76
2019-05-05_02:27:28 00425 11.576 169.200 1958.659 8.392 0.400 3.357 0.76
2019-05-05_02:27:29 00426 11.584 167.200 1936.845 8.400 0.400 3.360 0.76
2019-05-05_02:27:30 00427 11.560 171.200 1979.072 8.392 0.000 0.000 0.76
2019-05-05_02:27:31 00428 11.576 166.800 1930.877 8.424 0.000 0.000 0.75
2019-05-05_02:27:32 00429 11.584 165.200 1913.677 8.320 0.400 3.328 0.75
2019-05-05_02:27:33 00430 11.592 160.400 1859.357 8.328 0.400 3.331 0.75
2019-05-05_02:27:34 00431 11.592 156.000 1808.352 8.336 0.400 3.334 0.75
2019-05-05_02:27:35 00432 11.584 155.600 1802.470 8.352 0.400 3.341 0.75
2019-05-05_02:27:36 00433 11.576 164.400 1903.094 8.368 0.400 3.347 0.76
2019-05-05_02:27:37 00434 11.584 169.200 1960.013 8.376 0.000 0.000 0.76
2019-05-05_02:27:38 00435 11.584 163.200 1890.509 8.376 0.000 0.000 0.76
2019-05-05_02:27:39 00436 11.576 158.400 1833.638 8.400 0.400 3.360 0.76
2019-05-05_02:27:40 00437 11.576 164.400 1903.094 8.408 0.400 3.363 0.75
2019-05-05_02:27:41 00438 11.600 159.200 1846.720 8.304 0.000 0.000 0.75
2019-05-05_02:27:42 00439 11.592 154.000 1785.168 8.304 0.400 3.322 0.75
2019-05-05_02:27:43 00440 11.584 154.800 1793.203 8.320 0.400 3.328 0.75
2019-05-05_02:27:44 00441 11.584 161.600 1871.974 8.328 0.000 0.000 0.75
2019-05-05_02:27:45 00442 11.576 170.400 1972.550 8.344 0.400 3.338 0.75
2019-05-05_02:27:46 00443 11.576 167.200 1935.507 8.352 0.400 3.341 0.75
2019-05-05_02:27:47 00444 11.576 169.200 1958.659 8.360 0.400 3.344 0.76
2019-05-05_02:27:48 00445 11.576 166.000 1921.616 8.368 0.400 3.347 0.76
2019-05-05_02:27:49 00446 11.576 168.400 1949.398 8.384 0.400 3.354 0.76
2019-05-05_02:27:50 00447 11.576 169.600 1963.290 8.400 0.400 3.360 0.76
2019-05-05_02:27:51 00448 11.576 168.000 1944.768 8.400 0.400 3.360 0.76
2019-05-05_02:27:52 00449 11.568 169.600 1961.933 8.416 0.000 0.000 0.75
2019-05-05_02:27:53 00450 11.584 162.000 1876.608 8.304 0.000 0.000 0.75
2019-05-05_02:27:54 00451 11.584 166.000 1922.944 8.320 0.000 0.000 0.75
2019-05-05_02:27:55 00452 11.592 160.400 1859.357 8.320 0.000 0.000 0.75
2019-05-05_02:27:56 00453 11.584 159.600 1848.806 8.336 0.400 3.334 0.75
2019-05-05_02:27:57 00454 11.576 164.800 1907.725 8.352 0.400 3.341 0.75
2019-05-05_02:27:58 00455 11.576 170.000 1967.920 8.360 0.400 3.344 0.76
2019-05-05_02:27:59 00456 11.576 172.000 1991.072 8.368 0.000 0.000 0.76
2019-05-05_02:28:00 00457 11.576 164.400 1903.094 8.376 0.400 3.350 0.76
2019-05-05_02:28:01 00458 11.576 171.200 1981.811 8.384 0.400 3.354 0.76
2019-05-05_02:28:02 00459 11.576 167.200 1935.507 8.400 0.000 0.000 0.76
2019-05-05_02:28:03 00460 11.584 154.000 1783.936 8.424 0.400 3.370 0.75
2019-05-05_02:28:04 00461 11.584 157.600 1825.638 8.312 0.000 0.000 0.75
2019-05-05_02:28:05 00462 11.584 164.000 1899.776 8.320 0.000 0.000 0.75
2019-05-05_02:28:06 00463 11.592 153.600 1780.531 8.328 0.400 3.331 0.75
2019-05-05_02:28:07 00464 11.584 153.200 1774.669 8.344 0.400 3.338 0.75
2019-05-05_02:28:08 00465 11.584 157.600 1825.638 8.360 0.400 3.344 0.75
2019-05-05_02:28:09 00466 11.576 164.000 1898.464 8.368 0.400 3.347 0.76
2019-05-05_02:28:10 00467 11.592 153.200 1775.894 8.376 0.400 3.350 0.76
2019-05-05_02:28:11 00468 11.584 153.200 1774.669 8.392 0.400 3.357 0.76
2019-05-05_02:28:12 00469 11.576 162.400 1879.942 8.400 0.000 0.000 0.76
2019-05-05_02:28:13 00470 11.584 153.200 1774.669 8.408 0.000 0.000 0.75
2019-05-05_02:28:14 00471 11.600 154.800 1795.680 8.304 0.000 0.000 0.75
2019-05-05_02:28:15 00472 11.584 156.800 1816.371 8.312 0.400 3.325 0.75
2019-05-05_02:28:16 00473 11.584 163.600 1895.142 8.320 0.000 0.000 0.75
2019-05-05_02:28:17 00474 11.592 153.200 1775.894 8.336 0.000 0.000 0.75
2019-05-05_02:28:18 00475 11.592 153.200 1775.894 8.352 0.400 3.341 0.75
2019-05-05_02:28:19 00476 11.584 153.200 1774.669 8.360 0.400 3.344 0.75
2019-05-05_02:28:20 00477 11.576 160.800 1861.421 8.368 0.400 3.347 0.76
2019-05-05_02:28:21 00478 11.592 164.000 1901.088 8.376 0.400 3.350 0.76
2019-05-05_02:28:22 00479 11.584 153.600 1779.302 8.384 0.000 0.000 0.76
2019-05-05_02:28:23 00480 11.584 153.200 1774.669 8.400 0.000 0.000 0.76
2019-05-05_02:28:24 00481 11.584 153.600 1779.302 8.408 0.400 3.363 0.75
2019-05-05_02:28:25 00482 11.592 158.000 1831.536 8.304 0.000 0.000 0.75
2019-05-05_02:28:26 00483 11.584 165.200 1913.677 8.312 0.000 0.000 0.75
2019-05-05_02:28:27 00484 11.592 153.600 1780.531 8.320 0.000 0.000 0.75
2019-05-05_02:28:28 00485 11.592 153.200 1775.894 8.336 0.000 0.000 0.75
2019-05-05_02:28:29 00486 11.584 160.000 1853.440 8.344 0.400 3.338 0.75
2019-05-05_02:28:30 00487 11.576 185.200 2143.875 8.352 0.000 0.000 0.75
2019-05-05_02:28:31 00488 11.592 153.600 1780.531 8.368 0.400 3.347 0.76
2019-05-05_02:28:32 00489 11.592 153.200 1775.894 8.376 0.000 0.000 0.76
2019-05-05_02:28:33 00490 11.584 153.200 1774.669 8.392 0.000 0.000 0.76
2019-05-05_02:28:34 00491 11.576 159.600 1847.530 8.400 0.400 3.360 0.76
2019-05-05_02:28:35 00492 11.576 164.400 1903.094 8.408 0.400 3.363 0.75
2019-05-05_02:28:36 00493 11.600 152.800 1772.480 8.304 0.000 0.000 0.75
2019-05-05_02:28:37 00494 11.600 154.000 1786.400 8.312 0.400 3.325 0.75
2019-05-05_02:28:38 00495 11.584 153.600 1779.302 8.320 0.000 0.000 0.75
2019-05-05_02:28:39 00496 11.584 163.200 1890.509 8.336 0.400 3.334 0.75
2019-05-05_02:28:40 00497 11.592 153.600 1780.531 8.352 0.400 3.341 0.75
2019-05-05_02:28:41 00498 11.592 153.200 1775.894 8.360 0.400 3.344 0.75
2019-05-05_02:28:42 00499 11.576 160.000 1852.160 8.368 0.400 3.347 0.76
2019-05-05_02:28:43 00500 11.592 164.800 1910.362 8.376 0.400 3.350 0.76
2019-05-05_02:28:44 00501 11.592 153.600 1780.531 8.384 0.400 3.354 0.76
2019-05-05_02:28:45 00502 11.584 154.400 1788.570 8.400 0.400 3.360 0.76
2019-05-05_02:28:46 00503 11.576 160.800 1861.421 8.408 0.400 3.363 0.75
2019-05-05_02:28:47 00504 11.592 163.600 1896.451 8.304 0.000 0.000 0.75
2019-05-05_02:28:48 00505 11.592 153.600 1780.531 8.312 0.000 0.000 0.75