2019-05-05_02:25:27 00304 11.576 162.800 1884.573 8.400 0.000 0.000 0.76
2019-05-05_02:25:28 00305 11.576 166.000 1921.616 8.416 0.400 3.366 0.75
2019-05-05_02:25:29 00306 11.584 167.200 1936.845 8.304 0.000 0.000 0.75
2019-05-05_02:25:30 00307 11.576 196.000 2268.896 8.304 0.000 0.000 0.75
2019-05-05_02:25:31 00308 11.584 170.000 1969.280 8.320 0.000 0.000 0.75
2019-05-05_02:25:32 00309 11.576 170.400 1972.550 8.336 0.000 0.000 0.75
2019-05-05_02:25:33 00310 11.584 169.200 1960.013 8.352 0.000 0.000 0.75
2019-05-05_02:25:34 00311 11.576 166.000 1921.616 8.360 0.400 3.344 0.76
2019-05-05_02:25:35 00312 11.576 170.000 1967.920 8.376 0.400 3.350 0.76
2019-05-05_02:25:36 00313 11.576 169.600 1963.290 8.376 0.000 0.000 0.76
2019-05-05_02:25:37 00314 11.576 170.000 1967.920 8.392 0.000 0.000 0.76
2019-05-05_02:25:38 00315 11.576 170.000 1967.920 8.400 0.400 3.360 0.76
2019-05-05_02:25:39 00316 11.576 168.800 1954.029 8.408 0.400 3.363 0.75
2019-05-05_02:25:40 00317 11.584 166.000 1922.944 8.304 0.400 3.322 0.75
2019-05-05_02:25:41 00318 11.584 169.600 1964.646 8.312 0.400 3.325 0.75
2019-05-05_02:25:42 00319 11.584 163.600 1895.142 8.328 0.400 3.331 0.75
2019-05-05_02:25:43 00320 11.584 165.200 1913.677 8.336 0.400 3.334 0.75
2019-05-05_02:25:44 00321 11.576 165.200 1912.355 8.352 0.400 3.341 0.75
2019-05-05_02:25:45 00322 11.576 170.000 1967.920 8.360 0.400 3.344 0.76
2019-05-05_02:25:46 00323 11.576 170.000 1967.920 8.368 0.400 3.347 0.76
2019-05-05_02:25:47 00324 11.576 167.200 1935.507 8.376 0.000 0.000 0.76
2019-05-05_02:25:48 00325 11.576 164.400 1903.094 8.392 0.000 0.000 0.76
2019-05-05_02:25:49 00326 11.576 168.000 1944.768 8.408 0.400 3.363 0.75
2019-05-05_02:25:50 00327 11.584 170.000 1969.280 8.296 0.000 0.000 0.77
2019-05-05_02:25:51 00328 11.576 169.600 1963.290 8.544 0.000 0.000 0.76
2019-05-05_02:25:52 00329 11.584 158.800 1839.539 8.400 0.000 0.000 0.76
2019-05-05_02:25:53 00330 11.576 160.000 1852.160 8.416 0.000 0.000 0.75
2019-05-05_02:25:54 00331 11.584 162.800 1885.875 8.304 0.000 0.000 0.75
2019-05-05_02:25:55 00332 11.584 164.800 1909.043 8.320 0.400 3.328 0.75
2019-05-05_02:25:56 00333 11.592 167.600 1942.819 8.328 0.000 0.000 0.75
2019-05-05_02:25:57 00334 11.584 160.400 1858.074 8.336 0.400 3.334 0.75
2019-05-05_02:25:58 00335 11.584 167.200 1936.845 8.344 0.400 3.338 0.75
2019-05-05_02:25:59 00336 11.584 166.400 1927.578 8.360 0.400 3.344 0.76
2019-05-05_02:26:00 00337 11.576 170.400 1972.550 8.368 0.400 3.347 0.76
2019-05-05_02:26:01 00338 11.576 167.600 1940.138 8.376 0.400 3.350 0.76
2019-05-05_02:26:02 00339 11.576 169.600 1963.290 8.392 0.400 3.357 0.76
2019-05-05_02:26:03 00340 11.576 169.600 1963.290 8.400 0.400 3.360 0.76
2019-05-05_02:26:04 00341 11.576 168.400 1949.398 8.408 0.000 0.000 0.75
2019-05-05_02:26:05 00342 11.584 164.400 1904.410 8.304 0.000 0.000 0.75
2019-05-05_02:26:06 00343 11.584 164.800 1909.043 8.320 0.000 0.000 0.75
2019-05-05_02:26:07 00344 11.584 166.800 1932.211 8.320 0.000 0.000 0.75
2019-05-05_02:26:08 00345 11.576 166.800 1930.877 8.336 0.400 3.334 0.75
2019-05-05_02:26:09 00346 11.576 168.800 1954.029 8.352 0.400 3.341 0.75
2019-05-05_02:26:10 00347 11.576 169.600 1963.290 8.360 0.400 3.344 0.76
2019-05-05_02:26:11 00348 11.576 170.400 1972.550 8.368 0.000 0.000 0.76
2019-05-05_02:26:12 00349 11.576 170.400 1972.550 8.384 0.400 3.354 0.76
2019-05-05_02:26:13 00350 11.576 168.000 1944.768 8.392 0.400 3.357 0.76
2019-05-05_02:26:14 00351 11.576 164.400 1903.094 8.408 0.000 0.000 0.75
2019-05-05_02:26:15 00352 11.584 169.600 1964.646 8.296 0.000 0.000 0.77
2019-05-05_02:26:16 00353 11.576 161.200 1866.051 8.544 0.000 0.000 0.76
2019-05-05_02:26:17 00354 11.576 156.000 1805.856 8.400 0.400 3.360 0.76
2019-05-05_02:26:18 00355 11.576 164.400 1903.094 8.416 0.400 3.366 0.75
2019-05-05_02:26:19 00356 11.584 165.200 1913.677 8.304 0.000 0.000 0.75
2019-05-05_02:26:20 00357 11.592 169.200 1961.366 8.320 0.400 3.328 0.75
2019-05-05_02:26:21 00358 11.584 160.800 1862.707 8.328 0.000 0.000 0.75
2019-05-05_02:26:22 00359 11.584 163.600 1895.142 8.336 0.400 3.334 0.75
2019-05-05_02:26:23 00360 11.576 165.200 1912.355 8.352 0.400 3.341 0.75
2019-05-05_02:26:24 00361 11.584 170.400 1973.914 8.360 0.400 3.344 0.76
2019-05-05_02:26:25 00362 11.592 155.600 1803.715 8.368 0.400 3.347 0.76
2019-05-05_02:26:26 00363 11.576 153.600 1778.074 8.384 0.400 3.354 0.76
2019-05-05_02:26:27 00364 11.576 163.200 1889.203 8.400 0.000 0.000 0.76
2019-05-05_02:26:28 00365 11.584 159.200 1844.173 8.408 0.000 0.000 0.75
2019-05-05_02:26:29 00366 11.592 169.600 1966.003 8.288 0.000 0.000 0.77
2019-05-05_02:26:30 00367 11.560 173.200 2002.192 8.544 0.000 0.000 0.76
2019-05-05_02:26:31 00368 11.576 163.200 1889.203 8.408 0.400 3.363 0.75
2019-05-05_02:26:32 00369 11.592 164.400 1905.725 8.304 0.000 0.000 0.75
2019-05-05_02:26:33 00370 11.592 158.400 1836.173 8.312 0.400 3.325 0.75
2019-05-05_02:26:34 00371 11.592 154.800 1794.442 8.312 0.000 0.000 0.75
2019-05-05_02:26:35 00372 11.584 156.800 1816.371 8.328 0.000 0.000 0.75
2019-05-05_02:26:36 00373 11.584 163.600 1895.142 8.344 0.400 3.338 0.75
2019-05-05_02:26:37 00374 11.584 164.800 1909.043 8.352 0.400 3.341 0.75
2019-05-05_02:26:38 00375 11.592 157.200 1822.262 8.368 0.400 3.347 0.76
2019-05-05_02:26:39 00376 11.592 154.800 1794.442 8.368 0.000 0.000 0.76
2019-05-05_02:26:40 00377 11.576 157.200 1819.747 8.376 0.400 3.350 0.76
2019-05-05_02:26:41 00378 11.576 164.800 1907.725 8.392 0.000 0.000 0.76
2019-05-05_02:26:42 00379 11.576 170.000 1967.920 8.408 0.400 3.363 0.75
2019-05-05_02:26:43 00380 11.584 168.400 1950.746 8.296 0.000 0.000 0.77
2019-05-05_02:26:44 00381 11.568 168.800 1952.678 8.536 0.000 0.000 0.76
2019-05-05_02:26:45 00382 11.576 170.000 1967.920 8.400 0.000 0.000 0.76
2019-05-05_02:26:46 00383 11.576 163.600 1893.834 8.416 0.000 0.000 0.75
2019-05-05_02:26:47 00384 11.584 168.400 1950.746 8.304 0.000 0.000 0.75
2019-05-05_02:26:48 00385 11.584 164.000 1899.776 8.312 0.000 0.000 0.75
2019-05-05_02:26:49 00386 11.584 166.400 1927.578 8.328 0.000 0.000 0.75
2019-05-05_02:26:50 00387 11.576 168.800 1954.029 8.336 0.400 3.334 0.75
2019-05-05_02:26:51 00388 11.576 170.400 1972.550 8.344 0.400 3.338 0.75
2019-05-05_02:26:52 00389 11.576 168.800 1954.029 8.360 0.000 0.000 0.76
2019-05-05_02:26:53 00390 11.576 168.400 1949.398 8.368 0.400 3.347 0.76
2019-05-05_02:26:54 00391 11.576 166.000 1921.616 8.384 0.400 3.354 0.76
2019-05-05_02:26:55 00392 11.584 169.200 1960.013 8.392 0.000 0.000 0.76
2019-05-05_02:26:56 00393 11.576 165.200 1912.355 8.400 0.400 3.360 0.76
2019-05-05_02:26:57 00394 11.576 156.400 1810.486 8.408 0.000 0.000 0.75
2019-05-05_02:26:58 00395 11.584 162.400 1881.242 8.304 0.000 0.000 0.75
2019-05-05_02:26:59 00396 11.584 165.200 1913.677 8.312 0.000 0.000 0.75
2019-05-05_02:27:00 00397 11.584 169.200 1960.013 8.328 0.400 3.331 0.75
2019-05-05_02:27:01 00398 11.584 168.800 1955.379 8.344 0.400 3.338 0.75
2019-05-05_02:27:02 00399 11.584 162.000 1876.608 8.344 0.400 3.338 0.75
2019-05-05_02:27:03 00400 11.584 164.000 1899.776 8.368 0.400 3.347 0.76
2019-05-05_02:27:04 00401 11.584 170.000 1969.280 8.376 0.400 3.350 0.76
2019-05-05_02:27:05 00402 11.576 161.600 1870.682 8.376 0.400 3.350 0.76
2019-05-05_02:27:06 00403 11.576 166.400 1926.246 8.392 0.400 3.357 0.76
2019-05-05_02:27:07 00404 11.576 168.000 1944.768 8.400 0.400 3.360 0.76