2019-05-05_21:51:08 01213 2.240 -0.800 -1.792 7.944 192.400 1528.426 0.00
2019-05-05_21:51:09 01214 2.240 -0.800 -1.792 7.944 192.000 1525.248 0.00
2019-05-05_21:51:10 01215 2.240 -0.800 -1.792 7.944 192.400 1528.426 0.00
2019-05-05_21:51:11 01216 2.240 -0.800 -1.792 7.928 192.800 1528.518 0.00
2019-05-05_21:51:12 01217 2.240 -0.800 -1.792 7.944 192.400 1528.426 0.00
2019-05-05_21:51:13 01218 2.240 -0.800 -1.792 7.944 192.000 1525.248 0.00
2019-05-05_21:51:14 01219 2.240 -0.800 -1.792 7.944 192.400 1528.426 0.00
2019-05-05_21:51:15 01220 2.240 -0.800 -1.792 7.944 192.800 1531.603 0.00
2019-05-05_21:51:16 01221 2.240 -0.800 -1.792 7.944 192.000 1525.248 0.00
2019-05-05_21:51:17 01222 2.240 -0.800 -1.792 7.936 191.600 1520.538 0.00
2019-05-05_21:51:18 01223 2.240 -0.800 -1.792 7.944 192.000 1525.248 0.00
2019-05-05_21:51:19 01224 2.240 -0.800 -1.792 7.944 191.200 1518.893 0.00
2019-05-05_21:51:20 01225 2.240 -0.800 -1.792 7.944 192.000 1525.248 0.00
2019-05-05_21:51:21 01226 2.240 -0.800 -1.792 7.944 192.000 1525.248 0.00
2019-05-05_21:51:22 01227 2.240 -0.800 -1.792 7.944 192.000 1525.248 0.00
2019-05-05_21:51:23 01228 2.240 -0.800 -1.792 7.944 192.400 1528.426 0.00
2019-05-05_21:51:24 01229 2.240 -0.800 -1.792 7.944 192.000 1525.248 0.00
2019-05-05_21:51:25 01230 2.240 -0.800 -1.792 7.944 192.000 1525.248 0.00
2019-05-05_21:51:26 01231 2.240 -0.800 -1.792 7.936 191.600 1520.538 0.00
2019-05-05_21:51:27 01232 2.240 -0.800 -1.792 7.944 192.000 1525.248 0.00
2019-05-05_21:51:28 01233 2.240 -0.800 -1.792 7.944 192.400 1528.426 0.00
2019-05-05_21:51:29 01234 2.240 -0.800 -1.792 7.936 192.000 1523.712 0.00
2019-05-05_21:51:30 01235 2.240 -0.800 -1.792 7.944 192.800 1531.603 0.00
2019-05-05_21:51:31 01236 2.240 -0.800 -1.792 7.944 192.400 1528.426 0.00
2019-05-05_21:51:32 01237 2.240 -0.800 -1.792 7.936 191.600 1520.538 0.00
2019-05-05_21:51:33 01238 2.240 -0.800 -1.792 7.944 192.400 1528.426 0.00
2019-05-05_21:51:34 01239 2.240 -0.800 -1.792 7.944 192.400 1528.426 0.00
2019-05-05_21:51:35 01240 2.240 -0.800 -1.792 7.944 192.000 1525.248 0.00
2019-05-05_21:51:36 01241 2.240 -0.400 -0.896 7.944 192.000 1525.248 0.00
2019-05-05_21:51:37 01242 2.240 -0.800 -1.792 7.944 192.400 1528.426 0.00
2019-05-05_21:51:38 01243 2.240 -0.800 -1.792 7.944 191.600 1522.070 0.00
2019-05-05_21:51:39 01244 2.240 -0.800 -1.792 7.944 193.200 1534.781 0.00
2019-05-05_21:51:40 01245 2.240 -0.800 -1.792 7.944 192.400 1528.426 0.00
2019-05-05_21:51:41 01246 2.240 -0.800 -1.792 7.944 197.200 1566.557 0.00
2019-05-05_21:51:42 01247 2.240 -0.800 -1.792 7.944 192.000 1525.248 0.00
2019-05-05_21:51:43 01248 2.240 -0.800 -1.792 7.944 192.000 1525.248 0.00
2019-05-05_21:51:44 01249 2.240 -0.800 -1.792 7.944 192.400 1528.426 0.00
2019-05-05_21:51:45 01250 2.240 -0.800 -1.792 7.944 192.400 1528.426 0.00
2019-05-05_21:51:46 01251 2.240 -0.800 -1.792 7.944 193.200 1534.781 0.00
2019-05-05_21:51:47 01252 2.240 -0.800 -1.792 7.944 192.000 1525.248 0.00
2019-05-05_21:51:48 01253 2.240 -0.800 -1.792 7.944 192.000 1525.248 0.00
2019-05-05_21:51:49 01254 2.240 -0.800 -1.792 7.936 192.000 1523.712 0.00
2019-05-05_21:51:50 01255 2.240 -0.800 -1.792 7.944 192.400 1528.426 0.00
2019-05-05_21:51:51 01256 2.240 -0.800 -1.792 7.928 216.000 1712.448 0.00
2019-05-05_21:51:52 01257 2.240 -0.800 -1.792 7.928 192.000 1522.176 0.00
2019-05-05_21:51:53 01258 2.240 -0.800 -1.792 7.944 192.400 1528.426 0.00
2019-05-05_21:51:54 01259 2.240 -0.800 -1.792 7.944 192.000 1525.248 0.00
2019-05-05_21:51:55 01260 2.240 -0.800 -1.792 7.944 192.000 1525.248 0.00
2019-05-05_21:51:56 01261 2.240 -0.800 -1.792 7.944 192.400 1528.426 0.00
2019-05-05_21:51:57 01262 2.240 -0.800 -1.792 7.944 192.400 1528.426 0.00
2019-05-05_21:51:58 01263 2.240 -0.800 -1.792 7.944 192.800 1531.603 0.00
2019-05-05_21:51:59 01264 2.240 -0.800 -1.792 7.944 192.400 1528.426 0.00
2019-05-05_21:52:00 01265 2.240 -0.800 -1.792 7.944 192.800 1531.603 0.00
2019-05-05_21:52:01 01266 2.240 -0.800 -1.792 7.936 192.000 1523.712 0.00
2019-05-05_21:52:02 01267 2.240 -0.800 -1.792 7.944 191.600 1522.070 0.00
2019-05-05_21:52:03 01268 2.240 -0.800 -1.792 7.944 192.000 1525.248 0.00
2019-05-05_21:52:04 01269 2.240 -0.800 -1.792 7.944 192.000 1525.248 0.00
2019-05-05_21:52:05 01270 2.240 -0.800 -1.792 7.944 192.400 1528.426 0.00
2019-05-05_21:52:06 01271 2.240 -0.800 -1.792 7.944 192.800 1531.603 0.00
2019-05-05_21:52:07 01272 2.240 -0.800 -1.792 7.944 192.000 1525.248 0.00
2019-05-05_21:52:08 01273 2.240 -0.800 -1.792 7.944 192.000 1525.248 0.00
2019-05-05_21:52:09 01274 2.240 -0.800 -1.792 7.944 192.000 1525.248 0.00
2019-05-05_21:52:10 01275 2.240 -0.800 -1.792 7.944 192.000 1525.248 0.00
2019-05-05_21:52:11 01276 2.240 -0.800 -1.792 7.944 192.000 1525.248 0.00
2019-05-05_21:52:12 01277 2.240 -0.800 -1.792 7.944 200.800 1595.155 0.00
2019-05-05_21:52:13 01278 2.240 -0.800 -1.792 7.944 192.000 1525.248 0.00
2019-05-05_21:52:14 01279 2.240 -0.800 -1.792 7.944 192.400 1528.426 0.00
2019-05-05_21:52:15 01280 2.240 -0.800 -1.792 7.944 192.400 1528.426 0.00
2019-05-05_21:52:16 01281 2.240 -0.800 -1.792 7.928 192.000 1522.176 0.00
2019-05-05_21:52:17 01282 2.240 -0.800 -1.792 7.944 193.600 1537.958 0.00
2019-05-05_21:52:18 01283 2.240 -0.800 -1.792 7.944 193.200 1534.781 0.00
2019-05-05_21:52:19 01284 2.240 -0.800 -1.792 7.936 192.400 1526.886 0.00
2019-05-05_21:52:20 01285 2.240 -0.800 -1.792 7.944 192.000 1525.248 0.00
2019-05-05_21:52:21 01286 2.240 -0.800 -1.792 7.928 216.400 1715.619 0.00
2019-05-05_21:52:22 01287 2.240 -0.800 -1.792 7.944 192.000 1525.248 0.00
2019-05-05_21:52:23 01288 2.240 -0.800 -1.792 7.944 192.400 1528.426 0.00
2019-05-05_21:52:24 01289 2.240 -0.800 -1.792 7.944 192.000 1525.248 0.00
2019-05-05_21:52:25 01290 2.240 -0.800 -1.792 7.944 192.000 1525.248 0.00
2019-05-05_21:52:26 01291 2.240 -0.800 -1.792 7.944 192.000 1525.248 0.00
2019-05-05_21:52:27 01292 2.240 -0.800 -1.792 7.944 191.600 1522.070 0.00
2019-05-05_21:52:28 01293 2.240 -0.800 -1.792 7.944 192.800 1531.603 0.00
2019-05-05_21:52:29 01294 2.240 -0.800 -1.792 7.944 192.000 1525.248 0.00
2019-05-05_21:52:30 01295 2.240 -0.800 -1.792 7.936 192.400 1526.886 0.00
2019-05-05_21:52:31 01296 2.240 -0.800 -1.792 7.944 204.000 1620.576 0.00
2019-05-05_21:52:32 01297 2.240 -0.800 -1.792 7.944 192.400 1528.426 0.00
2019-05-05_21:52:33 01298 2.240 -0.800 -1.792 7.944 191.600 1522.070 0.00
2019-05-05_21:52:34 01299 2.240 -0.800 -1.792 7.944 192.400 1528.426 0.00
2019-05-05_21:52:35 01300 2.240 -0.800 -1.792 7.944 192.800 1531.603 0.00
2019-05-05_21:52:36 01301 2.240 -0.800 -1.792 7.944 192.800 1531.603 0.00
2019-05-05_21:52:37 01302 2.240 -0.800 -1.792 7.944 192.400 1528.426 0.00
2019-05-05_21:52:38 01303 2.240 -0.800 -1.792 7.936 192.000 1523.712 0.00
2019-05-05_21:52:39 01304 2.240 -0.800 -1.792 7.944 192.000 1525.248 0.00
2019-05-05_21:52:40 01305 2.240 -0.800 -1.792 7.944 192.400 1528.426 0.00
2019-05-05_21:52:41 01306 2.240 -0.800 -1.792 7.936 191.200 1517.363 0.00
2019-05-05_21:52:42 01307 2.240 -0.800 -1.792 7.944 192.800 1531.603 0.00
2019-05-05_21:52:43 01308 2.240 -0.800 -1.792 7.944 192.000 1525.248 0.00
2019-05-05_21:52:44 01309 2.240 -0.800 -1.792 7.944 192.400 1528.426 0.00
2019-05-05_21:52:45 01310 2.240 -0.800 -1.792 7.944 200.000 1588.800 0.00
2019-05-05_21:52:46 01311 2.240 -0.800 -1.792 7.944 192.400 1528.426 0.00
2019-05-05_21:52:47 01312 2.240 -0.800 -1.792 7.944 193.200 1534.781 0.00
2019-05-05_21:52:48 01313 2.240 -0.800 -1.792 7.936 192.800 1530.061 0.00