2019-05-05_22:07:59 02223 2.240 -0.800 -1.792 7.912 192.800 1525.434 0.00
2019-05-05_22:08:00 02224 2.240 -0.800 -1.792 7.912 200.800 1588.730 0.00
2019-05-05_22:08:01 02225 2.240 -0.800 -1.792 7.912 193.200 1528.598 0.00
2019-05-05_22:08:02 02226 2.240 -0.800 -1.792 7.912 194.000 1534.928 0.00
2019-05-05_22:08:03 02227 2.240 -0.800 -1.792 7.912 192.800 1525.434 0.00
2019-05-05_22:08:04 02228 2.240 -0.800 -1.792 7.912 192.800 1525.434 0.00
2019-05-05_22:08:05 02229 2.240 -0.800 -1.792 7.912 193.600 1531.763 0.00
2019-05-05_22:08:06 02230 2.240 -0.800 -1.792 7.912 192.800 1525.434 0.00
2019-05-05_22:08:07 02231 2.240 -0.800 -1.792 7.896 193.600 1528.666 0.00
2019-05-05_22:08:08 02232 2.240 -0.800 -1.792 7.912 192.400 1522.269 0.00
2019-05-05_22:08:09 02233 2.240 -0.800 -1.792 7.912 193.600 1531.763 0.00
2019-05-05_22:08:10 02234 2.240 -0.800 -1.792 7.912 199.600 1579.235 0.00
2019-05-05_22:08:11 02235 2.240 -0.800 -1.792 7.912 192.800 1525.434 0.00
2019-05-05_22:08:12 02236 2.240 -0.800 -1.792 7.912 192.800 1525.434 0.00
2019-05-05_22:08:13 02237 2.240 -0.800 -1.792 7.912 192.800 1525.434 0.00
2019-05-05_22:08:14 02238 2.240 -0.800 -1.792 7.912 196.400 1553.917 0.00
2019-05-05_22:08:15 02239 2.240 -0.800 -1.792 7.912 192.800 1525.434 0.00
2019-05-05_22:08:16 02240 2.240 -0.400 -0.896 7.912 192.800 1525.434 0.00
2019-05-05_22:08:17 02241 2.240 -0.800 -1.792 7.904 192.800 1523.891 0.00
2019-05-05_22:08:18 02242 2.240 -0.800 -1.792 7.912 192.400 1522.269 0.00
2019-05-05_22:08:19 02243 2.240 -0.800 -1.792 7.912 192.800 1525.434 0.00
2019-05-05_22:08:20 02244 2.240 -0.800 -1.792 7.904 193.200 1527.053 0.00
2019-05-05_22:08:21 02245 2.240 -0.800 -1.792 7.912 192.800 1525.434 0.00
2019-05-05_22:08:22 02246 2.240 -0.800 -1.792 7.912 194.400 1538.093 0.00
2019-05-05_22:08:23 02247 2.240 -0.800 -1.792 7.912 194.000 1534.928 0.00
2019-05-05_22:08:24 02248 2.240 -0.800 -1.792 7.912 193.200 1528.598 0.00
2019-05-05_22:08:25 02249 2.240 -0.800 -1.792 7.912 202.000 1598.224 0.00
2019-05-05_22:08:26 02250 2.240 -0.800 -1.792 7.912 193.200 1528.598 0.00
2019-05-05_22:08:27 02251 2.240 -0.800 -1.792 7.912 193.200 1528.598 0.00
2019-05-05_22:08:28 02252 2.240 -0.800 -1.792 7.912 195.600 1547.587 0.00
2019-05-05_22:08:29 02253 2.240 -0.800 -1.792 7.888 217.200 1713.274 0.00
2019-05-05_22:08:30 02254 2.240 -0.800 -1.792 7.912 193.600 1531.763 0.00
2019-05-05_22:08:31 02255 2.240 -0.800 -1.792 7.912 193.600 1531.763 0.00
2019-05-05_22:08:32 02256 2.240 -0.800 -1.792 7.912 192.800 1525.434 0.00
2019-05-05_22:08:33 02257 2.240 -0.800 -1.792 7.912 192.800 1525.434 0.00
2019-05-05_22:08:34 02258 2.240 -0.800 -1.792 7.912 193.200 1528.598 0.00
2019-05-05_22:08:35 02259 2.240 -0.800 -1.792 7.912 192.800 1525.434 0.00
2019-05-05_22:08:36 02260 2.240 -0.800 -1.792 7.912 192.400 1522.269 0.00
2019-05-05_22:08:37 02261 2.240 -0.800 -1.792 7.912 192.800 1525.434 0.00
2019-05-05_22:08:38 02262 2.240 -0.800 -1.792 7.912 200.000 1582.400 0.00
2019-05-05_22:08:39 02263 2.240 -0.800 -1.792 7.912 192.800 1525.434 0.00
2019-05-05_22:08:40 02264 2.240 -0.800 -1.792 7.912 193.200 1528.598 0.00
2019-05-05_22:08:41 02265 2.240 -0.800 -1.792 7.904 192.400 1520.730 0.00
2019-05-05_22:08:42 02266 2.240 -0.800 -1.792 7.912 192.800 1525.434 0.00
2019-05-05_22:08:43 02267 2.240 -0.800 -1.792 7.912 192.400 1522.269 0.00
2019-05-05_22:08:44 02268 2.240 -0.800 -1.792 7.912 192.800 1525.434 0.00
2019-05-05_22:08:45 02269 2.240 -0.800 -1.792 7.912 204.000 1614.048 0.00
2019-05-05_22:08:46 02270 2.240 -0.800 -1.792 7.912 192.000 1519.104 0.00
2019-05-05_22:08:47 02271 2.240 -0.800 -1.792 7.912 192.800 1525.434 0.00
2019-05-05_22:08:48 02272 2.240 -0.800 -1.792 7.896 193.200 1525.507 0.00
2019-05-05_22:08:49 02273 2.240 -0.800 -1.792 7.912 192.400 1522.269 0.00
2019-05-05_22:08:50 02274 2.240 -0.800 -1.792 7.912 192.400 1522.269 0.00
2019-05-05_22:08:51 02275 2.240 -0.800 -1.792 7.912 193.200 1528.598 0.00
2019-05-05_22:08:52 02276 2.240 -0.800 -1.792 7.904 192.000 1517.568 0.00
2019-05-05_22:08:53 02277 2.240 -0.800 -1.792 7.912 193.200 1528.598 0.00
2019-05-05_22:08:54 02278 2.240 -0.800 -1.792 7.912 192.800 1525.434 0.00
2019-05-05_22:08:55 02279 2.240 -0.800 -1.792 7.912 193.200 1528.598 0.00
2019-05-05_22:08:56 02280 2.240 -0.800 -1.792 7.904 193.200 1527.053 0.00
2019-05-05_22:08:57 02281 2.240 -0.800 -1.792 7.912 192.800 1525.434 0.00
2019-05-05_22:08:58 02282 2.240 -0.800 -1.792 7.912 193.200 1528.598 0.00
2019-05-05_22:08:59 02283 2.240 -0.800 -1.792 7.896 216.800 1711.853 0.00
2019-05-05_22:09:00 02284 2.240 -0.800 -1.792 7.912 193.200 1528.598 0.00
2019-05-05_22:09:01 02285 2.240 -0.800 -1.792 7.912 192.800 1525.434 0.00
2019-05-05_22:09:02 02286 2.240 -0.800 -1.792 7.912 192.800 1525.434 0.00
2019-05-05_22:09:03 02287 2.240 -0.800 -1.792 7.912 198.800 1572.906 0.00
2019-05-05_22:09:04 02288 2.240 -0.800 -1.792 7.912 193.200 1528.598 0.00
2019-05-05_22:09:05 02289 2.240 -0.800 -1.792 7.912 192.800 1525.434 0.00
2019-05-05_22:09:06 02290 2.240 -0.800 -1.792 7.912 193.200 1528.598 0.00
2019-05-05_22:09:07 02291 2.240 -0.800 -1.792 7.912 192.800 1525.434 0.00
2019-05-05_22:09:08 02292 2.240 -0.800 -1.792 7.912 192.800 1525.434 0.00
2019-05-05_22:09:09 02293 2.240 -0.800 -1.792 7.912 193.600 1531.763 0.00
2019-05-05_22:09:10 02294 2.240 -0.800 -1.792 7.912 193.600 1531.763 0.00
2019-05-05_22:09:11 02295 2.240 -0.800 -1.792 7.912 198.000 1566.576 0.00
2019-05-05_22:09:12 02296 2.240 -0.800 -1.792 7.912 192.400 1522.269 0.00
2019-05-05_22:09:13 02297 2.240 -0.800 -1.792 7.912 192.400 1522.269 0.00
2019-05-05_22:09:14 02298 2.240 -0.800 -1.792 7.912 192.800 1525.434 0.00
2019-05-05_22:09:15 02299 2.240 -0.800 -1.792 7.912 193.200 1528.598 0.00
2019-05-05_22:09:16 02300 2.240 -0.800 -1.792 7.912 192.800 1525.434 0.00
2019-05-05_22:09:17 02301 2.240 -0.800 -1.792 7.896 193.600 1528.666 0.00
2019-05-05_22:09:18 02302 2.240 -0.800 -1.792 7.912 192.800 1525.434 0.00
2019-05-05_22:09:19 02303 2.240 -0.800 -1.792 7.912 193.200 1528.598 0.00
2019-05-05_22:09:20 02304 2.240 -0.800 -1.792 7.904 192.800 1523.891 0.00
2019-05-05_22:09:21 02305 2.240 -0.800 -1.792 7.912 203.200 1607.718 0.00
2019-05-05_22:09:22 02306 2.240 -0.800 -1.792 7.912 192.800 1525.434 0.00
2019-05-05_22:09:23 02307 2.240 -0.800 -1.792 7.912 193.200 1528.598 0.00
2019-05-05_22:09:24 02308 2.240 -0.800 -1.792 7.912 193.200 1528.598 0.00
2019-05-05_22:09:25 02309 2.240 -0.800 -1.792 7.896 192.800 1522.349 0.00
2019-05-05_22:09:26 02310 2.240 -0.800 -1.792 7.912 192.400 1522.269 0.00
2019-05-05_22:09:27 02311 2.240 -0.800 -1.792 7.912 192.800 1525.434 0.00
2019-05-05_22:09:28 02312 2.240 -0.800 -1.792 7.912 194.000 1534.928 0.00
2019-05-05_22:09:29 02313 2.240 -0.800 -1.792 7.888 221.200 1744.826 0.00
2019-05-05_22:09:30 02314 2.240 -0.400 -0.896 7.912 193.600 1531.763 0.00
2019-05-05_22:09:31 02315 2.240 -0.800 -1.792 7.912 193.200 1528.598 0.00
2019-05-05_22:09:32 02316 2.240 -0.800 -1.792 7.912 193.200 1528.598 0.00
2019-05-05_22:09:33 02317 2.240 -0.800 -1.792 7.912 192.800 1525.434 0.00
2019-05-05_22:09:34 02318 2.240 -0.800 -1.792 7.912 192.800 1525.434 0.00
2019-05-05_22:09:35 02319 2.240 -0.800 -1.792 7.912 193.200 1528.598 0.00
2019-05-05_22:09:36 02320 2.240 -0.800 -1.792 7.912 192.800 1525.434 0.00
2019-05-05_22:09:37 02321 2.240 -0.800 -1.792 7.912 195.200 1544.422 0.00
2019-05-05_22:09:38 02322 2.240 -0.800 -1.792 7.912 193.200 1528.598 0.00
2019-05-05_22:09:39 02323 2.240 -0.800 -1.792 7.904 192.800 1523.891 0.00