2019-05-05_21:42:43 00708 2.240 -0.800 -1.792 7.960 192.000 1528.320 0.00
2019-05-05_21:42:44 00709 2.240 -0.800 -1.792 7.960 191.600 1525.136 0.00
2019-05-05_21:42:45 00710 2.240 -0.800 -1.792 7.944 191.600 1522.070 0.00
2019-05-05_21:42:46 00711 2.240 -0.800 -1.792 7.960 191.600 1525.136 0.00
2019-05-05_21:42:47 00712 2.240 -0.800 -1.792 7.960 191.600 1525.136 0.00
2019-05-05_21:42:48 00713 2.240 -0.800 -1.792 7.960 192.400 1531.504 0.00
2019-05-05_21:42:49 00714 2.240 -0.800 -1.792 7.960 196.000 1560.160 0.00
2019-05-05_21:42:50 00715 2.240 -0.800 -1.792 7.960 193.600 1541.056 0.00
2019-05-05_21:42:51 00716 2.240 -0.800 -1.792 7.960 192.400 1531.504 0.00
2019-05-05_21:42:52 00717 2.240 -0.800 -1.792 7.952 192.000 1526.784 0.00
2019-05-05_21:42:53 00718 2.240 -0.800 -1.792 7.960 192.000 1528.320 0.00
2019-05-05_21:42:54 00719 2.240 -0.800 -1.792 7.960 192.000 1528.320 0.00
2019-05-05_21:42:55 00720 2.240 -0.800 -1.792 7.960 192.000 1528.320 0.00
2019-05-05_21:42:56 00721 2.240 -0.800 -1.792 7.960 195.600 1556.976 0.00
2019-05-05_21:42:57 00722 2.240 -0.800 -1.792 7.960 191.600 1525.136 0.00
2019-05-05_21:42:58 00723 2.240 -0.800 -1.792 7.960 192.000 1528.320 0.00
2019-05-05_21:42:59 00724 2.240 -0.800 -1.792 7.952 191.600 1523.603 0.00
2019-05-05_21:43:00 00725 2.240 -0.800 -1.792 7.960 192.000 1528.320 0.00
2019-05-05_21:43:01 00726 2.240 -0.800 -1.792 7.960 192.400 1531.504 0.00
2019-05-05_21:43:02 00727 2.240 -0.800 -1.792 7.960 192.000 1528.320 0.00
2019-05-05_21:43:03 00728 2.240 -0.800 -1.792 7.952 191.600 1523.603 0.00
2019-05-05_21:43:04 00729 2.240 -0.800 -1.792 7.960 192.000 1528.320 0.00
2019-05-05_21:43:05 00730 2.240 -0.800 -1.792 7.960 191.600 1525.136 0.00
2019-05-05_21:43:06 00731 2.240 -0.800 -1.792 7.960 192.000 1528.320 0.00
2019-05-05_21:43:07 00732 2.240 -0.800 -1.792 7.944 193.200 1534.781 0.00
2019-05-05_21:43:08 00733 2.240 -0.800 -1.792 7.960 191.200 1521.952 0.00
2019-05-05_21:43:09 00734 2.240 -0.800 -1.792 7.960 192.000 1528.320 0.00
2019-05-05_21:43:10 00735 2.240 -0.800 -1.792 7.960 191.600 1525.136 0.00
2019-05-05_21:43:11 00736 2.240 -0.800 -1.792 7.960 192.000 1528.320 0.00
2019-05-05_21:43:12 00737 2.240 -0.800 -1.792 7.960 192.400 1531.504 0.00
2019-05-05_21:43:13 00738 2.240 -0.800 -1.792 7.960 192.000 1528.320 0.00
2019-05-05_21:43:14 00739 2.240 -0.400 -0.896 7.944 192.400 1528.426 0.00
2019-05-05_21:43:15 00740 2.240 -0.800 -1.792 7.960 192.000 1528.320 0.00
2019-05-05_21:43:16 00741 2.240 -0.800 -1.792 7.960 191.600 1525.136 0.00
2019-05-05_21:43:17 00742 2.240 -0.800 -1.792 7.952 192.000 1526.784 0.00
2019-05-05_21:43:18 00743 2.240 -0.800 -1.792 7.960 192.000 1528.320 0.00
2019-05-05_21:43:19 00744 2.240 -0.800 -1.792 7.960 192.000 1528.320 0.00
2019-05-05_21:43:20 00745 2.240 -0.800 -1.792 7.960 192.000 1528.320 0.00
2019-05-05_21:43:21 00746 2.240 -0.800 -1.792 7.944 192.400 1528.426 0.00
2019-05-05_21:43:22 00747 2.240 -0.800 -1.792 7.960 192.000 1528.320 0.00
2019-05-05_21:43:23 00748 2.240 -0.800 -1.792 7.960 192.000 1528.320 0.00
2019-05-05_21:43:24 00749 2.240 -0.800 -1.792 7.944 192.000 1525.248 0.00
2019-05-05_21:43:25 00750 2.240 -0.800 -1.792 7.960 191.200 1521.952 0.00
2019-05-05_21:43:26 00751 2.240 -0.800 -1.792 7.960 192.400 1531.504 0.00
2019-05-05_21:43:27 00752 2.240 -0.800 -1.792 7.944 215.200 1709.549 0.00
2019-05-05_21:43:28 00753 2.240 -0.800 -1.792 7.960 192.000 1528.320 0.00
2019-05-05_21:43:29 00754 2.240 -0.800 -1.792 7.960 192.000 1528.320 0.00
2019-05-05_21:43:30 00755 2.240 -0.800 -1.792 7.960 191.600 1525.136 0.00
2019-05-05_21:43:31 00756 2.240 -0.800 -1.792 7.960 203.200 1617.472 0.00
2019-05-05_21:43:32 00757 2.240 -0.800 -1.792 7.960 192.400 1531.504 0.00
2019-05-05_21:43:33 00758 2.240 -0.800 -1.792 7.960 193.200 1537.872 0.00
2019-05-05_21:43:34 00759 2.240 -0.800 -1.792 7.952 191.600 1523.603 0.00
2019-05-05_21:43:35 00760 2.240 -0.800 -1.792 7.960 192.800 1534.688 0.00
2019-05-05_21:43:36 00761 2.240 -0.800 -1.792 7.960 192.000 1528.320 0.00
2019-05-05_21:43:37 00762 2.240 -0.800 -1.792 7.960 192.000 1528.320 0.00
2019-05-05_21:43:38 00763 2.240 -0.800 -1.792 7.960 194.800 1550.608 0.00
2019-05-05_21:43:39 00764 2.240 -0.800 -1.792 7.960 192.400 1531.504 0.00
2019-05-05_21:43:40 00765 2.240 -0.800 -1.792 7.960 191.600 1525.136 0.00
2019-05-05_21:43:41 00766 2.240 -0.800 -1.792 7.960 191.600 1525.136 0.00
2019-05-05_21:43:42 00767 2.240 -0.800 -1.792 7.960 203.200 1617.472 0.00
2019-05-05_21:43:43 00768 2.240 -0.800 -1.792 7.960 192.000 1528.320 0.00
2019-05-05_21:43:44 00769 2.240 -0.800 -1.792 7.960 192.000 1528.320 0.00
2019-05-05_21:43:45 00770 2.240 -0.800 -1.792 7.960 192.800 1534.688 0.00
2019-05-05_21:43:46 00771 2.240 -0.800 -1.792 7.960 192.000 1528.320 0.00
2019-05-05_21:43:47 00772 2.240 -0.800 -1.792 7.936 225.600 1790.362 0.00
2019-05-05_21:43:48 00773 2.240 -0.800 -1.792 7.960 192.000 1528.320 0.00
2019-05-05_21:43:49 00774 2.240 -0.800 -1.792 7.960 191.600 1525.136 0.00
2019-05-05_21:43:50 00775 2.240 -0.800 -1.792 7.960 193.200 1537.872 0.00
2019-05-05_21:43:51 00776 2.240 -0.800 -1.792 7.960 192.000 1528.320 0.00
2019-05-05_21:43:52 00777 2.240 -0.800 -1.792 7.960 192.400 1531.504 0.00
2019-05-05_21:43:53 00778 2.240 -0.800 -1.792 7.960 192.000 1528.320 0.00
2019-05-05_21:43:54 00779 2.240 -0.800 -1.792 7.960 192.000 1528.320 0.00
2019-05-05_21:43:55 00780 2.240 -0.800 -1.792 7.960 198.000 1576.080 0.00
2019-05-05_21:43:56 00781 2.240 -0.800 -1.792 7.960 192.400 1531.504 0.00
2019-05-05_21:43:57 00782 2.240 -0.800 -1.792 7.960 192.000 1528.320 0.00
2019-05-05_21:43:58 00783 2.240 -0.400 -0.896 7.960 192.400 1531.504 0.00
2019-05-05_21:43:59 00784 2.240 -0.800 -1.792 7.960 192.400 1531.504 0.00
2019-05-05_21:44:00 00785 2.240 -0.800 -1.792 7.960 192.000 1528.320 0.00
2019-05-05_21:44:01 00786 2.240 -0.800 -1.792 7.960 192.400 1531.504 0.00
2019-05-05_21:44:02 00787 2.240 -0.800 -1.792 7.960 191.600 1525.136 0.00
2019-05-05_21:44:03 00788 2.240 -0.800 -1.792 7.960 193.200 1537.872 0.00
2019-05-05_21:44:04 00789 2.240 -0.800 -1.792 7.960 192.000 1528.320 0.00
2019-05-05_21:44:05 00790 2.240 -0.800 -1.792 7.960 192.800 1534.688 0.00
2019-05-05_21:44:06 00791 2.240 -0.800 -1.792 7.960 192.400 1531.504 0.00
2019-05-05_21:44:07 00792 2.240 -0.800 -1.792 7.960 192.000 1528.320 0.00
2019-05-05_21:44:08 00793 2.240 -0.800 -1.792 7.960 192.000 1528.320 0.00
2019-05-05_21:44:09 00794 2.240 -0.800 -1.792 7.944 192.800 1531.603 0.00
2019-05-05_21:44:10 00795 2.240 -0.800 -1.792 7.960 192.000 1528.320 0.00
2019-05-05_21:44:11 00796 2.240 -0.400 -0.896 7.960 194.800 1550.608 0.00
2019-05-05_21:44:12 00797 2.240 -0.800 -1.792 7.944 191.600 1522.070 0.00
2019-05-05_21:44:13 00798 2.240 -0.800 -1.792 7.960 192.400 1531.504 0.00
2019-05-05_21:44:14 00799 2.240 -0.800 -1.792 7.960 191.200 1521.952 0.00
2019-05-05_21:44:15 00800 2.240 -0.800 -1.792 7.960 191.600 1525.136 0.00
2019-05-05_21:44:16 00801 2.240 -0.800 -1.792 7.960 192.400 1531.504 0.00
2019-05-05_21:44:17 00802 2.240 -0.800 -1.792 7.952 220.400 1752.621 0.00
2019-05-05_21:44:18 00803 2.240 -0.800 -1.792 7.960 198.400 1579.264 0.00
2019-05-05_21:44:19 00804 2.240 -0.800 -1.792 7.960 196.800 1566.528 0.00
2019-05-05_21:44:20 00805 2.240 -0.800 -1.792 7.952 192.400 1529.965 0.00
2019-05-05_21:44:21 00806 2.240 -0.800 -1.792 7.960 191.600 1525.136 0.00
2019-05-05_21:44:22 00807 2.240 -0.800 -1.792 7.960 192.000 1528.320 0.00
2019-05-05_21:44:23 00808 2.240 -0.800 -1.792 7.960 191.200 1521.952 0.00