2019-05-05_23:18:46 06465 11.352 420.800 4776.922 8.392 -352.400 -2957.341 0.82
2019-05-05_23:18:47 06466 11.344 426.800 4841.619 8.400 -358.400 -3010.560 0.82
2019-05-05_23:18:48 06467 11.336 437.600 4960.634 8.400 -364.400 -3060.960 0.82
2019-05-05_23:18:49 06468 11.344 436.000 4945.984 8.416 -370.800 -3120.653 0.81
2019-05-05_23:18:50 06469 11.376 384.800 4377.485 8.352 -306.400 -2559.053 0.81
2019-05-05_23:18:51 06470 11.368 389.200 4424.426 8.360 -312.800 -2615.008 0.82
2019-05-05_23:18:52 06471 11.368 401.200 4560.842 8.368 -318.400 -2664.371 0.82
2019-05-05_23:18:53 06472 11.368 400.800 4556.294 8.368 -327.600 -2741.357 0.82
2019-05-05_23:18:54 06473 11.360 405.600 4607.616 8.376 -333.600 -2794.234 0.82
2019-05-05_23:18:55 06474 11.352 418.400 4749.677 8.384 -339.600 -2847.206 0.82
2019-05-05_23:18:56 06475 11.352 416.800 4731.514 8.384 -345.600 -2897.510 0.82
2019-05-05_23:18:57 06476 11.352 420.800 4776.922 8.392 -350.800 -2943.914 0.82
2019-05-05_23:18:58 06477 11.352 426.000 4835.952 8.400 -358.400 -3010.560 0.82
2019-05-05_23:18:59 06478 11.336 434.400 4924.358 8.400 -364.400 -3060.960 0.82
2019-05-05_23:19:00 06479 11.336 438.800 4974.237 8.408 -370.400 -3114.323 0.81
2019-05-05_23:19:01 06480 11.368 396.000 4501.728 8.352 -300.400 -2508.941 0.81
2019-05-05_23:19:02 06481 11.352 423.200 4804.166 8.352 -294.800 -2462.170 0.82
2019-05-05_23:19:03 06482 11.352 424.400 4817.789 8.360 -300.400 -2511.344 0.82
2019-05-05_23:19:04 06483 11.344 431.600 4896.070 8.368 -308.000 -2577.344 0.82
2019-05-05_23:19:05 06484 11.344 438.800 4977.747 8.376 -314.400 -2633.414 0.82
2019-05-05_23:19:06 06485 11.336 441.600 5005.978 8.376 -321.600 -2693.722 0.82
2019-05-05_23:19:07 06486 11.336 447.600 5073.994 8.376 -326.800 -2737.277 0.82
2019-05-05_23:19:08 06487 11.328 453.200 5133.850 8.384 -332.800 -2790.195 0.82
2019-05-05_23:19:09 06488 11.328 456.800 5174.630 8.392 -340.800 -2859.994 0.82
2019-05-05_23:19:10 06489 11.328 460.800 5219.942 8.400 -347.200 -2916.480 0.82
2019-05-05_23:19:11 06490 11.320 466.000 5275.120 8.400 -351.600 -2953.440 0.82
2019-05-05_23:19:12 06491 11.320 473.200 5356.624 8.416 -359.600 -3026.394 0.81
2019-05-05_23:19:13 06492 11.352 421.200 4781.462 8.352 -294.800 -2462.170 0.82
2019-05-05_23:19:14 06493 11.352 426.400 4840.493 8.360 -300.800 -2514.688 0.82
2019-05-05_23:19:15 06494 11.344 434.000 4923.296 8.368 -309.600 -2590.733 0.82
2019-05-05_23:19:16 06495 11.344 438.000 4968.672 8.368 -315.600 -2640.941 0.82
2019-05-05_23:19:17 06496 11.336 443.600 5028.650 8.376 -322.400 -2700.422 0.82
2019-05-05_23:19:18 06497 11.336 447.200 5069.459 8.384 -327.200 -2743.245 0.82
2019-05-05_23:19:19 06498 11.328 452.400 5124.787 8.384 -333.200 -2793.549 0.82
2019-05-05_23:19:20 06499 11.328 458.800 5197.286 8.392 -340.800 -2859.994 0.82
2019-05-05_23:19:21 06500 11.328 461.600 5229.005 8.400 -344.800 -2896.320 0.82
2019-05-05_23:19:22 06501 11.320 468.400 5302.288 8.408 -351.200 -2952.890 0.81
2019-05-05_23:19:23 06502 11.360 419.600 4766.656 8.352 -288.000 -2405.376 0.81
2019-05-05_23:19:24 06503 11.352 423.600 4808.707 8.352 -295.200 -2465.510 0.82
2019-05-05_23:19:25 06504 11.352 425.600 4831.411 8.360 -300.400 -2511.344 0.82
2019-05-05_23:19:26 06505 11.344 434.800 4932.371 8.368 -311.600 -2607.469 0.82
2019-05-05_23:19:27 06506 11.344 438.000 4968.672 8.368 -317.200 -2654.330 0.82
2019-05-05_23:19:28 06507 11.336 439.600 4983.306 8.376 -326.400 -2733.926 0.82
2019-05-05_23:19:29 06508 11.336 441.600 5005.978 8.384 -327.200 -2743.245 0.82
2019-05-05_23:19:30 06509 11.336 448.800 5087.597 8.384 -334.000 -2800.256 0.82
2019-05-05_23:19:31 06510 11.328 461.200 5224.474 8.392 -339.600 -2849.923 0.82
2019-05-05_23:19:32 06511 11.328 460.400 5215.411 8.400 -350.000 -2940.000 0.82
2019-05-05_23:19:33 06512 11.328 466.400 5283.379 8.408 -357.200 -3003.338 0.81
2019-05-05_23:19:34 06513 11.360 411.600 4675.776 8.352 -289.600 -2418.739 0.81
2019-05-05_23:19:35 06514 11.360 421.600 4789.376 8.360 -300.400 -2511.344 0.82
2019-05-05_23:19:36 06515 11.352 421.200 4781.462 8.360 -306.400 -2561.504 0.82
2019-05-05_23:19:37 06516 11.344 426.400 4837.082 8.368 -308.400 -2580.691 0.82
2019-05-05_23:19:38 06517 11.344 438.000 4968.672 8.376 -315.200 -2640.115 0.82
2019-05-05_23:19:39 06518 11.336 440.400 4992.374 8.376 -320.400 -2683.670 0.82
2019-05-05_23:19:40 06519 11.336 447.600 5073.994 8.384 -332.400 -2786.842 0.82
2019-05-05_23:19:41 06520 11.328 452.000 5120.256 8.384 -335.600 -2813.670 0.82
2019-05-05_23:19:42 06521 11.328 455.600 5161.037 8.392 -339.200 -2846.566 0.82
2019-05-05_23:19:43 06522 11.320 456.800 5170.976 8.400 -345.600 -2903.040 0.82
2019-05-05_23:19:44 06523 11.328 465.200 5269.786 8.408 -351.200 -2952.890 0.81
2019-05-05_23:19:45 06524 11.360 415.600 4721.216 8.352 -287.600 -2402.035 0.81
2019-05-05_23:19:46 06525 11.360 420.400 4775.744 8.352 -294.800 -2462.170 0.82
2019-05-05_23:19:47 06526 11.352 419.200 4758.758 8.360 -300.400 -2511.344 0.82
2019-05-05_23:19:48 06527 11.344 434.800 4932.371 8.368 -309.600 -2590.733 0.82
2019-05-05_23:19:49 06528 11.344 436.800 4955.059 8.376 -314.400 -2633.414 0.82
2019-05-05_23:19:50 06529 11.336 441.600 5005.978 8.376 -322.800 -2703.773 0.82
2019-05-05_23:19:51 06530 11.336 446.000 5055.856 8.384 -329.600 -2763.366 0.82
2019-05-05_23:19:52 06531 11.328 452.400 5124.787 8.392 -332.800 -2792.858 0.82
2019-05-05_23:19:53 06532 11.328 454.000 5142.912 8.400 -342.000 -2872.800 0.82
2019-05-05_23:19:54 06533 11.328 461.600 5229.005 8.400 -350.000 -2940.000 0.82
2019-05-05_23:19:55 06534 11.320 464.800 5261.536 8.400 -353.200 -2966.880 0.82
2019-05-05_23:19:56 06535 11.320 467.200 5288.704 8.416 -365.600 -3076.890 0.81
2019-05-05_23:19:57 06536 11.360 419.600 4766.656 8.352 -297.600 -2485.555 0.82
2019-05-05_23:19:58 06537 11.352 426.800 4845.034 8.360 -300.400 -2511.344 0.82
2019-05-05_23:19:59 06538 11.344 427.600 4850.694 8.368 -314.800 -2634.246 0.82
2019-05-05_23:20:00 06539 11.344 436.400 4950.522 8.368 -314.000 -2627.552 0.82
2019-05-05_23:20:01 06540 11.344 435.200 4936.909 8.376 -320.800 -2687.021 0.82
2019-05-05_23:20:02 06541 11.336 440.000 4987.840 8.384 -332.800 -2790.195 0.82
2019-05-05_23:20:03 06542 11.336 452.000 5123.872 8.384 -330.800 -2773.427 0.82
2019-05-05_23:20:04 06543 11.336 453.600 5142.010 8.392 -348.800 -2927.130 0.82
2019-05-05_23:20:05 06544 11.320 460.000 5207.200 8.400 -347.200 -2916.480 0.82
2019-05-05_23:20:06 06545 11.328 447.200 5065.882 8.408 -363.200 -3053.786 0.81
2019-05-05_23:20:07 06546 11.360 414.800 4712.128 8.352 -290.000 -2422.080 0.81
2019-05-05_23:20:08 06547 11.352 419.600 4763.299 8.352 -295.200 -2465.510 0.82
2019-05-05_23:20:09 06548 11.352 425.600 4831.411 8.360 -303.200 -2534.752 0.82
2019-05-05_23:20:10 06549 11.344 430.000 4877.920 8.368 -310.000 -2594.080 0.82
2019-05-05_23:20:11 06550 11.344 431.200 4891.533 8.376 -314.400 -2633.414 0.82
2019-05-05_23:20:12 06551 11.344 434.400 4927.834 8.376 -322.800 -2703.773 0.82
2019-05-05_23:20:13 06552 11.336 438.400 4969.702 8.384 -330.800 -2773.427 0.82
2019-05-05_23:20:14 06553 11.336 448.000 5078.528 8.392 -334.800 -2809.642 0.82
2019-05-05_23:20:15 06554 11.336 456.400 5173.750 8.392 -343.200 -2880.134 0.82
2019-05-05_23:20:16 06555 11.328 461.200 5224.474 8.400 -344.800 -2896.320 0.82
2019-05-05_23:20:17 06556 11.320 463.600 5247.952 8.408 -351.600 -2956.253 0.81
2019-05-05_23:20:18 06557 11.360 408.400 4639.424 8.352 -286.800 -2395.354 0.81
2019-05-05_23:20:19 06558 11.360 418.400 4753.024 8.360 -296.400 -2477.904 0.82
2019-05-05_23:20:20 06559 11.352 424.800 4822.330 8.360 -306.000 -2558.160 0.82
2019-05-05_23:20:21 06560 11.352 425.200 4826.870 8.368 -308.000 -2577.344 0.82
2019-05-05_23:20:22 06561 11.344 436.800 4955.059 8.368 -313.200 -2620.858 0.82
2019-05-05_23:20:23 06562 11.336 441.200 5001.443 8.376 -324.400 -2717.174 0.82
2019-05-05_23:20:24 06563 11.336 446.400 5060.390 8.384 -325.200 -2726.477 0.82
2019-05-05_23:20:25 06564 11.336 450.800 5110.269 8.392 -335.200 -2812.998 0.82
2019-05-05_23:20:26 06565 11.336 456.400 5173.750 8.392 -340.000 -2853.280 0.82