2019-05-05_01:06:11 05051 11.568 168.400 1948.051 8.424 0.400 3.370 0.75
2019-05-05_01:06:12 05052 11.584 170.400 1973.914 8.312 0.400 3.325 0.75
2019-05-05_01:06:13 05053 11.568 174.400 2017.459 8.312 0.400 3.325 0.75
2019-05-05_01:06:14 05054 11.576 165.600 1916.986 8.336 0.000 0.000 0.75
2019-05-05_01:06:15 05055 11.576 169.200 1958.659 8.352 0.400 3.341 0.75
2019-05-05_01:06:16 05056 11.576 170.400 1972.550 8.360 0.400 3.344 0.76
2019-05-05_01:06:17 05057 11.576 170.800 1977.181 8.368 0.400 3.347 0.76
2019-05-05_01:06:18 05058 11.560 175.200 2025.312 8.360 0.400 3.344 0.76
2019-05-05_01:06:19 05059 11.576 172.000 1991.072 8.392 0.400 3.357 0.76
2019-05-05_01:06:20 05060 11.552 193.600 2236.467 8.384 0.000 0.000 0.76
2019-05-05_01:06:21 05061 11.568 170.000 1966.560 8.408 0.400 3.363 0.75
2019-05-05_01:06:22 05062 11.584 169.200 1960.013 8.312 0.400 3.325 0.75
2019-05-05_01:06:23 05063 11.584 169.200 1960.013 8.312 0.400 3.325 0.75
2019-05-05_01:06:24 05064 11.592 170.000 1970.640 8.328 0.400 3.331 0.75
2019-05-05_01:06:25 05065 11.576 170.800 1977.181 8.328 0.000 0.000 0.75
2019-05-05_01:06:26 05066 11.584 162.400 1881.242 8.352 0.400 3.341 0.75
2019-05-05_01:06:27 05067 11.576 168.000 1944.768 8.360 0.000 0.000 0.76
2019-05-05_01:06:28 05068 11.576 189.600 2194.810 8.352 0.000 0.000 0.76
2019-05-05_01:06:29 05069 11.576 170.400 1972.550 8.376 0.400 3.350 0.76
2019-05-05_01:06:30 05070 11.576 170.400 1972.550 8.392 0.400 3.357 0.76
2019-05-05_01:06:31 05071 11.576 170.400 1972.550 8.400 0.400 3.360 0.76
2019-05-05_01:06:32 05072 11.576 169.200 1958.659 8.408 0.000 0.000 0.75
2019-05-05_01:06:33 05073 11.584 169.200 1960.013 8.304 0.000 0.000 0.75
2019-05-05_01:06:34 05074 11.584 170.000 1969.280 8.312 0.400 3.325 0.75
2019-05-05_01:06:35 05075 11.560 196.000 2265.760 8.320 0.400 3.328 0.75
2019-05-05_01:06:36 05076 11.576 168.400 1949.398 8.336 0.000 0.000 0.75
2019-05-05_01:06:37 05077 11.584 159.600 1848.806 8.360 0.000 0.000 0.75
2019-05-05_01:06:38 05078 11.576 169.600 1963.290 8.360 0.000 0.000 0.76
2019-05-05_01:06:39 05079 11.592 153.200 1775.894 8.376 0.400 3.350 0.76
2019-05-05_01:06:40 05080 11.576 169.200 1958.659 8.384 0.000 0.000 0.76
2019-05-05_01:06:41 05081 11.576 154.000 1782.704 8.400 0.400 3.360 0.76
2019-05-05_01:06:42 05082 11.584 153.200 1774.669 8.408 0.000 0.000 0.75
2019-05-05_01:06:43 05083 11.584 169.200 1960.013 8.296 0.000 0.000 0.77
2019-05-05_01:06:44 05084 11.584 153.600 1779.302 8.544 0.000 0.000 0.76
2019-05-05_01:06:45 05085 11.576 169.600 1963.290 8.400 0.400 3.360 0.76
2019-05-05_01:06:46 05086 11.576 156.800 1815.117 8.424 0.400 3.370 0.75
2019-05-05_01:06:47 05087 11.592 153.200 1775.894 8.312 0.000 0.000 0.75
2019-05-05_01:06:48 05088 11.576 169.200 1958.659 8.320 0.000 0.000 0.75
2019-05-05_01:06:49 05089 11.584 161.600 1871.974 8.336 0.000 0.000 0.75
2019-05-05_01:06:50 05090 11.592 153.200 1775.894 8.352 0.000 0.000 0.75
2019-05-05_01:06:51 05091 11.592 153.200 1775.894 8.360 0.400 3.344 0.75
2019-05-05_01:06:52 05092 11.592 162.800 1887.178 8.368 0.400 3.347 0.76
2019-05-05_01:06:53 05093 11.592 153.200 1775.894 8.376 0.400 3.350 0.76
2019-05-05_01:06:54 05094 11.584 153.200 1774.669 8.392 0.400 3.357 0.76
2019-05-05_01:06:55 05095 11.576 155.600 1801.226 8.400 0.400 3.360 0.76
2019-05-05_01:06:56 05096 11.576 161.600 1870.682 8.408 0.400 3.363 0.75
2019-05-05_01:06:57 05097 11.600 153.600 1781.760 8.304 0.000 0.000 0.75
2019-05-05_01:06:58 05098 11.576 169.200 1958.659 8.304 0.000 0.000 0.75
2019-05-05_01:06:59 05099 11.592 160.400 1859.357 8.328 0.000 0.000 0.75
2019-05-05_01:07:00 05100 11.584 171.200 1983.181 8.312 0.400 3.325 0.75
2019-05-05_01:07:01 05101 11.584 156.000 1807.104 8.336 0.000 0.000 0.75
2019-05-05_01:07:02 05102 11.584 161.600 1871.974 8.352 0.000 0.000 0.75
2019-05-05_01:07:03 05103 11.568 195.600 2262.701 8.360 0.000 0.000 0.76
2019-05-05_01:07:04 05104 11.584 166.800 1932.211 8.368 0.400 3.347 0.76
2019-05-05_01:07:05 05105 11.560 171.200 1979.072 8.360 0.400 3.344 0.76
2019-05-05_01:07:06 05106 11.576 169.600 1963.290 8.392 0.400 3.357 0.76
2019-05-05_01:07:07 05107 11.576 170.000 1967.920 8.408 0.400 3.363 0.75
2019-05-05_01:07:08 05108 11.584 189.600 2196.326 8.288 0.000 0.000 0.77
2019-05-05_01:07:09 05109 11.568 169.600 1961.933 8.536 0.000 0.000 0.76
2019-05-05_01:07:10 05110 11.568 196.400 2271.955 8.384 0.000 0.000 0.76
2019-05-05_01:07:11 05111 11.576 169.600 1963.290 8.408 0.000 0.000 0.75
2019-05-05_01:07:12 05112 11.584 168.400 1950.746 8.304 0.000 0.000 0.75
2019-05-05_01:07:13 05113 11.560 192.800 2228.768 8.312 0.400 3.325 0.75
2019-05-05_01:07:14 05114 11.576 165.200 1912.355 8.328 0.000 0.000 0.75
2019-05-05_01:07:15 05115 11.576 169.600 1963.290 8.336 0.400 3.334 0.75
2019-05-05_01:07:16 05116 11.576 170.000 1967.920 8.352 0.400 3.341 0.75
2019-05-05_01:07:17 05117 11.576 170.000 1967.920 8.360 0.400 3.344 0.76
2019-05-05_01:07:18 05118 11.576 170.400 1972.550 8.368 0.000 0.000 0.76
2019-05-05_01:07:19 05119 11.576 168.800 1954.029 8.376 0.400 3.350 0.76
2019-05-05_01:07:20 05120 11.552 198.000 2287.296 8.384 0.000 0.000 0.76
2019-05-05_01:07:21 05121 11.576 169.600 1963.290 8.400 0.000 0.000 0.76
2019-05-05_01:07:22 05122 11.576 169.200 1958.659 8.416 0.400 3.366 0.75
2019-05-05_01:07:23 05123 11.584 170.400 1973.914 8.304 0.000 0.000 0.75
2019-05-05_01:07:24 05124 11.584 165.600 1918.310 8.312 0.000 0.000 0.75
2019-05-05_01:07:25 05125 11.560 193.600 2238.016 8.328 0.000 0.000 0.75
2019-05-05_01:07:26 05126 11.576 170.400 1972.550 8.336 0.000 0.000 0.75
2019-05-05_01:07:27 05127 11.576 170.400 1972.550 8.352 0.400 3.341 0.75
2019-05-05_01:07:28 05128 11.568 165.600 1915.661 8.360 0.400 3.344 0.76
2019-05-05_01:07:29 05129 11.576 168.000 1944.768 8.368 0.400 3.347 0.76
2019-05-05_01:07:30 05130 11.552 194.400 2245.709 8.376 0.000 0.000 0.76
2019-05-05_01:07:31 05131 11.576 170.000 1967.920 8.392 0.400 3.357 0.76
2019-05-05_01:07:32 05132 11.576 170.000 1967.920 8.400 0.000 0.000 0.76
2019-05-05_01:07:33 05133 11.560 179.200 2071.552 8.392 0.000 0.000 0.76
2019-05-05_01:07:34 05134 11.568 170.400 1971.187 8.424 0.000 0.000 0.75
2019-05-05_01:07:35 05135 11.576 170.000 1967.920 8.320 0.000 0.000 0.75
2019-05-05_01:07:36 05136 11.584 170.400 1973.914 8.328 0.000 0.000 0.75
2019-05-05_01:07:37 05137 11.592 155.600 1803.715 8.336 0.400 3.334 0.75
2019-05-05_01:07:38 05138 11.584 154.800 1793.203 8.352 0.400 3.341 0.75
2019-05-05_01:07:39 05139 11.576 162.800 1884.573 8.368 0.400 3.347 0.76
2019-05-05_01:07:40 05140 11.560 197.600 2284.256 8.368 0.400 3.347 0.76
2019-05-05_01:07:41 05141 11.576 168.800 1954.029 8.384 0.400 3.354 0.76
2019-05-05_01:07:42 05142 11.576 170.000 1967.920 8.392 0.400 3.357 0.76
2019-05-05_01:07:43 05143 11.576 170.400 1972.550 8.400 0.400 3.360 0.76
2019-05-05_01:07:44 05144 11.576 168.400 1949.398 8.408 0.400 3.363 0.75
2019-05-05_01:07:45 05145 11.568 192.800 2230.310 8.296 0.000 0.000 0.77
2019-05-05_01:07:46 05146 11.568 166.400 1924.915 8.544 0.000 0.000 0.76
2019-05-05_01:07:47 05147 11.576 168.400 1949.398 8.408 0.000 0.000 0.75
2019-05-05_01:07:48 05148 11.584 170.400 1973.914 8.304 0.000 0.000 0.75
2019-05-05_01:07:49 05149 11.584 170.000 1969.280 8.320 0.400 3.328 0.75
2019-05-05_01:07:50 05150 11.568 190.400 2202.547 8.312 0.000 0.000 0.75
2019-05-05_01:07:51 05151 11.584 170.000 1969.280 8.336 0.000 0.000 0.75