2019-05-05_00:40:54 03536 11.592 153.200 1775.894 8.352 0.000 0.000 0.75
2019-05-05_00:40:55 03537 11.592 153.200 1775.894 8.360 0.400 3.344 0.75
2019-05-05_00:40:56 03538 11.584 154.800 1793.203 8.368 0.400 3.347 0.76
2019-05-05_00:40:57 03539 11.592 164.000 1901.088 8.376 0.400 3.350 0.76
2019-05-05_00:40:58 03540 11.584 153.200 1774.669 8.392 0.000 0.000 0.76
2019-05-05_00:40:59 03541 11.584 154.000 1783.936 8.400 0.400 3.360 0.76
2019-05-05_00:41:00 03542 11.584 155.200 1797.837 8.408 0.400 3.363 0.75
2019-05-05_00:41:01 03543 11.592 153.200 1775.894 8.304 0.000 0.000 0.75
2019-05-05_00:41:02 03544 11.592 152.800 1771.258 8.320 0.000 0.000 0.75
2019-05-05_00:41:03 03545 11.584 169.200 1960.013 8.320 0.000 0.000 0.75
2019-05-05_00:41:04 03546 11.584 160.400 1858.074 8.336 0.400 3.334 0.75
2019-05-05_00:41:05 03547 11.592 153.600 1780.531 8.352 0.000 0.000 0.75
2019-05-05_00:41:06 03548 11.592 153.600 1780.531 8.360 0.400 3.344 0.75
2019-05-05_00:41:07 03549 11.584 153.200 1774.669 8.368 0.400 3.347 0.76
2019-05-05_00:41:08 03550 11.568 169.600 1961.933 8.368 0.400 3.347 0.76
2019-05-05_00:41:09 03551 11.584 153.200 1774.669 8.392 0.400 3.357 0.76
2019-05-05_00:41:10 03552 11.576 153.600 1778.074 8.400 0.000 0.000 0.76
2019-05-05_00:41:11 03553 11.576 162.000 1875.312 8.408 0.000 0.000 0.75
2019-05-05_00:41:12 03554 11.600 163.600 1897.760 8.304 0.000 0.000 0.75
2019-05-05_00:41:13 03555 11.584 169.200 1960.013 8.304 0.000 0.000 0.75
2019-05-05_00:41:14 03556 11.600 153.200 1777.120 8.328 0.000 0.000 0.75
2019-05-05_00:41:15 03557 11.592 153.200 1775.894 8.336 0.000 0.000 0.75
2019-05-05_00:41:16 03558 11.584 157.200 1821.005 8.352 0.400 3.341 0.75
2019-05-05_00:41:17 03559 11.592 163.200 1891.814 8.360 0.400 3.344 0.75
2019-05-05_00:41:18 03560 11.592 153.200 1775.894 8.368 0.400 3.347 0.76
2019-05-05_00:41:19 03561 11.584 152.800 1770.035 8.376 0.000 0.000 0.76
2019-05-05_00:41:20 03562 11.576 160.800 1861.421 8.392 0.400 3.357 0.76
2019-05-05_00:41:21 03563 11.584 153.200 1774.669 8.400 0.000 0.000 0.76
2019-05-05_00:41:22 03564 11.584 152.800 1770.035 8.408 0.000 0.000 0.75
2019-05-05_00:41:23 03565 11.592 153.600 1780.531 8.304 0.000 0.000 0.75
2019-05-05_00:41:24 03566 11.592 155.600 1803.715 8.320 0.400 3.328 0.75
2019-05-05_00:41:25 03567 11.592 153.200 1775.894 8.328 0.400 3.331 0.75
2019-05-05_00:41:26 03568 11.584 157.600 1825.638 8.336 0.400 3.334 0.75
2019-05-05_00:41:27 03569 11.592 163.600 1896.451 8.352 0.000 0.000 0.75
2019-05-05_00:41:28 03570 11.576 169.200 1958.659 8.352 0.400 3.341 0.75
2019-05-05_00:41:29 03571 11.584 153.600 1779.302 8.368 0.400 3.347 0.76
2019-05-05_00:41:30 03572 11.576 182.800 2116.093 8.368 0.400 3.347 0.76
2019-05-05_00:41:31 03573 11.584 153.200 1774.669 8.392 0.400 3.357 0.76
2019-05-05_00:41:32 03574 11.584 153.600 1779.302 8.400 0.400 3.360 0.76
2019-05-05_00:41:33 03575 11.576 168.800 1954.029 8.400 0.400 3.360 0.76
2019-05-05_00:41:34 03576 11.576 157.200 1819.747 8.424 0.400 3.370 0.75
2019-05-05_00:41:35 03577 11.584 160.400 1858.074 8.320 0.000 0.000 0.75
2019-05-05_00:41:36 03578 11.592 153.600 1780.531 8.328 0.000 0.000 0.75
2019-05-05_00:41:37 03579 11.592 153.200 1775.894 8.336 0.400 3.334 0.75
2019-05-05_00:41:38 03580 11.584 169.600 1964.646 8.344 0.400 3.338 0.75
2019-05-05_00:41:39 03581 11.592 153.200 1775.894 8.360 0.400 3.344 0.75
2019-05-05_00:41:40 03582 11.592 153.200 1775.894 8.368 0.400 3.347 0.76
2019-05-05_00:41:41 03583 11.584 160.800 1862.707 8.376 0.400 3.350 0.76
2019-05-05_00:41:42 03584 11.584 163.600 1895.142 8.392 0.400 3.357 0.76
2019-05-05_00:41:43 03585 11.584 154.000 1783.936 8.400 0.000 0.000 0.76
2019-05-05_00:41:44 03586 11.576 155.200 1796.595 8.408 0.400 3.363 0.75
2019-05-05_00:41:45 03587 11.592 153.200 1775.894 8.304 0.000 0.000 0.75
2019-05-05_00:41:46 03588 11.600 153.200 1777.120 8.320 0.000 0.000 0.75
2019-05-05_00:41:47 03589 11.592 153.200 1775.894 8.328 0.000 0.000 0.75
2019-05-05_00:41:48 03590 11.584 169.600 1964.646 8.328 0.400 3.331 0.75
2019-05-05_00:41:49 03591 11.592 153.600 1780.531 8.352 0.400 3.341 0.75
2019-05-05_00:41:50 03592 11.592 153.200 1775.894 8.360 0.400 3.344 0.75
2019-05-05_00:41:51 03593 11.576 162.400 1879.942 8.368 0.400 3.347 0.76
2019-05-05_00:41:52 03594 11.592 162.800 1887.178 8.376 0.400 3.350 0.76
2019-05-05_00:41:53 03595 11.576 169.200 1958.659 8.384 0.400 3.354 0.76
2019-05-05_00:41:54 03596 11.584 153.600 1779.302 8.400 0.000 0.000 0.76
2019-05-05_00:41:55 03597 11.584 153.200 1774.669 8.408 0.400 3.363 0.75
2019-05-05_00:41:56 03598 11.600 153.200 1777.120 8.304 0.000 0.000 0.75
2019-05-05_00:41:57 03599 11.600 153.200 1777.120 8.320 0.000 0.000 0.75
2019-05-05_00:41:58 03600 11.584 169.200 1960.013 8.320 0.000 0.000 0.75
2019-05-05_00:41:59 03601 11.592 153.600 1780.531 8.336 0.000 0.000 0.75
2019-05-05_00:42:00 03602 11.592 153.600 1780.531 8.344 0.000 0.000 0.75
2019-05-05_00:42:01 03603 11.592 153.200 1775.894 8.360 0.400 3.344 0.75
2019-05-05_00:42:02 03604 11.592 153.200 1775.894 8.368 0.400 3.347 0.76
2019-05-05_00:42:03 03605 11.576 169.200 1958.659 8.368 0.000 0.000 0.76
2019-05-05_00:42:04 03606 11.584 153.200 1774.669 8.392 0.000 0.000 0.76
2019-05-05_00:42:05 03607 11.576 154.000 1782.704 8.400 0.000 0.000 0.76
2019-05-05_00:42:06 03608 11.576 161.200 1866.051 8.408 0.400 3.363 0.75
2019-05-05_00:42:07 03609 11.600 163.200 1893.120 8.304 0.000 0.000 0.75
2019-05-05_00:42:08 03610 11.584 169.200 1960.013 8.312 0.000 0.000 0.75
2019-05-05_00:42:09 03611 11.592 153.200 1775.894 8.328 0.400 3.331 0.75
2019-05-05_00:42:10 03612 11.584 154.400 1788.570 8.336 0.000 0.000 0.75
2019-05-05_00:42:11 03613 11.584 160.400 1858.074 8.352 0.000 0.000 0.75
2019-05-05_00:42:12 03614 11.592 153.200 1775.894 8.360 0.000 0.000 0.75
2019-05-05_00:42:13 03615 11.576 169.600 1963.290 8.360 0.400 3.344 0.76
2019-05-05_00:42:14 03616 11.592 153.200 1775.894 8.376 0.400 3.350 0.76
2019-05-05_00:42:15 03617 11.576 170.800 1977.181 8.392 0.400 3.357 0.76
2019-05-05_00:42:16 03618 11.584 154.400 1788.570 8.400 0.400 3.360 0.76
2019-05-05_00:42:17 03619 11.584 164.000 1899.776 8.408 0.000 0.000 0.75
2019-05-05_00:42:18 03620 11.584 169.200 1960.013 8.296 0.000 0.000 0.77
2019-05-05_00:42:19 03621 11.584 152.800 1770.035 8.544 0.000 0.000 0.76
2019-05-05_00:42:20 03622 11.568 172.000 1989.696 8.400 0.400 3.360 0.76
2019-05-05_00:42:21 03623 11.584 152.800 1770.035 8.424 0.000 0.000 0.75
2019-05-05_00:42:22 03624 11.592 153.200 1775.894 8.320 0.000 0.000 0.75
2019-05-05_00:42:23 03625 11.592 154.000 1785.168 8.328 0.400 3.331 0.75
2019-05-05_00:42:24 03626 11.592 153.200 1775.894 8.336 0.400 3.334 0.75
2019-05-05_00:42:25 03627 11.584 171.600 1987.814 8.344 0.000 0.000 0.75
2019-05-05_00:42:26 03628 11.592 153.600 1780.531 8.360 0.400 3.344 0.75
2019-05-05_00:42:27 03629 11.592 153.200 1775.894 8.368 0.400 3.347 0.76
2019-05-05_00:42:28 03630 11.576 169.600 1963.290 8.376 0.000 0.000 0.76
2019-05-05_00:42:29 03631 11.576 153.200 1773.443 8.392 0.400 3.357 0.76
2019-05-05_00:42:30 03632 11.552 196.800 2273.434 8.368 0.000 0.000 0.76
2019-05-05_00:42:31 03633 11.584 153.200 1774.669 8.408 0.000 0.000 0.75
2019-05-05_00:42:32 03634 11.600 153.600 1781.760 8.304 0.000 0.000 0.75
2019-05-05_00:42:33 03635 11.584 169.200 1960.013 8.304 0.000 0.000 0.75
2019-05-05_00:42:34 03636 11.592 153.200 1775.894 8.328 0.000 0.000 0.75