2019-05-05_22:53:29 04950 11.288 501.200 5657.546 8.352 -417.200 -3484.454 0.82
2019-05-05_22:53:30 04951 11.280 508.800 5739.264 8.360 -424.800 -3551.328 0.83
2019-05-05_22:53:31 04952 11.280 515.200 5811.456 8.368 -428.400 -3584.851 0.83
2019-05-05_22:53:32 04953 11.264 531.600 5987.942 8.368 -421.600 -3527.949 0.83
2019-05-05_22:53:33 04954 11.280 523.200 5901.696 8.376 -441.600 -3698.842 0.83
2019-05-05_22:53:34 04955 11.272 539.200 6077.862 8.384 -448.800 -3762.739 0.83
2019-05-05_22:53:35 04956 11.280 523.200 5901.696 8.392 -461.200 -3870.390 0.83
2019-05-05_22:53:36 04957 11.272 538.800 6073.354 8.392 -463.600 -3890.531 0.83
2019-05-05_22:53:37 04958 11.272 544.000 6131.968 8.400 -466.800 -3921.120 0.83
2019-05-05_22:53:38 04959 11.264 551.200 6208.717 8.408 -473.600 -3982.029 0.82
2019-05-05_22:53:39 04960 11.288 498.400 5625.939 8.344 -409.600 -3417.702 0.82
2019-05-05_22:53:40 04961 11.288 503.600 5684.637 8.352 -414.400 -3461.069 0.82
2019-05-05_22:53:41 04962 11.288 510.400 5761.395 8.368 -426.400 -3568.115 0.83
2019-05-05_22:53:42 04963 11.296 506.000 5715.776 8.368 -430.800 -3604.934 0.83
2019-05-05_22:53:43 04964 11.280 520.000 5865.600 8.376 -434.400 -3638.534 0.83
2019-05-05_22:53:44 04965 11.288 507.600 5729.789 8.384 -448.400 -3759.386 0.83
2019-05-05_22:53:45 04966 11.272 529.600 5969.651 8.384 -448.000 -3756.032 0.83
2019-05-05_22:53:46 04967 11.272 536.000 6041.792 8.392 -456.400 -3830.109 0.83
2019-05-05_22:53:47 04968 11.256 551.600 6208.810 8.392 -452.400 -3796.541 0.83
2019-05-05_22:53:48 04969 11.256 563.600 6343.882 8.392 -449.200 -3769.686 0.83
2019-05-05_22:53:49 04970 11.264 555.200 6253.773 8.408 -474.000 -3985.392 0.82
2019-05-05_22:53:50 04971 11.296 494.400 5584.742 8.352 -413.600 -3454.387 0.82
2019-05-05_22:53:51 04972 11.296 503.200 5684.147 8.352 -407.600 -3404.275 0.82
2019-05-05_22:53:52 04973 11.280 512.400 5779.872 8.368 -422.800 -3537.990 0.83
2019-05-05_22:53:53 04974 11.288 511.600 5774.941 8.368 -428.400 -3584.851 0.83
2019-05-05_22:53:54 04975 11.280 519.200 5856.576 8.376 -432.400 -3621.782 0.83
2019-05-05_22:53:55 04976 11.288 509.600 5752.365 8.384 -449.200 -3766.093 0.83
2019-05-05_22:53:56 04977 11.280 514.400 5802.432 8.392 -453.600 -3806.611 0.83
2019-05-05_22:53:57 04978 11.280 519.600 5861.088 8.392 -464.400 -3897.245 0.83
2019-05-05_22:53:58 04979 11.280 521.600 5883.648 8.400 -466.000 -3914.400 0.83
2019-05-05_22:53:59 04980 11.280 528.400 5960.352 8.408 -472.400 -3971.939 0.82
2019-05-05_22:54:00 04981 11.296 494.800 5589.261 8.344 -404.400 -3374.314 0.82
2019-05-05_22:54:01 04982 11.296 494.800 5589.261 8.352 -408.800 -3414.298 0.82
2019-05-05_22:54:02 04983 11.288 501.600 5662.061 8.352 -415.600 -3471.091 0.82
2019-05-05_22:54:03 04984 11.264 520.000 5857.280 8.360 -410.000 -3427.600 0.83
2019-05-05_22:54:04 04985 11.280 513.200 5788.896 8.368 -431.200 -3608.282 0.83
2019-05-05_22:54:05 04986 11.280 518.800 5852.064 8.376 -435.200 -3645.235 0.83
2019-05-05_22:54:06 04987 11.280 520.800 5874.624 8.376 -441.200 -3695.491 0.83
2019-05-05_22:54:07 04988 11.272 527.200 5942.598 8.384 -444.800 -3729.203 0.83
2019-05-05_22:54:08 04989 11.272 535.200 6032.774 8.392 -455.200 -3820.038 0.83
2019-05-05_22:54:09 04990 11.280 522.800 5897.184 8.400 -469.200 -3941.280 0.83
2019-05-05_22:54:10 04991 11.256 559.600 6298.858 8.400 -451.600 -3793.440 0.83
2019-05-05_22:54:11 04992 11.264 546.400 6154.650 8.408 -470.000 -3951.760 0.82
2019-05-05_22:54:12 04993 11.296 498.800 5634.445 8.352 -402.000 -3357.504 0.82
2019-05-05_22:54:13 04994 11.304 485.200 5484.701 8.360 -423.600 -3541.296 0.82
2019-05-05_22:54:14 04995 11.288 509.600 5752.365 8.360 -424.800 -3551.328 0.83
2019-05-05_22:54:15 04996 11.280 516.000 5820.480 8.368 -428.000 -3581.504 0.83
2019-05-05_22:54:16 04997 11.280 517.200 5834.016 8.376 -433.200 -3628.483 0.83
2019-05-05_22:54:17 04998 11.288 504.800 5698.182 8.384 -448.000 -3756.032 0.83
2019-05-05_22:54:18 04999 11.280 528.800 5964.864 8.384 -445.600 -3735.910 0.83
2019-05-05_22:54:19 05000 11.264 533.200 6005.965 8.392 -453.600 -3806.611 0.83
2019-05-05_22:54:20 05001 11.264 542.800 6114.099 8.400 -460.400 -3867.360 0.83
2019-05-05_22:54:21 05002 11.280 529.600 5973.888 8.408 -474.000 -3985.392 0.82
2019-05-05_22:54:22 05003 11.296 489.200 5526.003 8.344 -397.200 -3314.237 0.82
2019-05-05_22:54:23 05004 11.288 498.400 5625.939 8.352 -404.800 -3380.890 0.82
2019-05-05_22:54:24 05005 11.288 500.000 5644.000 8.360 -414.400 -3464.384 0.82
2019-05-05_22:54:25 05006 11.296 490.800 5544.077 8.368 -431.600 -3611.629 0.83
2019-05-05_22:54:26 05007 11.272 528.800 5960.634 8.368 -430.400 -3601.587 0.83
2019-05-05_22:54:27 05008 11.272 527.600 5947.107 8.368 -426.400 -3568.115 0.83
2019-05-05_22:54:28 05009 11.280 523.600 5906.208 8.376 -442.000 -3702.192 0.83
2019-05-05_22:54:29 05010 11.288 512.000 5779.456 8.392 -457.600 -3840.179 0.83
2019-05-05_22:54:30 05011 11.272 529.600 5969.651 8.392 -450.800 -3783.114 0.83
2019-05-05_22:54:31 05012 11.256 556.800 6267.341 8.392 -446.400 -3746.189 0.83
2019-05-05_22:54:32 05013 11.272 539.600 6082.371 8.408 -462.000 -3884.496 0.82
2019-05-05_22:54:33 05014 11.304 491.600 5557.046 8.352 -404.000 -3374.208 0.82
2019-05-05_22:54:34 05015 11.296 500.000 5648.000 8.352 -407.200 -3400.934 0.82
2019-05-05_22:54:35 05016 11.296 501.600 5666.074 8.360 -415.200 -3471.072 0.82
2019-05-05_22:54:36 05017 11.288 506.800 5720.758 8.368 -420.800 -3521.254 0.83
2019-05-05_22:54:37 05018 11.296 498.000 5625.408 8.376 -434.400 -3638.534 0.83
2019-05-05_22:54:38 05019 11.280 516.000 5820.480 8.376 -431.600 -3615.082 0.83
2019-05-05_22:54:39 05020 11.272 532.800 6005.722 8.384 -442.000 -3705.728 0.83
2019-05-05_22:54:40 05021 11.272 530.000 5974.160 8.384 -446.800 -3745.971 0.83
2019-05-05_22:54:41 05022 11.272 530.000 5974.160 8.392 -453.600 -3806.611 0.83
2019-05-05_22:54:42 05023 11.272 537.200 6055.318 8.400 -460.400 -3867.360 0.83
2019-05-05_22:54:43 05024 11.264 541.600 6100.582 8.408 -465.200 -3911.402 0.82
2019-05-05_22:54:44 05025 11.304 474.800 5367.139 8.352 -410.400 -3427.661 0.82
2019-05-05_22:54:45 05026 11.304 479.200 5416.877 8.352 -416.400 -3477.773 0.82
2019-05-05_22:54:46 05027 11.304 484.400 5475.658 8.368 -421.200 -3524.602 0.82
2019-05-05_22:54:47 05028 11.296 501.200 5661.555 8.360 -408.000 -3410.880 0.83
2019-05-05_22:54:48 05029 11.296 498.000 5625.408 8.376 -437.600 -3665.338 0.83
2019-05-05_22:54:49 05030 11.288 500.000 5644.000 8.376 -439.200 -3678.739 0.83
2019-05-05_22:54:50 05031 11.288 503.200 5680.122 8.384 -448.800 -3762.739 0.83
2019-05-05_22:54:51 05032 11.272 529.600 5969.651 8.392 -445.200 -3736.118 0.83
2019-05-05_22:54:52 05033 11.272 529.600 5969.651 8.392 -452.000 -3793.184 0.83
2019-05-05_22:54:53 05034 11.272 537.600 6059.827 8.400 -457.600 -3843.840 0.83
2019-05-05_22:54:54 05035 11.264 543.600 6123.110 8.408 -464.000 -3901.312 0.82
2019-05-05_22:54:55 05036 11.304 490.400 5543.482 8.344 -401.200 -3347.613 0.82
2019-05-05_22:54:56 05037 11.296 495.200 5593.779 8.352 -408.000 -3407.616 0.82
2019-05-05_22:54:57 05038 11.304 482.800 5457.571 8.360 -418.400 -3497.824 0.82
2019-05-05_22:54:58 05039 11.288 503.600 5684.637 8.360 -419.200 -3504.512 0.83
2019-05-05_22:54:59 05040 11.280 514.400 5802.432 8.368 -426.000 -3564.768 0.83
2019-05-05_22:55:00 05041 11.280 515.600 5815.968 8.376 -434.400 -3638.534 0.83
2019-05-05_22:55:01 05042 11.280 519.600 5861.088 8.384 -438.000 -3672.192 0.83
2019-05-05_22:55:02 05043 11.280 525.600 5928.768 8.384 -443.200 -3715.789 0.83
2019-05-05_22:55:03 05044 11.280 517.600 5838.528 8.400 -457.600 -3843.840 0.83
2019-05-05_22:55:04 05045 11.272 534.400 6023.757 8.400 -456.000 -3830.400 0.83
2019-05-05_22:55:05 05046 11.256 552.000 6213.312 8.400 -458.000 -3847.200 0.83
2019-05-05_22:55:06 05047 11.264 544.000 6127.616 8.416 -470.800 -3962.253 0.82
2019-05-05_22:55:07 05048 11.304 480.800 5434.963 8.360 -415.200 -3471.072 0.82
2019-05-05_22:55:08 05049 11.296 500.400 5652.518 8.360 -413.600 -3457.696 0.82
2019-05-05_22:55:09 05050 11.272 524.000 5906.528 8.368 -412.400 -3450.963 0.83