2019-05-05_00:24:02 02526 11.576 170.800 1977.181 8.384 0.400 3.354 0.76
2019-05-05_00:24:03 02527 11.584 152.400 1765.402 8.400 0.000 0.000 0.76
2019-05-05_00:24:04 02528 11.584 153.200 1774.669 8.408 0.000 0.000 0.75
2019-05-05_00:24:05 02529 11.592 156.400 1812.989 8.312 0.000 0.000 0.75
2019-05-05_00:24:06 02530 11.600 162.400 1883.840 8.320 0.000 0.000 0.75
2019-05-05_00:24:07 02531 11.584 170.800 1978.547 8.320 0.400 3.328 0.75
2019-05-05_00:24:08 02532 11.592 152.800 1771.258 8.336 0.400 3.334 0.75
2019-05-05_00:24:09 02533 11.584 152.400 1765.402 8.352 0.400 3.341 0.75
2019-05-05_00:24:10 02534 11.584 158.400 1834.906 8.360 0.400 3.344 0.75
2019-05-05_00:24:11 02535 11.592 162.400 1882.541 8.368 0.000 0.000 0.76
2019-05-05_00:24:12 02536 11.576 170.800 1977.181 8.368 0.400 3.347 0.76
2019-05-05_00:24:13 02537 11.584 153.200 1774.669 8.392 0.400 3.357 0.76
2019-05-05_00:24:14 02538 11.584 153.200 1774.669 8.400 0.400 3.360 0.76
2019-05-05_00:24:15 02539 11.576 169.200 1958.659 8.400 0.400 3.360 0.76
2019-05-05_00:24:16 02540 11.584 153.200 1774.669 8.424 0.000 0.000 0.75
2019-05-05_00:24:17 02541 11.584 170.000 1969.280 8.312 0.000 0.000 0.75
2019-05-05_00:24:18 02542 11.592 152.800 1771.258 8.328 0.000 0.000 0.75
2019-05-05_00:24:19 02543 11.592 152.800 1771.258 8.336 0.000 0.000 0.75
2019-05-05_00:24:20 02544 11.584 168.400 1950.746 8.344 0.000 0.000 0.75
2019-05-05_00:24:21 02545 11.592 152.800 1771.258 8.360 0.400 3.344 0.75
2019-05-05_00:24:22 02546 11.576 170.000 1967.920 8.360 0.400 3.344 0.76
2019-05-05_00:24:23 02547 11.584 156.800 1816.371 8.384 0.400 3.354 0.76
2019-05-05_00:24:24 02548 11.576 160.800 1861.421 8.392 0.400 3.357 0.76
2019-05-05_00:24:25 02549 11.576 169.600 1963.290 8.392 0.000 0.000 0.76
2019-05-05_00:24:26 02550 11.584 152.800 1770.035 8.408 0.000 0.000 0.75
2019-05-05_00:24:27 02551 11.584 171.200 1983.181 8.296 0.400 3.318 0.77
2019-05-05_00:24:28 02552 11.576 152.400 1764.182 8.536 0.000 0.000 0.76
2019-05-05_00:24:29 02553 11.576 170.400 1972.550 8.400 0.000 0.000 0.76
2019-05-05_00:24:30 02554 11.584 152.400 1765.402 8.416 0.400 3.366 0.75
2019-05-05_00:24:31 02555 11.592 152.400 1766.621 8.320 0.000 0.000 0.75
2019-05-05_00:24:32 02556 11.584 170.800 1978.547 8.320 0.400 3.328 0.75
2019-05-05_00:24:33 02557 11.584 157.600 1825.638 8.336 0.000 0.000 0.75
2019-05-05_00:24:34 02558 11.592 152.800 1771.258 8.352 0.400 3.341 0.75
2019-05-05_00:24:35 02559 11.576 168.800 1954.029 8.352 0.000 0.000 0.75
2019-05-05_00:24:36 02560 11.584 152.400 1765.402 8.368 0.400 3.347 0.76
2019-05-05_00:24:37 02561 11.576 170.000 1967.920 8.368 0.400 3.347 0.76
2019-05-05_00:24:38 02562 11.584 152.800 1770.035 8.392 0.400 3.357 0.76
2019-05-05_00:24:39 02563 11.584 162.400 1881.242 8.400 0.000 0.000 0.76
2019-05-05_00:24:40 02564 11.576 168.800 1954.029 8.400 0.400 3.360 0.76
2019-05-05_00:24:41 02565 11.584 152.800 1770.035 8.424 0.000 0.000 0.75
2019-05-05_00:24:42 02566 11.592 158.800 1840.810 8.320 0.400 3.328 0.75
2019-05-05_00:24:43 02567 11.600 152.400 1767.840 8.328 0.000 0.000 0.75
2019-05-05_00:24:44 02568 11.592 152.800 1771.258 8.336 0.000 0.000 0.75
2019-05-05_00:24:45 02569 11.584 152.400 1765.402 8.352 0.400 3.341 0.75
2019-05-05_00:24:46 02570 11.584 154.800 1793.203 8.360 0.400 3.344 0.75
2019-05-05_00:24:47 02571 11.584 152.800 1770.035 8.368 0.400 3.347 0.76
2019-05-05_00:24:48 02572 11.584 152.800 1770.035 8.376 0.000 0.000 0.76
2019-05-05_00:24:49 02573 11.576 160.800 1861.421 8.392 0.400 3.357 0.76
2019-05-05_00:24:50 02574 11.576 168.400 1949.398 8.392 0.000 0.000 0.76
2019-05-05_00:24:51 02575 11.584 152.800 1770.035 8.408 0.400 3.363 0.75
2019-05-05_00:24:52 02576 11.576 170.000 1967.920 8.304 0.000 0.000 0.75
2019-05-05_00:24:53 02577 11.592 159.600 1850.083 8.320 0.000 0.000 0.75
2019-05-05_00:24:54 02578 11.592 153.200 1775.894 8.328 0.400 3.331 0.75
2019-05-05_00:24:55 02579 11.584 168.400 1950.746 8.328 0.400 3.331 0.75
2019-05-05_00:24:56 02580 11.592 152.400 1766.621 8.344 0.400 3.338 0.75
2019-05-05_00:24:57 02581 11.552 195.600 2259.571 8.352 0.000 0.000 0.75
2019-05-05_00:24:58 02582 11.592 163.600 1896.451 8.368 0.400 3.347 0.76
2019-05-05_00:24:59 02583 11.592 153.200 1775.894 8.384 0.400 3.354 0.76
2019-05-05_00:25:00 02584 11.576 168.400 1949.398 8.384 0.000 0.000 0.76
2019-05-05_00:25:01 02585 11.576 157.200 1819.747 8.400 0.400 3.360 0.76
2019-05-05_00:25:02 02586 11.584 153.200 1774.669 8.416 0.000 0.000 0.75
2019-05-05_00:25:03 02587 11.600 152.400 1767.840 8.304 0.400 3.322 0.75
2019-05-05_00:25:04 02588 11.600 152.400 1767.840 8.312 0.000 0.000 0.75
2019-05-05_00:25:05 02589 11.592 152.800 1771.258 8.328 0.000 0.000 0.75
2019-05-05_00:25:06 02590 11.592 152.800 1771.258 8.336 0.400 3.334 0.75
2019-05-05_00:25:07 02591 11.592 152.800 1771.258 8.352 0.400 3.341 0.75
2019-05-05_00:25:08 02592 11.584 153.200 1774.669 8.360 0.400 3.344 0.75
2019-05-05_00:25:09 02593 11.584 152.800 1770.035 8.368 0.400 3.347 0.76
2019-05-05_00:25:10 02594 11.568 168.400 1948.051 8.376 0.400 3.350 0.76
2019-05-05_00:25:11 02595 11.576 164.400 1903.094 8.384 0.000 0.000 0.76
2019-05-05_00:25:12 02596 11.576 169.200 1958.659 8.392 0.400 3.357 0.76
2019-05-05_00:25:13 02597 11.584 152.400 1765.402 8.408 0.400 3.363 0.75
2019-05-05_00:25:14 02598 11.600 152.400 1767.840 8.312 0.000 0.000 0.75
2019-05-05_00:25:15 02599 11.584 168.800 1955.379 8.312 0.000 0.000 0.75
2019-05-05_00:25:16 02600 11.592 152.800 1771.258 8.328 0.000 0.000 0.75
2019-05-05_00:25:17 02601 11.584 169.200 1960.013 8.328 0.400 3.331 0.75
2019-05-05_00:25:18 02602 11.584 152.800 1770.035 8.352 0.000 0.000 0.75
2019-05-05_00:25:19 02603 11.592 152.400 1766.621 8.360 0.400 3.344 0.75
2019-05-05_00:25:20 02604 11.576 168.400 1949.398 8.360 0.400 3.344 0.76
2019-05-05_00:25:21 02605 11.592 152.800 1771.258 8.384 0.400 3.354 0.76
2019-05-05_00:25:22 02606 11.576 168.800 1954.029 8.384 0.400 3.354 0.76
2019-05-05_00:25:23 02607 11.592 152.400 1766.621 8.400 0.400 3.360 0.76
2019-05-05_00:25:24 02608 11.584 152.800 1770.035 8.408 0.400 3.363 0.75
2019-05-05_00:25:25 02609 11.584 168.000 1946.112 8.304 0.000 0.000 0.75
2019-05-05_00:25:26 02610 11.592 152.400 1766.621 8.320 0.000 0.000 0.75
2019-05-05_00:25:27 02611 11.584 157.200 1821.005 8.328 0.400 3.331 0.75
2019-05-05_00:25:28 02612 11.584 161.200 1867.341 8.336 0.400 3.334 0.75
2019-05-05_00:25:29 02613 11.592 182.400 2114.381 8.344 0.000 0.000 0.75
2019-05-05_00:25:30 02614 11.592 153.600 1780.531 8.360 0.400 3.344 0.75
2019-05-05_00:25:31 02615 11.592 152.800 1771.258 8.368 0.400 3.347 0.76
2019-05-05_00:25:32 02616 11.576 168.400 1949.398 8.368 0.400 3.347 0.76
2019-05-05_00:25:33 02617 11.592 152.800 1771.258 8.392 0.000 0.000 0.76
2019-05-05_00:25:34 02618 11.584 152.800 1770.035 8.400 0.000 0.000 0.76
2019-05-05_00:25:35 02619 11.576 168.400 1949.398 8.400 0.400 3.360 0.76
2019-05-05_00:25:36 02620 11.576 152.800 1768.813 8.424 0.400 3.370 0.75
2019-05-05_00:25:37 02621 11.576 168.800 1954.029 8.312 0.000 0.000 0.75
2019-05-05_00:25:38 02622 11.584 161.600 1871.974 8.328 0.000 0.000 0.75
2019-05-05_00:25:39 02623 11.584 160.000 1853.440 8.336 0.400 3.334 0.75
2019-05-05_00:25:40 02624 11.584 169.200 1960.013 8.344 0.400 3.338 0.75
2019-05-05_00:25:41 02625 11.592 152.800 1771.258 8.360 0.400 3.344 0.75
2019-05-05_00:25:42 02626 11.568 171.600 1985.069 8.360 0.400 3.344 0.76