2019-05-05_00:52:42 04243 11.576 170.800 1977.181 8.360 0.400 3.344 0.76
2019-05-05_00:52:43 04244 11.576 180.800 2092.941 8.352 0.000 0.000 0.76
2019-05-05_00:52:44 04245 11.576 170.000 1967.920 8.376 0.400 3.350 0.76
2019-05-05_00:52:45 04246 11.576 166.800 1930.877 8.392 0.000 0.000 0.76
2019-05-05_00:52:46 04247 11.568 169.200 1957.306 8.400 0.000 0.000 0.76
2019-05-05_00:52:47 04248 11.568 169.600 1961.933 8.408 0.400 3.363 0.75
2019-05-05_00:52:48 04249 11.584 169.600 1964.646 8.304 0.000 0.000 0.75
2019-05-05_00:52:49 04250 11.584 168.800 1955.379 8.312 0.000 0.000 0.75
2019-05-05_00:52:50 04251 11.584 169.600 1964.646 8.328 0.400 3.331 0.75
2019-05-05_00:52:51 04252 11.576 170.800 1977.181 8.344 0.000 0.000 0.75
2019-05-05_00:52:52 04253 11.576 170.400 1972.550 8.352 0.400 3.341 0.75
2019-05-05_00:52:53 04254 11.560 198.000 2288.880 8.352 0.000 0.000 0.76
2019-05-05_00:52:54 04255 11.576 170.000 1967.920 8.368 0.400 3.347 0.76
2019-05-05_00:52:55 04256 11.576 170.400 1972.550 8.384 0.000 0.000 0.76
2019-05-05_00:52:56 04257 11.576 167.600 1940.138 8.392 0.400 3.357 0.76
2019-05-05_00:52:57 04258 11.576 166.000 1921.616 8.400 0.400 3.360 0.76
2019-05-05_00:52:58 04259 11.552 196.000 2264.192 8.408 0.000 0.000 0.75
2019-05-05_00:52:59 04260 11.584 170.400 1973.914 8.312 0.000 0.000 0.75
2019-05-05_00:53:00 04261 11.584 170.000 1969.280 8.320 0.400 3.328 0.75
2019-05-05_00:53:01 04262 11.584 166.400 1927.578 8.328 0.000 0.000 0.75
2019-05-05_00:53:02 04263 11.584 167.200 1936.845 8.336 0.400 3.334 0.75
2019-05-05_00:53:03 04264 11.552 193.200 2231.846 8.344 0.400 3.338 0.75
2019-05-05_00:53:04 04265 11.576 169.600 1963.290 8.360 0.000 0.000 0.76
2019-05-05_00:53:05 04266 11.576 170.000 1967.920 8.368 0.400 3.347 0.76
2019-05-05_00:53:06 04267 11.576 170.000 1967.920 8.376 0.400 3.350 0.76
2019-05-05_00:53:07 04268 11.576 170.400 1972.550 8.392 0.000 0.000 0.76
2019-05-05_00:53:08 04269 11.560 189.600 2191.776 8.384 0.400 3.354 0.76
2019-05-05_00:53:09 04270 11.576 166.800 1930.877 8.408 0.000 0.000 0.75
2019-05-05_00:53:10 04271 11.584 168.000 1946.112 8.304 0.000 0.000 0.75
2019-05-05_00:53:11 04272 11.584 169.600 1964.646 8.320 0.400 3.328 0.75
2019-05-05_00:53:12 04273 11.584 168.800 1955.379 8.328 0.000 0.000 0.75
2019-05-05_00:53:13 04274 11.560 196.800 2275.008 8.328 0.400 3.331 0.75
2019-05-05_00:53:14 04275 11.576 170.400 1972.550 8.352 0.400 3.341 0.75
2019-05-05_00:53:15 04276 11.584 169.600 1964.646 8.360 0.400 3.344 0.76
2019-05-05_00:53:16 04277 11.576 165.600 1916.986 8.368 0.000 0.000 0.76
2019-05-05_00:53:17 04278 11.576 169.600 1963.290 8.376 0.000 0.000 0.76
2019-05-05_00:53:18 04279 11.552 193.200 2231.846 8.384 0.000 0.000 0.76
2019-05-05_00:53:19 04280 11.568 169.200 1957.306 8.408 0.400 3.363 0.75
2019-05-05_00:53:20 04281 11.584 170.400 1973.914 8.296 0.000 0.000 0.77
2019-05-05_00:53:21 04282 11.568 170.400 1971.187 8.536 0.000 0.000 0.76
2019-05-05_00:53:22 04283 11.576 166.000 1921.616 8.400 0.000 0.000 0.76
2019-05-05_00:53:23 04284 11.568 168.400 1948.051 8.408 0.000 0.000 0.75
2019-05-05_00:53:24 04285 11.584 170.000 1969.280 8.312 0.000 0.000 0.75
2019-05-05_00:53:25 04286 11.584 170.000 1969.280 8.320 0.000 0.000 0.75
2019-05-05_00:53:26 04287 11.584 169.600 1964.646 8.328 0.000 0.000 0.75
2019-05-05_00:53:27 04288 11.576 168.800 1954.029 8.344 0.400 3.338 0.75
2019-05-05_00:53:28 04289 11.576 184.000 2129.984 8.336 0.400 3.334 0.75
2019-05-05_00:53:29 04290 11.584 170.000 1969.280 8.360 0.400 3.344 0.76
2019-05-05_00:53:30 04291 11.552 195.600 2259.571 8.360 0.000 0.000 0.76
2019-05-05_00:53:31 04292 11.576 170.000 1967.920 8.376 0.400 3.350 0.76
2019-05-05_00:53:32 04293 11.584 164.800 1909.043 8.392 0.400 3.357 0.76
2019-05-05_00:53:33 04294 11.560 175.600 2029.936 8.400 0.000 0.000 0.76
2019-05-05_00:53:34 04295 11.576 169.200 1958.659 8.408 0.000 0.000 0.75
2019-05-05_00:53:35 04296 11.584 171.200 1983.181 8.304 0.000 0.000 0.75
2019-05-05_00:53:36 04297 11.584 167.200 1936.845 8.312 0.400 3.325 0.75
2019-05-05_00:53:37 04298 11.584 168.000 1946.112 8.328 0.400 3.331 0.75
2019-05-05_00:53:38 04299 11.560 198.000 2288.880 8.336 0.400 3.334 0.75
2019-05-05_00:53:39 04300 11.576 169.200 1958.659 8.352 0.400 3.341 0.75
2019-05-05_00:53:40 04301 11.576 170.400 1972.550 8.360 0.400 3.344 0.76
2019-05-05_00:53:41 04302 11.576 170.400 1972.550 8.368 0.000 0.000 0.76
2019-05-05_00:53:42 04303 11.576 170.000 1967.920 8.384 0.400 3.354 0.76
2019-05-05_00:53:43 04304 11.560 189.600 2191.776 8.376 0.000 0.000 0.76
2019-05-05_00:53:44 04305 11.576 169.200 1958.659 8.400 0.400 3.360 0.76
2019-05-05_00:53:45 04306 11.568 168.400 1948.051 8.416 0.000 0.000 0.75
2019-05-05_00:53:46 04307 11.584 168.400 1950.746 8.304 0.000 0.000 0.75
2019-05-05_00:53:47 04308 11.584 170.000 1969.280 8.320 0.400 3.328 0.75
2019-05-05_00:53:48 04309 11.584 170.000 1969.280 8.328 0.000 0.000 0.75
2019-05-05_00:53:49 04310 11.576 170.400 1972.550 8.344 0.400 3.338 0.75
2019-05-05_00:53:50 04311 11.584 169.200 1960.013 8.352 0.400 3.341 0.75
2019-05-05_00:53:51 04312 11.576 170.000 1967.920 8.360 0.400 3.344 0.76
2019-05-05_00:53:52 04313 11.576 166.800 1930.877 8.368 0.400 3.347 0.76
2019-05-05_00:53:53 04314 11.560 198.400 2293.504 8.376 0.400 3.350 0.76
2019-05-05_00:53:54 04315 11.576 166.400 1926.246 8.392 0.000 0.000 0.76
2019-05-05_00:53:55 04316 11.576 170.800 1977.181 8.400 0.000 0.000 0.76
2019-05-05_00:53:56 04317 11.568 170.400 1971.187 8.408 0.000 0.000 0.75
2019-05-05_00:53:57 04318 11.584 166.400 1927.578 8.312 0.400 3.325 0.75
2019-05-05_00:53:58 04319 11.560 192.400 2224.144 8.304 0.000 0.000 0.75
2019-05-05_00:53:59 04320 11.584 167.600 1941.478 8.328 0.400 3.331 0.75
2019-05-05_00:54:00 04321 11.576 169.600 1963.290 8.336 0.000 0.000 0.75
2019-05-05_00:54:01 04322 11.576 168.400 1949.398 8.360 0.000 0.000 0.75
2019-05-05_00:54:02 04323 11.576 170.000 1967.920 8.360 0.000 0.000 0.76
2019-05-05_00:54:03 04324 11.552 197.600 2282.675 8.360 0.000 0.000 0.76
2019-05-05_00:54:04 04325 11.576 171.200 1981.811 8.384 0.400 3.354 0.76
2019-05-05_00:54:05 04326 11.576 169.600 1963.290 8.392 0.400 3.357 0.76
2019-05-05_00:54:06 04327 11.576 169.600 1963.290 8.400 0.000 0.000 0.76
2019-05-05_00:54:07 04328 11.576 168.400 1949.398 8.408 0.000 0.000 0.75
2019-05-05_00:54:08 04329 11.584 170.000 1969.280 8.304 0.000 0.000 0.75
2019-05-05_00:54:09 04330 11.584 167.600 1941.478 8.320 0.400 3.328 0.75
2019-05-05_00:54:10 04331 11.584 171.200 1983.181 8.328 0.000 0.000 0.75
2019-05-05_00:54:11 04332 11.576 168.400 1949.398 8.336 0.400 3.334 0.75
2019-05-05_00:54:12 04333 11.576 170.000 1967.920 8.352 0.400 3.341 0.75
2019-05-05_00:54:13 04334 11.560 190.800 2205.648 8.344 0.000 0.000 0.76
2019-05-05_00:54:14 04335 11.576 169.200 1958.659 8.368 0.000 0.000 0.76
2019-05-05_00:54:15 04336 11.552 190.000 2194.880 8.376 0.000 0.000 0.76
2019-05-05_00:54:16 04337 11.576 169.200 1958.659 8.392 0.000 0.000 0.76
2019-05-05_00:54:17 04338 11.568 169.200 1957.306 8.400 0.400 3.360 0.76
2019-05-05_00:54:18 04339 11.560 190.400 2201.024 8.400 0.000 0.000 0.76
2019-05-05_00:54:19 04340 11.576 170.000 1967.920 8.424 0.000 0.000 0.75
2019-05-05_00:54:20 04341 11.584 166.400 1927.578 8.320 0.400 3.328 0.75
2019-05-05_00:54:21 04342 11.584 170.400 1973.914 8.328 0.000 0.000 0.75
2019-05-05_00:54:22 04343 11.576 169.600 1963.290 8.344 0.400 3.338 0.75