2019-05-07_01:22:25 10930 1.040 -5.200 -5.408 7.840 193.200 1514.688 0.00
2019-05-07_01:22:35 10940 1.040 -5.200 -5.408 7.880 147.600 1163.088 0.00
2019-05-07_01:22:45 10950 1.040 -5.200 -5.408 7.872 146.400 1152.461 0.00
2019-05-07_01:22:55 10960 1.040 -5.200 -5.408 7.872 147.600 1161.907 0.00
2019-05-07_01:23:05 10970 1.040 -5.200 -5.408 7.872 154.800 1218.586 0.00
2019-05-07_01:23:15 10980 1.040 -5.200 -5.408 7.840 192.400 1508.416 0.00
2019-05-07_01:23:25 10990 1.040 -5.200 -5.408 7.872 150.800 1187.098 0.00
2019-05-07_01:23:35 11000 1.040 -5.200 -5.408 7.856 150.400 1181.542 0.00
2019-05-07_01:23:45 11010 1.040 -5.200 -5.408 7.872 147.600 1161.907 0.00
2019-05-07_01:23:55 11020 1.040 -5.200 -5.408 7.872 147.200 1158.758 0.00
2019-05-07_01:24:05 11030 1.040 -5.200 -5.408 7.872 146.800 1155.610 0.00
2019-05-07_01:24:15 11040 1.040 -5.200 -5.408 7.872 147.600 1161.907 0.00
2019-05-07_01:24:25 11050 1.040 -5.200 -5.408 7.864 147.200 1157.581 0.00
2019-05-07_01:24:35 11060 1.040 -5.200 -5.408 7.872 154.000 1212.288 0.00
2019-05-07_01:24:45 11070 1.040 -5.200 -5.408 7.872 148.000 1165.056 0.00
2019-05-07_01:24:55 11080 1.040 -5.200 -5.408 7.840 187.200 1467.648 0.00
2019-05-07_01:25:05 11090 1.040 -5.200 -5.408 7.840 188.800 1480.192 0.00
2019-05-07_01:25:15 11100 1.040 -5.200 -5.408 7.864 149.200 1173.309 0.00
2019-05-07_01:25:25 11110 1.040 -5.200 -5.408 7.832 186.800 1463.018 0.00
2019-05-07_01:25:35 11120 1.040 -5.200 -5.408 7.872 147.200 1158.758 0.00
2019-05-07_01:25:45 11130 1.040 -5.200 -5.408 7.872 147.200 1158.758 0.00
2019-05-07_01:25:55 11140 1.040 -5.200 -5.408 7.872 145.600 1146.163 0.00
2019-05-07_01:26:05 11150 1.040 -5.200 -5.408 7.872 145.200 1143.014 0.00
2019-05-07_01:26:15 11160 1.040 -5.200 -5.408 7.872 148.000 1165.056 0.00
2019-05-07_01:26:25 11170 1.040 -5.200 -5.408 7.832 189.200 1481.814 0.00
2019-05-07_01:26:35 11180 1.040 -5.200 -5.408 7.864 148.800 1170.163 0.00
2019-05-07_01:26:45 11190 1.040 -5.200 -5.408 7.864 150.000 1179.600 0.00
2019-05-07_01:26:55 11200 1.040 -5.200 -5.408 7.864 150.800 1185.891 0.00
2019-05-07_01:27:05 11210 1.040 -5.200 -5.408 7.864 145.600 1144.998 0.00
2019-05-07_01:27:15 11220 1.040 -5.200 -5.408 7.872 145.600 1146.163 0.00
2019-05-07_01:27:25 11230 1.040 -5.200 -5.408 7.864 152.800 1201.619 0.00
2019-05-07_01:27:35 11240 1.040 -5.200 -5.408 7.864 148.000 1163.872 0.00
2019-05-07_01:27:45 11250 1.040 -5.200 -5.408 7.832 190.400 1491.213 0.00
2019-05-07_01:27:55 11260 1.040 -5.200 -5.408 7.864 151.200 1189.037 0.00
2019-05-07_01:28:05 11270 1.040 -5.200 -5.408 7.832 190.800 1494.346 0.00
2019-05-07_01:28:15 11280 1.040 -5.200 -5.408 7.856 154.000 1209.824 0.00
2019-05-07_01:28:25 11290 1.040 -5.200 -5.408 7.864 151.200 1189.037 0.00
2019-05-07_01:28:36 11300 1.040 -5.200 -5.408 7.864 156.000 1226.784 0.00
2019-05-07_01:28:46 11310 1.040 -5.200 -5.408 7.864 153.200 1204.765 0.00
2019-05-07_01:28:56 11320 1.040 -5.200 -5.408 7.864 148.000 1163.872 0.00
2019-05-07_01:29:06 11330 1.040 -5.200 -5.408 7.832 186.400 1459.885 0.00
2019-05-07_01:29:16 11340 1.040 -5.200 -5.408 7.824 202.000 1580.448 0.00
2019-05-07_01:29:26 11350 1.040 -5.200 -5.408 7.856 150.400 1181.542 0.00
2019-05-07_01:29:36 11360 1.040 -5.200 -5.408 7.856 150.800 1184.685 0.00
2019-05-07_01:29:46 11370 1.040 -5.200 -5.408 7.856 149.600 1175.258 0.00
2019-05-07_01:29:56 11380 1.040 -5.200 -5.408 7.856 150.400 1181.542 0.00
2019-05-07_01:30:06 11390 1.040 -5.200 -5.408 7.856 144.800 1137.549 0.00
2019-05-07_01:30:16 11400 1.040 -5.200 -5.408 7.856 148.400 1165.830 0.00
2019-05-07_01:30:26 11410 1.040 -5.200 -5.408 7.824 187.200 1464.653 0.00
2019-05-07_01:30:36 11420 1.040 -5.200 -5.408 7.856 152.800 1200.397 0.00
2019-05-07_01:30:46 11430 1.040 -5.200 -5.408 7.848 154.800 1214.870 0.00
2019-05-07_01:30:56 11440 1.040 -5.200 -5.408 7.856 150.800 1184.685 0.00
2019-05-07_01:31:06 11450 1.040 -5.200 -5.408 7.856 150.000 1178.400 0.00
2019-05-07_01:31:16 11460 1.040 -5.200 -5.408 7.816 190.800 1491.293 0.00
2019-05-07_01:31:26 11470 1.040 -5.200 -5.408 7.816 190.400 1488.166 0.00
2019-05-07_01:31:36 11480 1.040 -5.200 -5.408 7.816 187.600 1466.282 0.00
2019-05-07_01:31:46 11490 1.040 -5.200 -5.408 7.792 214.000 1667.488 0.00
2019-05-07_01:31:56 11500 1.040 -5.200 -5.408 7.848 149.200 1170.922 0.00
2019-05-07_01:32:06 11510 11.616 130.000 1510.080 7.992 0.000 0.000 0.02
2019-05-07_01:32:16 11520 11.616 112.000 1300.992 7.992 0.000 0.000 0.22
2019-05-07_01:32:26 11530 13.912 139.600 1942.115 7.984 0.000 0.000 0.42
2019-05-07_01:32:36 11540 13.904 116.800 1623.987 7.992 -0.800 -6.394 0.62
2019-05-07_01:32:46 11550 13.696 382.000 5231.872 8.360 -422.000 -3527.920 0.69
2019-05-07_01:32:56 11560 13.672 410.400 5610.989 8.352 -403.200 -3367.526 0.69
2019-05-07_01:33:06 11570 13.664 426.000 5820.864 8.344 -388.400 -3240.810 0.69
2019-05-07_01:33:16 11580 13.640 438.400 5979.776 8.328 -366.000 -3048.048 0.68
2019-05-07_01:33:26 11590 13.632 468.800 6390.682 8.416 -460.800 -3878.093 0.68
2019-05-07_01:33:36 11600 13.648 453.600 6190.733 8.408 -465.200 -3911.402 0.68
2019-05-07_01:33:46 11610 13.640 468.800 6394.432 8.400 -449.200 -3773.280 0.69
2019-05-07_01:33:56 11620 13.656 448.400 6123.350 8.400 -444.400 -3732.960 0.69
2019-05-07_01:34:06 11630 13.656 429.600 5866.618 8.392 -434.000 -3642.128 0.69
2019-05-07_01:34:16 11640 13.680 411.600 5630.688 8.392 -430.800 -3615.274 0.69
2019-05-07_01:34:26 11650 13.672 430.000 5878.960 8.376 -412.400 -3454.262 0.69
2019-05-07_01:34:36 11660 13.688 394.000 5393.072 8.376 -408.400 -3420.758 0.69
2019-05-07_01:34:46 11670 13.688 401.200 5491.626 8.368 -401.200 -3357.242 0.69
2019-05-07_01:34:56 11680 13.688 394.400 5398.547 8.360 -390.000 -3260.400 0.69
2019-05-07_01:35:06 11690 13.696 386.000 5286.656 8.360 -386.400 -3230.304 0.68
2019-05-07_01:35:16 11700 13.680 387.200 5296.896 8.352 -374.400 -3126.989 0.68
2019-05-07_01:35:26 11710 13.680 394.400 5395.392 8.344 -360.400 -3007.178 0.68
2019-05-07_01:35:36 11720 13.688 390.800 5349.270 8.328 -358.800 -2988.086 0.68
2019-05-07_01:35:46 11730 13.656 450.800 6156.125 8.392 -430.800 -3615.274 0.69
2019-05-07_01:35:56 11740 13.656 440.000 6008.640 8.400 -420.000 -3528.000 0.69
2019-05-07_01:36:06 11750 13.640 454.800 6203.472 8.392 -413.600 -3470.931 0.69
2019-05-07_01:36:16 11760 13.656 467.600 6385.546 8.376 -386.800 -3239.837 0.69
2019-05-07_01:36:26 11770 13.664 443.600 6061.350 8.368 -396.000 -3313.728 0.69
2019-05-07_01:36:36 11780 13.656 429.200 5861.155 8.368 -378.400 -3166.451 0.69
2019-05-07_01:36:46 11790 13.656 428.400 5850.230 8.360 -358.800 -2999.568 0.69
2019-05-07_01:36:56 11800 13.656 427.200 5833.843 8.352 -357.200 -2983.334 0.68
2019-05-07_01:37:06 11810 13.640 452.000 6165.280 8.344 -359.600 -3000.502 0.68
2019-05-07_01:37:16 11820 13.688 402.000 5502.576 8.336 -345.600 -2880.922 0.68
2019-05-07_01:37:26 11830 13.680 424.400 5805.792 8.328 -333.200 -2774.890 0.68