2019-05-07_00:06:30 06380 1.040 -5.200 -5.408 7.992 145.600 1163.635 0.00
2019-05-07_00:06:40 06390 1.040 -5.200 -5.408 7.992 145.600 1163.635 0.00
2019-05-07_00:06:50 06400 1.040 -5.200 -5.408 7.992 145.600 1163.635 0.00
2019-05-07_00:07:00 06410 1.040 -5.200 -5.408 7.992 144.800 1157.242 0.00
2019-05-07_00:07:10 06420 1.040 -5.200 -5.408 7.992 145.200 1160.438 0.00
2019-05-07_00:07:20 06430 1.040 -5.200 -5.408 7.984 148.400 1184.826 0.00
2019-05-07_00:07:30 06440 1.040 -5.200 -5.408 7.976 155.600 1241.066 0.00
2019-05-07_00:07:40 06450 1.040 -5.200 -5.408 7.992 147.200 1176.422 0.00
2019-05-07_00:07:50 06460 1.040 -5.200 -5.408 7.984 149.200 1191.213 0.00
2019-05-07_00:08:00 06470 1.040 -5.200 -5.408 7.976 145.600 1161.306 0.00
2019-05-07_00:08:10 06480 1.040 -5.200 -5.408 7.992 146.400 1170.029 0.00
2019-05-07_00:08:20 06490 1.040 -5.200 -5.408 7.992 145.200 1160.438 0.00
2019-05-07_00:08:30 06500 1.040 -5.200 -5.408 7.992 145.600 1163.635 0.00
2019-05-07_00:08:40 06510 1.040 -5.200 -5.408 7.992 146.000 1166.832 0.00
2019-05-07_00:08:50 06520 1.040 -5.200 -5.408 7.984 148.000 1181.632 0.00
2019-05-07_00:09:00 06530 1.040 -5.200 -5.408 7.984 146.000 1165.664 0.00
2019-05-07_00:09:10 06540 1.040 -5.200 -5.408 7.976 148.000 1180.448 0.00
2019-05-07_00:09:20 06550 1.040 -5.200 -5.408 7.984 146.800 1172.051 0.00
2019-05-07_00:09:30 06560 1.040 -5.200 -5.408 7.984 144.400 1152.890 0.00
2019-05-07_00:09:40 06570 1.040 -5.200 -5.408 7.984 144.400 1152.890 0.00
2019-05-07_00:09:50 06580 1.040 -5.200 -5.408 7.976 144.800 1154.925 0.00
2019-05-07_00:10:00 06590 1.040 -5.200 -5.408 7.984 143.200 1143.309 0.00
2019-05-07_00:10:10 06600 1.040 -5.200 -5.408 7.984 151.200 1207.181 0.00
2019-05-07_00:10:20 06610 1.040 -5.200 -5.408 7.984 148.000 1181.632 0.00
2019-05-07_00:10:30 06620 1.040 -5.200 -5.408 7.984 148.400 1184.826 0.00
2019-05-07_00:10:40 06630 1.040 -5.200 -5.408 7.984 147.200 1175.245 0.00
2019-05-07_00:10:50 06640 1.040 -5.200 -5.408 7.968 161.200 1284.442 0.00
2019-05-07_00:11:00 06650 1.040 -5.200 -5.408 7.984 144.800 1156.083 0.00
2019-05-07_00:11:10 06660 1.040 -5.200 -5.408 7.984 146.400 1168.858 0.00
2019-05-07_00:11:20 06670 1.040 -5.200 -5.408 7.976 144.800 1154.925 0.00
2019-05-07_00:11:30 06680 1.040 -5.200 -5.408 7.984 142.400 1136.922 0.00
2019-05-07_00:11:40 06690 1.040 -5.200 -5.408 7.984 147.200 1175.245 0.00
2019-05-07_00:11:50 06700 1.040 -5.200 -5.408 7.984 148.800 1188.019 0.00
2019-05-07_00:12:00 06710 1.040 -5.200 -5.408 7.984 145.200 1159.277 0.00
2019-05-07_00:12:10 06720 1.040 -5.200 -5.408 7.984 147.200 1175.245 0.00
2019-05-07_00:12:20 06730 1.040 -5.200 -5.408 7.984 149.200 1191.213 0.00
2019-05-07_00:12:30 06740 1.040 -5.200 -5.408 7.984 145.600 1162.470 0.00
2019-05-07_00:12:40 06750 1.040 -5.200 -5.408 7.984 143.200 1143.309 0.00
2019-05-07_00:12:50 06760 1.040 -5.200 -5.408 7.984 144.800 1156.083 0.00
2019-05-07_00:13:00 06770 1.040 -5.200 -5.408 7.984 145.200 1159.277 0.00
2019-05-07_00:13:10 06780 1.040 -5.200 -5.408 7.984 146.400 1168.858 0.00
2019-05-07_00:13:20 06790 1.040 -5.200 -5.408 7.984 146.800 1172.051 0.00
2019-05-07_00:13:30 06800 1.040 -5.200 -5.408 7.960 148.000 1178.080 0.00
2019-05-07_00:13:40 06810 1.040 -5.200 -5.408 7.984 145.600 1162.470 0.00
2019-05-07_00:13:50 06820 1.040 -5.200 -5.408 7.984 147.200 1175.245 0.00
2019-05-07_00:14:00 06830 1.040 -5.200 -5.408 7.984 145.200 1159.277 0.00
2019-05-07_00:14:10 06840 1.040 -5.200 -5.408 7.976 143.200 1142.163 0.00
2019-05-07_00:14:20 06850 1.040 -5.200 -5.408 7.984 143.600 1146.502 0.00
2019-05-07_00:14:30 06860 1.040 -5.200 -5.408 7.984 144.800 1156.083 0.00
2019-05-07_00:14:40 06870 1.040 -5.200 -5.408 7.976 150.800 1202.781 0.00
2019-05-07_00:14:50 06880 1.040 -5.200 -5.408 7.968 147.200 1172.890 0.00
2019-05-07_00:15:00 06890 1.040 -5.200 -5.408 7.984 148.000 1181.632 0.00
2019-05-07_00:15:10 06900 1.040 -5.200 -5.408 7.984 148.800 1188.019 0.00
2019-05-07_00:15:20 06910 1.040 -5.200 -5.408 7.984 146.000 1165.664 0.00
2019-05-07_00:15:30 06920 1.040 -5.200 -5.408 7.984 144.400 1152.890 0.00
2019-05-07_00:15:40 06930 1.040 -5.200 -5.408 7.984 146.000 1165.664 0.00
2019-05-07_00:15:50 06940 1.040 -5.200 -5.408 7.976 147.600 1177.258 0.00
2019-05-07_00:16:00 06950 1.040 -5.200 -5.408 7.984 145.600 1162.470 0.00
2019-05-07_00:16:10 06960 1.040 -5.200 -5.408 7.976 154.800 1234.685 0.00
2019-05-07_00:16:20 06970 1.040 -5.200 -5.408 7.976 159.600 1272.970 0.00
2019-05-07_00:16:30 06980 1.040 -5.200 -5.408 7.976 148.000 1180.448 0.00
2019-05-07_00:16:40 06990 1.040 -5.200 -5.408 7.976 148.000 1180.448 0.00
2019-05-07_00:16:50 07000 1.040 -5.200 -5.408 7.976 146.800 1170.877 0.00
2019-05-07_00:17:00 07010 1.040 -5.200 -5.408 7.976 146.000 1164.496 0.00
2019-05-07_00:17:10 07020 1.040 -5.200 -5.408 7.984 146.000 1165.664 0.00
2019-05-07_00:17:20 07030 1.040 -5.200 -5.408 7.984 144.400 1152.890 0.00
2019-05-07_00:17:30 07040 1.040 -5.200 -5.408 7.976 145.600 1161.306 0.00
2019-05-07_00:17:40 07050 1.040 -5.200 -5.408 7.944 187.600 1490.294 0.00
2019-05-07_00:17:50 07060 1.040 -5.200 -5.408 7.968 148.800 1185.638 0.00
2019-05-07_00:18:01 07070 1.040 -5.200 -5.408 7.920 219.200 1736.064 0.00
2019-05-07_00:18:11 07080 1.040 -5.200 -5.408 7.968 148.000 1179.264 0.00
2019-05-07_00:18:21 07090 1.040 -5.200 -5.408 7.976 146.400 1167.686 0.00
2019-05-07_00:18:31 07100 1.040 -5.200 -5.408 7.976 145.200 1158.115 0.00
2019-05-07_00:18:41 07110 1.040 -5.200 -5.408 7.952 184.000 1463.168 0.00
2019-05-07_00:18:51 07120 1.040 -5.200 -5.408 7.944 184.000 1461.696 0.00
2019-05-07_00:19:01 07130 1.040 -5.200 -5.408 7.976 154.400 1231.494 0.00
2019-05-07_00:19:11 07140 1.040 -5.200 -5.408 7.976 146.000 1164.496 0.00
2019-05-07_00:19:21 07150 1.040 -5.200 -5.408 7.944 186.800 1483.939 0.00
2019-05-07_00:19:31 07160 1.040 -5.200 -5.408 7.896 251.600 1986.634 0.00
2019-05-07_00:19:41 07170 1.040 -5.200 -5.408 7.944 188.400 1496.650 0.00
2019-05-07_00:19:51 07180 1.040 -5.200 -5.408 7.944 185.200 1471.229 0.00
2019-05-07_00:20:01 07190 1.040 -5.200 -5.408 7.936 185.600 1472.922 0.00
2019-05-07_00:20:11 07200 1.040 -5.200 -5.408 7.968 145.200 1156.954 0.00
2019-05-07_00:20:21 07210 1.040 -5.200 -5.408 7.928 210.400 1668.051 0.00
2019-05-07_00:20:31 07220 1.040 -5.200 -5.408 7.944 184.400 1464.874 0.00
2019-05-07_00:20:41 07230 1.040 -5.200 -5.408 7.928 207.200 1642.682 0.00
2019-05-07_00:20:51 07240 1.032 -5.200 -5.366 7.920 214.000 1694.880 0.00
2019-05-07_00:21:01 07250 1.032 -5.200 -5.366 7.944 185.600 1474.406 0.00
2019-05-07_00:21:11 07260 1.032 -5.200 -5.366 7.976 148.000 1180.448 0.00
2019-05-07_00:21:21 07270 1.032 -5.200 -5.366 7.968 149.200 1188.826 0.00
2019-05-07_00:21:31 07280 1.032 -5.200 -5.366 7.944 184.400 1464.874 0.00