2019-05-05_01:02:49 04849 11.576 169.600 1963.290 8.360 0.400 3.344 0.76
2019-05-05_01:02:50 04850 11.576 165.600 1916.986 8.368 0.400 3.347 0.76
2019-05-05_01:02:51 04851 11.576 168.800 1954.029 8.384 0.000 0.000 0.76
2019-05-05_01:02:52 04852 11.576 168.400 1949.398 8.384 0.400 3.354 0.76
2019-05-05_01:02:53 04853 11.576 170.800 1977.181 8.400 0.400 3.360 0.76
2019-05-05_01:02:54 04854 11.576 169.600 1963.290 8.408 0.400 3.363 0.75
2019-05-05_01:02:55 04855 11.584 168.800 1955.379 8.304 0.400 3.322 0.75
2019-05-05_01:02:56 04856 11.584 169.600 1964.646 8.320 0.400 3.328 0.75
2019-05-05_01:02:57 04857 11.584 169.200 1960.013 8.336 0.400 3.334 0.75
2019-05-05_01:02:58 04858 11.560 196.800 2275.008 8.328 0.400 3.331 0.75
2019-05-05_01:02:59 04859 11.584 170.000 1969.280 8.352 0.400 3.341 0.75
2019-05-05_01:03:00 04860 11.576 166.400 1926.246 8.360 0.400 3.344 0.76
2019-05-05_01:03:01 04861 11.576 169.600 1963.290 8.368 0.400 3.347 0.76
2019-05-05_01:03:02 04862 11.576 169.600 1963.290 8.376 0.400 3.350 0.76
2019-05-05_01:03:03 04863 11.560 196.400 2270.384 8.376 0.400 3.350 0.76
2019-05-05_01:03:04 04864 11.576 170.400 1972.550 8.400 0.400 3.360 0.76
2019-05-05_01:03:05 04865 11.576 163.200 1889.203 8.408 0.000 0.000 0.75
2019-05-05_01:03:06 04866 11.600 154.000 1786.400 8.312 0.000 0.000 0.75
2019-05-05_01:03:07 04867 11.584 159.600 1848.806 8.312 0.000 0.000 0.75
2019-05-05_01:03:08 04868 11.584 174.400 2020.250 8.328 0.400 3.331 0.75
2019-05-05_01:03:09 04869 11.592 163.200 1891.814 8.344 0.400 3.338 0.75
2019-05-05_01:03:10 04870 11.592 154.400 1789.805 8.352 0.400 3.341 0.75
2019-05-05_01:03:11 04871 11.584 155.200 1797.837 8.368 0.400 3.347 0.76
2019-05-05_01:03:12 04872 11.592 162.800 1887.178 8.376 0.400 3.350 0.76
2019-05-05_01:03:13 04873 11.576 169.600 1963.290 8.376 0.400 3.350 0.76
2019-05-05_01:03:14 04874 11.576 156.000 1805.856 8.392 0.000 0.000 0.76
2019-05-05_01:03:15 04875 11.576 168.400 1949.398 8.400 0.000 0.000 0.76
2019-05-05_01:03:16 04876 11.568 170.400 1971.187 8.408 0.000 0.000 0.75
2019-05-05_01:03:17 04877 11.584 168.800 1955.379 8.304 0.000 0.000 0.75
2019-05-05_01:03:18 04878 11.552 202.400 2338.125 8.304 0.000 0.000 0.75
2019-05-05_01:03:19 04879 11.584 170.400 1973.914 8.328 0.000 0.000 0.75
2019-05-05_01:03:20 04880 11.584 168.800 1955.379 8.336 0.400 3.334 0.75
2019-05-05_01:03:21 04881 11.576 166.400 1926.246 8.344 0.400 3.338 0.75
2019-05-05_01:03:22 04882 11.576 168.400 1949.398 8.360 0.400 3.344 0.76
2019-05-05_01:03:23 04883 11.552 196.000 2264.192 8.352 0.000 0.000 0.76
2019-05-05_01:03:24 04884 11.576 170.000 1967.920 8.384 0.400 3.354 0.76
2019-05-05_01:03:25 04885 11.576 170.000 1967.920 8.392 0.000 0.000 0.76
2019-05-05_01:03:26 04886 11.576 170.000 1967.920 8.400 0.400 3.360 0.76
2019-05-05_01:03:27 04887 11.576 166.400 1926.246 8.408 0.400 3.363 0.75
2019-05-05_01:03:28 04888 11.560 185.600 2145.536 8.288 0.000 0.000 0.77
2019-05-05_01:03:29 04889 11.568 170.000 1966.560 8.544 0.000 0.000 0.76
2019-05-05_01:03:30 04890 11.552 175.200 2023.910 8.392 0.400 3.357 0.76
2019-05-05_01:03:31 04891 11.576 167.600 1940.138 8.424 0.000 0.000 0.75
2019-05-05_01:03:32 04892 11.584 170.400 1973.914 8.312 0.000 0.000 0.75
2019-05-05_01:03:33 04893 11.584 170.000 1969.280 8.328 0.400 3.331 0.75
2019-05-05_01:03:34 04894 11.576 169.200 1958.659 8.336 0.400 3.334 0.75
2019-05-05_01:03:35 04895 11.576 170.400 1972.550 8.352 0.400 3.341 0.75
2019-05-05_01:03:36 04896 11.576 170.400 1972.550 8.360 0.400 3.344 0.76
2019-05-05_01:03:37 04897 11.576 170.000 1967.920 8.368 0.000 0.000 0.76
2019-05-05_01:03:38 04898 11.560 190.400 2201.024 8.368 0.000 0.000 0.76
2019-05-05_01:03:39 04899 11.576 170.000 1967.920 8.392 0.400 3.357 0.76
2019-05-05_01:03:40 04900 11.576 166.400 1926.246 8.400 0.400 3.360 0.76
2019-05-05_01:03:41 04901 11.568 170.000 1966.560 8.416 0.000 0.000 0.75
2019-05-05_01:03:42 04902 11.584 168.800 1955.379 8.304 0.000 0.000 0.75
2019-05-05_01:03:43 04903 11.584 180.000 2085.120 8.304 0.400 3.322 0.75
2019-05-05_01:03:44 04904 11.584 170.800 1978.547 8.328 0.400 3.331 0.75
2019-05-05_01:03:45 04905 11.576 170.400 1972.550 8.336 0.000 0.000 0.75
2019-05-05_01:03:46 04906 11.584 169.200 1960.013 8.352 0.400 3.341 0.75
2019-05-05_01:03:47 04907 11.576 166.000 1921.616 8.360 0.400 3.344 0.76
2019-05-05_01:03:48 04908 11.576 169.200 1958.659 8.368 0.400 3.347 0.76
2019-05-05_01:03:49 04909 11.576 170.000 1967.920 8.376 0.400 3.350 0.76
2019-05-05_01:03:50 04910 11.576 168.400 1949.398 8.392 0.000 0.000 0.76
2019-05-05_01:03:51 04911 11.568 170.000 1966.560 8.400 0.000 0.000 0.76
2019-05-05_01:03:52 04912 11.576 169.200 1958.659 8.408 0.400 3.363 0.75
2019-05-05_01:03:53 04913 11.584 168.800 1955.379 8.304 0.400 3.322 0.75
2019-05-05_01:03:54 04914 11.584 170.000 1969.280 8.312 0.000 0.000 0.75
2019-05-05_01:03:55 04915 11.576 170.400 1972.550 8.328 0.000 0.000 0.75
2019-05-05_01:03:56 04916 11.584 168.000 1946.112 8.344 0.400 3.338 0.75
2019-05-05_01:03:57 04917 11.576 170.400 1972.550 8.352 0.400 3.341 0.75
2019-05-05_01:03:58 04918 11.560 192.800 2228.768 8.344 0.000 0.000 0.76
2019-05-05_01:03:59 04919 11.576 166.400 1926.246 8.368 0.000 0.000 0.76
2019-05-05_01:04:00 04920 11.576 168.400 1949.398 8.376 0.400 3.350 0.76
2019-05-05_01:04:01 04921 11.568 168.800 1952.678 8.392 0.400 3.357 0.76
2019-05-05_01:04:02 04922 11.576 170.000 1967.920 8.400 0.000 0.000 0.76
2019-05-05_01:04:03 04923 11.552 198.400 2291.917 8.400 0.000 0.000 0.76
2019-05-05_01:04:04 04924 11.576 170.000 1967.920 8.424 0.000 0.000 0.75
2019-05-05_01:04:05 04925 11.584 168.800 1955.379 8.320 0.000 0.000 0.75
2019-05-05_01:04:06 04926 11.584 169.600 1964.646 8.328 0.000 0.000 0.75
2019-05-05_01:04:07 04927 11.576 169.600 1963.290 8.336 0.000 0.000 0.75
2019-05-05_01:04:08 04928 11.560 186.400 2154.784 8.336 0.000 0.000 0.75
2019-05-05_01:04:09 04929 11.576 170.400 1972.550 8.360 0.400 3.344 0.76
2019-05-05_01:04:10 04930 11.576 171.600 1986.442 8.368 0.000 0.000 0.76
2019-05-05_01:04:11 04931 11.576 170.400 1972.550 8.384 0.400 3.354 0.76
2019-05-05_01:04:12 04932 11.576 169.200 1958.659 8.384 0.400 3.354 0.76
2019-05-05_01:04:13 04933 11.568 170.800 1975.814 8.400 0.000 0.000 0.76
2019-05-05_01:04:14 04934 11.576 167.600 1940.138 8.408 0.400 3.363 0.75
2019-05-05_01:04:15 04935 11.584 170.800 1978.547 8.304 0.000 0.000 0.75
2019-05-05_01:04:16 04936 11.584 171.600 1987.814 8.320 0.400 3.328 0.75
2019-05-05_01:04:17 04937 11.576 172.400 1995.702 8.328 0.000 0.000 0.75
2019-05-05_01:04:18 04938 11.560 185.200 2140.912 8.320 0.000 0.000 0.75
2019-05-05_01:04:19 04939 11.584 169.600 1964.646 8.352 0.400 3.341 0.75
2019-05-05_01:04:20 04940 11.584 166.000 1922.944 8.360 0.400 3.344 0.76
2019-05-05_01:04:21 04941 11.576 168.800 1954.029 8.368 0.400 3.347 0.76
2019-05-05_01:04:22 04942 11.576 170.400 1972.550 8.376 0.400 3.350 0.76
2019-05-05_01:04:23 04943 11.552 181.200 2093.222 8.376 0.400 3.350 0.76
2019-05-05_01:04:24 04944 11.576 167.600 1940.138 8.400 0.000 0.000 0.76
2019-05-05_01:04:25 04945 11.576 170.400 1972.550 8.416 0.000 0.000 0.75
2019-05-05_01:04:26 04946 11.584 169.600 1964.646 8.304 0.000 0.000 0.75
2019-05-05_01:04:27 04947 11.592 167.200 1938.182 8.320 0.400 3.328 0.75
2019-05-05_01:04:28 04948 11.560 184.000 2127.040 8.320 0.000 0.000 0.75
2019-05-05_01:04:29 04949 11.576 168.800 1954.029 8.336 0.400 3.334 0.75