2019-05-05_22:40:00 04142 2.240 -0.800 -1.792 7.840 204.800 1605.632 0.00
2019-05-05_22:40:01 04143 2.240 -0.800 -1.792 7.840 194.800 1527.232 0.00
2019-05-05_22:40:02 04144 2.240 -0.800 -1.792 7.840 194.800 1527.232 0.00
2019-05-05_22:40:03 04145 2.240 -0.800 -1.792 7.840 194.400 1524.096 0.00
2019-05-05_22:40:04 04146 2.240 -0.800 -1.792 7.840 193.600 1517.824 0.00
2019-05-05_22:40:05 04147 2.240 -0.800 -1.792 7.840 194.400 1524.096 0.00
2019-05-05_22:40:06 04148 2.240 -0.800 -1.792 7.840 194.800 1527.232 0.00
2019-05-05_22:40:07 04149 2.240 -0.800 -1.792 7.840 197.200 1546.048 0.00
2019-05-05_22:40:08 04150 2.240 -0.800 -1.792 7.840 194.400 1524.096 0.00
2019-05-05_22:40:09 04151 2.240 -0.800 -1.792 7.840 194.400 1524.096 0.00
2019-05-05_22:40:10 04152 2.240 -0.800 -1.792 7.840 194.400 1524.096 0.00
2019-05-05_22:40:11 04153 2.240 -0.800 -1.792 7.832 195.600 1531.939 0.00
2019-05-05_22:40:12 04154 2.240 -0.800 -1.792 7.840 194.400 1524.096 0.00
2019-05-05_22:40:13 04155 2.240 -0.800 -1.792 7.840 194.400 1524.096 0.00
2019-05-05_22:40:14 04156 2.240 -0.800 -1.792 7.840 196.400 1539.776 0.00
2019-05-05_22:40:15 04157 2.240 -0.800 -1.792 7.824 218.800 1711.891 0.00
2019-05-05_22:40:16 04158 2.240 -0.800 -1.792 7.840 194.400 1524.096 0.00
2019-05-05_22:40:17 04159 2.240 -0.800 -1.792 7.840 193.600 1517.824 0.00
2019-05-05_22:40:18 04160 2.240 -0.800 -1.792 7.840 200.400 1571.136 0.00
2019-05-05_22:40:19 04161 2.240 -0.800 -1.792 7.840 194.400 1524.096 0.00
2019-05-05_22:40:20 04162 2.240 -0.800 -1.792 7.840 194.400 1524.096 0.00
2019-05-05_22:40:21 04163 2.240 -0.800 -1.792 7.840 195.200 1530.368 0.00
2019-05-05_22:40:22 04164 2.240 -0.800 -1.792 7.840 194.800 1527.232 0.00
2019-05-05_22:40:23 04165 2.240 -0.800 -1.792 7.840 194.400 1524.096 0.00
2019-05-05_22:40:24 04166 2.240 -0.800 -1.792 7.840 194.800 1527.232 0.00
2019-05-05_22:40:25 04167 2.240 -0.800 -1.792 7.840 194.800 1527.232 0.00
2019-05-05_22:40:26 04168 2.240 -0.800 -1.792 7.832 194.800 1525.674 0.00
2019-05-05_22:40:27 04169 2.240 -0.800 -1.792 7.824 218.800 1711.891 0.00
2019-05-05_22:40:28 04170 2.240 -0.800 -1.792 7.840 194.400 1524.096 0.00
2019-05-05_22:40:29 04171 2.240 -0.800 -1.792 7.840 194.400 1524.096 0.00
2019-05-05_22:40:30 04172 2.240 -0.800 -1.792 7.840 194.400 1524.096 0.00
2019-05-05_22:40:31 04173 2.240 -0.800 -1.792 7.840 194.000 1520.960 0.00
2019-05-05_22:40:32 04174 2.240 -0.400 -0.896 7.840 194.400 1524.096 0.00
2019-05-05_22:40:33 04175 2.240 -0.400 -0.896 7.840 194.800 1527.232 0.00
2019-05-05_22:40:34 04176 2.240 -0.800 -1.792 7.832 194.000 1519.408 0.00
2019-05-05_22:40:35 04177 2.240 -0.800 -1.792 7.840 194.400 1524.096 0.00
2019-05-05_22:40:36 04178 2.240 -0.800 -1.792 7.840 194.400 1524.096 0.00
2019-05-05_22:40:37 04179 2.240 -0.800 -1.792 7.840 194.400 1524.096 0.00
2019-05-05_22:40:38 04180 2.240 -0.800 -1.792 7.840 194.800 1527.232 0.00
2019-05-05_22:40:39 04181 2.240 -0.800 -1.792 7.840 194.800 1527.232 0.00
2019-05-05_22:40:40 04182 2.240 -0.800 -1.792 7.840 195.200 1530.368 0.00
2019-05-05_22:40:41 04183 2.240 -0.800 -1.792 7.840 194.800 1527.232 0.00
2019-05-05_22:40:42 04184 2.240 -0.800 -1.792 7.840 194.400 1524.096 0.00
2019-05-05_22:40:43 04185 2.240 -0.800 -1.792 7.840 194.000 1520.960 0.00
2019-05-05_22:40:44 04186 2.240 -0.800 -1.792 7.840 195.200 1530.368 0.00
2019-05-05_22:40:45 04187 2.240 -0.800 -1.792 7.816 219.600 1716.394 0.00
2019-05-05_22:40:46 04188 2.240 -0.800 -1.792 7.840 198.000 1552.320 0.00
2019-05-05_22:40:47 04189 2.240 -0.800 -1.792 7.840 195.200 1530.368 0.00
2019-05-05_22:40:48 04190 2.240 -0.800 -1.792 7.840 194.400 1524.096 0.00
2019-05-05_22:40:49 04191 2.240 -0.800 -1.792 7.832 194.800 1525.674 0.00
2019-05-05_22:40:50 04192 2.240 -0.800 -1.792 7.840 205.200 1608.768 0.00
2019-05-05_22:40:51 04193 2.240 -0.800 -1.792 7.840 194.400 1524.096 0.00
2019-05-05_22:40:52 04194 2.240 -0.800 -1.792 7.840 195.200 1530.368 0.00
2019-05-05_22:40:53 04195 2.240 -0.800 -1.792 7.840 193.200 1514.688 0.00
2019-05-05_22:40:54 04196 2.240 -0.800 -1.792 7.840 195.200 1530.368 0.00
2019-05-05_22:40:55 04197 2.240 -0.800 -1.792 7.840 194.400 1524.096 0.00
2019-05-05_22:40:56 04198 2.240 -0.800 -1.792 7.840 194.400 1524.096 0.00
2019-05-05_22:40:57 04199 2.240 -0.800 -1.792 7.840 194.400 1524.096 0.00
2019-05-05_22:40:58 04200 2.240 -0.800 -1.792 7.840 194.800 1527.232 0.00
2019-05-05_22:40:59 04201 2.240 -0.800 -1.792 7.840 194.400 1524.096 0.00
2019-05-05_22:41:00 04202 2.240 -0.800 -1.792 7.840 194.400 1524.096 0.00
2019-05-05_22:41:01 04203 2.240 -0.800 -1.792 7.840 194.400 1524.096 0.00
2019-05-05_22:41:02 04204 2.240 -0.800 -1.792 7.840 194.800 1527.232 0.00
2019-05-05_22:41:03 04205 2.240 -0.800 -1.792 7.840 198.000 1552.320 0.00
2019-05-05_22:41:04 04206 2.240 -0.800 -1.792 7.840 195.200 1530.368 0.00
2019-05-05_22:41:05 04207 2.240 -0.800 -1.792 7.840 194.800 1527.232 0.00
2019-05-05_22:41:06 04208 2.240 -0.800 -1.792 7.832 194.800 1525.674 0.00
2019-05-05_22:41:07 04209 2.240 -0.800 -1.792 7.840 194.400 1524.096 0.00
2019-05-05_22:41:08 04210 2.240 -0.800 -1.792 7.840 194.400 1524.096 0.00
2019-05-05_22:41:09 04211 2.240 -0.800 -1.792 7.840 200.400 1571.136 0.00
2019-05-05_22:41:10 04212 2.240 -0.800 -1.792 7.840 194.000 1520.960 0.00
2019-05-05_22:41:11 04213 2.240 -0.800 -1.792 7.840 195.600 1533.504 0.00
2019-05-05_22:41:12 04214 2.240 -0.800 -1.792 7.832 194.400 1522.541 0.00
2019-05-05_22:41:13 04215 2.240 -0.800 -1.792 7.840 194.400 1524.096 0.00
2019-05-05_22:41:14 04216 2.240 -0.800 -1.792 7.840 194.800 1527.232 0.00
2019-05-05_22:41:15 04217 2.240 -0.800 -1.792 7.840 194.000 1520.960 0.00
2019-05-05_22:41:16 04218 2.240 -0.800 -1.792 7.840 196.000 1536.640 0.00
2019-05-05_22:41:17 04219 2.240 -0.800 -1.792 7.840 194.800 1527.232 0.00
2019-05-05_22:41:18 04220 2.240 -0.800 -1.792 7.840 195.200 1530.368 0.00
2019-05-05_22:41:19 04221 2.240 -0.800 -1.792 7.840 194.800 1527.232 0.00
2019-05-05_22:41:20 04222 2.240 -0.800 -1.792 7.840 194.800 1527.232 0.00
2019-05-05_22:41:21 04223 2.240 -0.800 -1.792 7.840 194.800 1527.232 0.00
2019-05-05_22:41:22 04224 2.240 -0.800 -1.792 7.840 194.800 1527.232 0.00
2019-05-05_22:41:23 04225 2.240 -0.800 -1.792 7.840 194.800 1527.232 0.00
2019-05-05_22:41:24 04226 2.240 -0.800 -1.792 7.840 194.000 1520.960 0.00
2019-05-05_22:41:25 04227 2.240 -0.800 -1.792 7.840 194.400 1524.096 0.00
2019-05-05_22:41:26 04228 2.240 -0.800 -1.792 7.832 194.000 1519.408 0.00
2019-05-05_22:41:27 04229 2.240 -0.800 -1.792 7.840 195.200 1530.368 0.00
2019-05-05_22:41:28 04230 2.240 -0.800 -1.792 7.840 195.200 1530.368 0.00
2019-05-05_22:41:29 04231 2.240 -0.800 -1.792 7.840 194.400 1524.096 0.00
2019-05-05_22:41:30 04232 2.240 -0.800 -1.792 7.832 196.800 1541.338 0.00
2019-05-05_22:41:31 04233 2.240 -0.800 -1.792 7.840 193.600 1517.824 0.00
2019-05-05_22:41:32 04234 2.240 -0.800 -1.792 7.832 194.400 1522.541 0.00
2019-05-05_22:41:33 04235 2.240 -0.800 -1.792 7.840 194.400 1524.096 0.00
2019-05-05_22:41:34 04236 2.240 -0.800 -1.792 7.832 194.800 1525.674 0.00
2019-05-05_22:41:35 04237 2.240 -0.800 -1.792 7.840 195.200 1530.368 0.00
2019-05-05_22:41:36 04238 2.240 -0.800 -1.792 7.840 194.800 1527.232 0.00
2019-05-05_22:41:37 04239 2.240 -0.800 -1.792 7.840 194.800 1527.232 0.00
2019-05-05_22:41:38 04240 2.240 -0.800 -1.792 7.824 195.200 1527.245 0.00
2019-05-05_22:41:39 04241 2.240 -0.800 -1.792 7.840 194.400 1524.096 0.00
2019-05-05_22:41:40 04242 2.240 -0.800 -1.792 7.840 194.400 1524.096 0.00