2019-05-04_23:52:00 00607 11.592 153.600 1780.531 8.368 0.400 3.347 0.76
2019-05-04_23:52:01 00608 11.584 152.800 1770.035 8.384 0.000 0.000 0.76
2019-05-04_23:52:02 00609 11.576 169.200 1958.659 8.384 0.000 0.000 0.76
2019-05-04_23:52:03 00610 11.584 153.200 1774.669 8.400 0.400 3.360 0.76
2019-05-04_23:52:04 00611 11.584 153.200 1774.669 8.408 0.400 3.363 0.75
2019-05-04_23:52:05 00612 11.584 154.400 1788.570 8.312 0.000 0.000 0.75
2019-05-04_23:52:06 00613 11.592 164.800 1910.362 8.320 0.000 0.000 0.75
2019-05-04_23:52:07 00614 11.584 168.800 1955.379 8.320 0.000 0.000 0.75
2019-05-04_23:52:08 00615 11.584 172.000 1992.448 8.336 0.400 3.334 0.75
2019-05-04_23:52:09 00616 11.584 160.800 1862.707 8.352 0.400 3.341 0.75
2019-05-04_23:52:10 00617 11.592 164.400 1905.725 8.360 0.000 0.000 0.75
2019-05-04_23:52:11 00618 11.584 154.000 1783.936 8.368 0.000 0.000 0.76
2019-05-04_23:52:12 00619 11.576 169.200 1958.659 8.368 0.000 0.000 0.76
2019-05-04_23:52:13 00620 11.576 156.800 1815.117 8.392 0.400 3.357 0.76
2019-05-04_23:52:14 00621 11.584 164.000 1899.776 8.400 0.000 0.000 0.76
2019-05-04_23:52:15 00622 11.584 153.200 1774.669 8.408 0.000 0.000 0.75
2019-05-04_23:52:16 00623 11.584 162.400 1881.242 8.312 0.000 0.000 0.75
2019-05-04_23:52:17 00624 11.584 169.200 1960.013 8.312 0.000 0.000 0.75
2019-05-04_23:52:18 00625 11.592 153.200 1775.894 8.328 0.000 0.000 0.75
2019-05-04_23:52:19 00626 11.584 163.200 1890.509 8.336 0.000 0.000 0.75
2019-05-04_23:52:20 00627 11.592 153.200 1775.894 8.352 0.400 3.341 0.75
2019-05-04_23:52:21 00628 11.592 153.200 1775.894 8.360 0.400 3.344 0.75
2019-05-04_23:52:22 00629 11.568 171.200 1980.442 8.360 0.400 3.344 0.76
2019-05-04_23:52:23 00630 11.576 163.600 1893.834 8.376 0.400 3.350 0.76
2019-05-04_23:52:24 00631 11.584 154.000 1783.936 8.392 0.400 3.357 0.76
2019-05-04_23:52:25 00632 11.576 170.800 1977.181 8.392 0.400 3.357 0.76
2019-05-04_23:52:26 00633 11.576 157.200 1819.747 8.408 0.000 0.000 0.75
2019-05-04_23:52:27 00634 11.584 169.200 1960.013 8.304 0.000 0.000 0.75
2019-05-04_23:52:28 00635 11.592 153.200 1775.894 8.320 0.000 0.000 0.75
2019-05-04_23:52:29 00636 11.576 174.000 2014.224 8.320 0.000 0.000 0.75
2019-05-04_23:52:30 00637 11.584 162.800 1885.875 8.336 0.000 0.000 0.75
2019-05-04_23:52:31 00638 11.592 152.800 1771.258 8.352 0.400 3.341 0.75
2019-05-04_23:52:32 00639 11.576 169.200 1958.659 8.352 0.400 3.341 0.75
2019-05-04_23:52:33 00640 11.584 161.600 1871.974 8.368 0.000 0.000 0.76
2019-05-04_23:52:34 00641 11.584 153.200 1774.669 8.384 0.000 0.000 0.76
2019-05-04_23:52:35 00642 11.584 153.200 1774.669 8.392 0.000 0.000 0.76
2019-05-04_23:52:36 00643 11.576 153.200 1773.443 8.400 0.400 3.360 0.76
2019-05-04_23:52:37 00644 11.576 162.800 1884.573 8.416 0.000 0.000 0.75
2019-05-04_23:52:38 00645 11.592 153.600 1780.531 8.312 0.000 0.000 0.75
2019-05-04_23:52:39 00646 11.592 152.800 1771.258 8.320 0.000 0.000 0.75
2019-05-04_23:52:40 00647 11.584 153.200 1774.669 8.328 0.000 0.000 0.75
2019-05-04_23:52:41 00648 11.584 160.800 1862.707 8.344 0.000 0.000 0.75
2019-05-04_23:52:42 00649 11.584 169.200 1960.013 8.344 0.000 0.000 0.75
2019-05-04_23:52:43 00650 11.584 153.600 1779.302 8.360 0.400 3.344 0.75
2019-05-04_23:52:44 00651 11.584 153.600 1779.302 8.368 0.000 0.000 0.76
2019-05-04_23:52:45 00652 11.592 153.600 1780.531 8.384 0.000 0.000 0.76
2019-05-04_23:52:46 00653 11.576 156.800 1815.117 8.392 0.000 0.000 0.76
2019-05-04_23:52:47 00654 11.576 169.200 1958.659 8.392 0.400 3.357 0.76
2019-05-04_23:52:48 00655 11.584 152.800 1770.035 8.408 0.000 0.000 0.75
2019-05-04_23:52:49 00656 11.592 156.000 1808.352 8.312 0.000 0.000 0.75
2019-05-04_23:52:50 00657 11.592 163.600 1896.451 8.320 0.000 0.000 0.75
2019-05-04_23:52:51 00658 11.592 153.200 1775.894 8.328 0.000 0.000 0.75
2019-05-04_23:52:52 00659 11.576 169.600 1963.290 8.328 0.400 3.331 0.75
2019-05-04_23:52:53 00660 11.584 161.200 1867.341 8.352 0.000 0.000 0.75
2019-05-04_23:52:54 00661 11.592 153.600 1780.531 8.360 0.000 0.000 0.75
2019-05-04_23:52:55 00662 11.592 153.200 1775.894 8.376 0.400 3.350 0.76
2019-05-04_23:52:56 00663 11.584 153.200 1774.669 8.384 0.000 0.000 0.76
2019-05-04_23:52:57 00664 11.576 183.200 2120.723 8.384 0.000 0.000 0.76
2019-05-04_23:52:58 00665 11.584 164.000 1899.776 8.400 0.400 3.360 0.76
2019-05-04_23:52:59 00666 11.584 153.200 1774.669 8.408 0.000 0.000 0.75
2019-05-04_23:53:00 00667 11.592 155.200 1799.078 8.312 0.000 0.000 0.75
2019-05-04_23:53:01 00668 11.584 161.200 1867.341 8.320 0.000 0.000 0.75
2019-05-04_23:53:02 00669 11.584 169.600 1964.646 8.320 0.000 0.000 0.75
2019-05-04_23:53:03 00670 11.592 153.200 1775.894 8.336 0.000 0.000 0.75
2019-05-04_23:53:04 00671 11.584 160.800 1862.707 8.352 0.400 3.341 0.75
2019-05-04_23:53:05 00672 11.584 156.000 1807.104 8.360 0.400 3.344 0.75
2019-05-04_23:53:06 00673 11.584 154.400 1788.570 8.368 0.400 3.347 0.76
2019-05-04_23:53:07 00674 11.568 183.600 2123.885 8.368 0.000 0.000 0.76
2019-05-04_23:53:08 00675 11.584 153.200 1774.669 8.384 0.400 3.354 0.76
2019-05-04_23:53:09 00676 11.584 159.200 1844.173 8.400 0.400 3.360 0.76
2019-05-04_23:53:10 00677 11.576 173.600 2009.594 8.416 0.000 0.000 0.75
2019-05-04_23:53:11 00678 11.584 159.600 1848.806 8.312 0.000 0.000 0.75
2019-05-04_23:53:12 00679 11.584 171.600 1987.814 8.304 0.000 0.000 0.75
2019-05-04_23:53:13 00680 11.592 153.600 1780.531 8.328 0.000 0.000 0.75
2019-05-04_23:53:14 00681 11.584 156.800 1816.371 8.336 0.000 0.000 0.75
2019-05-04_23:53:15 00682 11.592 163.600 1896.451 8.352 0.400 3.341 0.75
2019-05-04_23:53:16 00683 11.592 153.200 1775.894 8.360 0.000 0.000 0.75
2019-05-04_23:53:17 00684 11.576 168.800 1954.029 8.368 0.000 0.000 0.76
2019-05-04_23:53:18 00685 11.584 152.800 1770.035 8.384 0.400 3.354 0.76
2019-05-04_23:53:19 00686 11.576 156.000 1805.856 8.392 0.400 3.357 0.76
2019-05-04_23:53:20 00687 11.584 164.000 1899.776 8.400 0.400 3.360 0.76
2019-05-04_23:53:21 00688 11.576 163.200 1889.203 8.408 0.400 3.363 0.75
2019-05-04_23:53:22 00689 11.600 152.800 1772.480 8.312 0.000 0.000 0.75
2019-05-04_23:53:23 00690 11.592 165.600 1919.635 8.320 0.000 0.000 0.75
2019-05-04_23:53:24 00691 11.592 152.800 1771.258 8.320 0.000 0.000 0.75
2019-05-04_23:53:25 00692 11.584 154.000 1783.936 8.344 0.000 0.000 0.75
2019-05-04_23:53:26 00693 11.584 153.200 1774.669 8.352 0.400 3.341 0.75
2019-05-04_23:53:27 00694 11.576 184.000 2129.984 8.352 0.400 3.341 0.75
2019-05-04_23:53:28 00695 11.576 166.800 1930.877 8.376 0.400 3.350 0.76
2019-05-04_23:53:29 00696 11.576 169.200 1958.659 8.368 0.400 3.347 0.76
2019-05-04_23:53:30 00697 11.584 152.800 1770.035 8.392 0.000 0.000 0.76
2019-05-04_23:53:31 00698 11.576 154.800 1791.965 8.400 0.000 0.000 0.76
2019-05-04_23:53:32 00699 11.576 170.800 1977.181 8.400 0.000 0.000 0.76
2019-05-04_23:53:33 00700 11.584 165.600 1918.310 8.424 0.000 0.000 0.75
2019-05-04_23:53:34 00701 11.592 152.800 1771.258 8.320 0.400 3.328 0.75
2019-05-04_23:53:35 00702 11.584 153.200 1774.669 8.328 0.000 0.000 0.75
2019-05-04_23:53:36 00703 11.592 152.800 1771.258 8.336 0.400 3.334 0.75
2019-05-04_23:53:37 00704 11.576 179.600 2079.050 8.344 0.000 0.000 0.75
2019-05-04_23:53:38 00705 11.584 159.200 1844.173 8.360 0.400 3.344 0.75
2019-05-04_23:53:39 00706 11.584 163.200 1890.509 8.368 0.000 0.000 0.76
2019-05-04_23:53:40 00707 11.584 153.200 1774.669 8.376 0.400 3.350 0.76