2019-05-04_23:14:00 00001 11.552 204.800 2365.850 3.224 0.000 0.000 0.32
2019-05-04_23:14:01 00002 11.584 166.400 1927.578 3.464 0.000 0.000 0.34
2019-05-04_23:14:02 00003 11.568 185.600 2147.021 3.688 0.400 1.475 0.36
2019-05-04_23:14:03 00004 11.584 184.400 2136.090 3.936 0.000 0.000 0.38
2019-05-04_23:14:04 00005 11.560 184.800 2136.288 4.160 0.000 0.000 0.40
2019-05-04_23:14:05 00006 11.568 194.800 2253.446 4.400 0.000 0.000 0.42
2019-05-04_23:14:06 00007 11.568 188.800 2184.038 4.624 0.000 0.000 0.44
2019-05-04_23:14:07 00008 11.576 189.200 2190.179 4.872 0.000 0.000 0.46
2019-05-04_23:14:08 00009 11.552 196.400 2268.813 5.088 0.000 0.000 0.48
2019-05-04_23:14:10 00010 11.560 206.400 2385.984 5.320 0.000 0.000 0.50
2019-05-04_23:14:11 00011 11.568 185.600 2147.021 5.552 0.000 0.000 0.52
2019-05-04_23:14:12 00012 11.576 190.000 2199.440 5.792 0.000 0.000 0.54
2019-05-04_23:14:13 00013 11.560 184.400 2131.664 6.008 0.000 0.000 0.56
2019-05-04_23:14:14 00014 11.568 186.800 2160.902 6.240 0.000 0.000 0.58
2019-05-04_23:14:15 00015 11.568 186.400 2156.275 6.472 0.000 0.000 0.60
2019-05-04_23:14:16 00016 11.576 169.600 1963.290 6.704 0.000 0.000 0.62
2019-05-04_23:14:17 00017 11.568 189.600 2193.293 6.912 0.000 0.000 0.64
2019-05-04_23:14:18 00018 11.584 168.000 1946.112 7.160 0.000 0.000 0.66
2019-05-04_23:14:19 00019 11.568 192.800 2230.310 7.360 0.000 0.000 0.68
2019-05-04_23:14:20 00020 11.560 187.200 2164.032 7.584 0.000 0.000 0.70
2019-05-04_23:14:21 00021 11.560 190.800 2205.648 7.792 0.000 0.000 0.72
2019-05-04_23:14:22 00022 11.584 167.600 1941.478 8.016 0.400 3.206 0.74
2019-05-04_23:14:23 00023 11.576 186.800 2162.397 8.224 0.000 0.000 0.76
2019-05-04_23:14:24 00024 11.552 187.600 2167.155 8.408 0.000 0.000 0.75
2019-05-04_23:14:25 00025 11.544 215.200 2484.269 8.304 0.000 0.000 0.75
2019-05-04_23:14:26 00026 11.584 182.400 2112.922 8.320 0.000 0.000 0.75
2019-05-04_23:14:27 00027 11.560 190.400 2201.024 8.344 0.000 0.000 0.75
2019-05-04_23:14:28 00028 11.568 186.400 2156.275 8.352 0.000 0.000 0.75
2019-05-04_23:14:29 00029 11.576 166.400 1926.246 8.376 0.000 0.000 0.76
2019-05-04_23:14:30 00030 11.520 228.400 2631.168 8.360 0.000 0.000 0.76
2019-05-04_23:14:31 00031 11.552 201.200 2324.262 8.376 0.400 3.350 0.76
2019-05-04_23:14:32 00032 11.512 201.200 2316.214 8.360 0.000 0.000 0.76
2019-05-04_23:14:33 00033 11.552 186.400 2153.293 8.400 0.000 0.000 0.76
2019-05-04_23:14:34 00034 11.560 187.200 2164.032 8.408 0.000 0.000 0.75
2019-05-04_23:14:35 00035 11.568 184.000 2128.512 8.312 0.000 0.000 0.75
2019-05-04_23:14:36 00036 11.568 193.600 2239.565 8.320 0.400 3.328 0.75
2019-05-04_23:14:37 00037 11.576 188.800 2185.549 8.328 0.000 0.000 0.75
2019-05-04_23:14:38 00038 11.560 187.600 2168.656 8.336 0.000 0.000 0.75
2019-05-04_23:14:39 00039 11.560 190.400 2201.024 8.352 0.000 0.000 0.75
2019-05-04_23:14:40 00040 11.568 182.400 2110.003 8.360 0.000 0.000 0.76
2019-05-04_23:14:41 00041 11.568 186.400 2156.275 8.368 0.000 0.000 0.76
2019-05-04_23:14:42 00042 11.560 182.400 2108.544 8.376 0.400 3.350 0.76
2019-05-04_23:14:43 00043 11.576 167.200 1935.507 8.400 0.400 3.360 0.76
2019-05-04_23:14:44 00044 11.568 186.000 2151.648 8.400 0.000 0.000 0.76
2019-05-04_23:14:45 00045 11.560 180.400 2085.424 8.408 0.400 3.363 0.75
2019-05-04_23:14:46 00046 11.584 160.800 1862.707 8.320 0.000 0.000 0.75
2019-05-04_23:14:47 00047 11.576 194.800 2255.005 8.320 0.000 0.000 0.75
2019-05-04_23:14:48 00048 11.568 184.000 2128.512 8.328 0.400 3.331 0.75
2019-05-04_23:14:49 00049 11.576 182.800 2116.093 8.336 0.000 0.000 0.75
2019-05-04_23:14:50 00050 11.576 160.400 1856.790 8.360 0.000 0.000 0.75
2019-05-04_23:14:51 00051 11.560 192.000 2219.520 8.360 0.000 0.000 0.76
2019-05-04_23:14:52 00052 11.568 186.400 2156.275 8.368 0.400 3.347 0.76
2019-05-04_23:14:53 00053 11.544 208.400 2405.770 8.368 0.000 0.000 0.76
2019-05-04_23:14:54 00054 11.560 186.000 2150.160 8.392 0.000 0.000 0.76
2019-05-04_23:14:55 00055 11.568 170.800 1975.814 8.408 0.000 0.000 0.75
2019-05-04_23:14:56 00056 11.568 191.600 2216.429 8.304 0.000 0.000 0.75
2019-05-04_23:14:57 00057 11.568 184.800 2137.766 8.312 0.000 0.000 0.75
2019-05-04_23:14:58 00058 11.560 186.000 2150.160 8.320 0.000 0.000 0.75
2019-05-04_23:14:59 00059 11.568 190.400 2202.547 8.328 0.000 0.000 0.75
2019-05-04_23:15:00 00060 11.568 182.800 2114.630 8.344 0.000 0.000 0.75
2019-05-04_23:15:01 00061 11.568 180.800 2091.494 8.352 0.000 0.000 0.75
2019-05-04_23:15:02 00062 11.560 182.800 2113.168 8.360 0.000 0.000 0.76
2019-05-04_23:15:03 00063 11.560 182.800 2113.168 8.368 0.000 0.000 0.76
2019-05-04_23:15:04 00064 11.560 191.200 2210.272 8.376 0.000 0.000 0.76
2019-05-04_23:15:05 00065 11.560 186.000 2150.160 8.392 0.400 3.357 0.76
2019-05-04_23:15:06 00066 11.552 182.800 2111.706 8.400 0.400 3.360 0.76
2019-05-04_23:15:07 00067 11.568 177.600 2054.477 8.416 0.000 0.000 0.75
2019-05-04_23:15:08 00068 11.576 192.400 2227.222 8.312 0.000 0.000 0.75
2019-05-04_23:15:09 00069 11.576 180.800 2092.941 8.320 0.000 0.000 0.75
2019-05-04_23:15:10 00070 11.560 183.200 2117.792 8.328 0.000 0.000 0.75
2019-05-04_23:15:11 00071 11.560 185.600 2145.536 8.344 0.400 3.338 0.75
2019-05-04_23:15:12 00072 11.560 194.800 2251.888 8.352 0.000 0.000 0.75
2019-05-04_23:15:13 00073 11.568 186.800 2160.902 8.360 0.000 0.000 0.76
2019-05-04_23:15:14 00074 11.560 185.200 2140.912 8.368 0.400 3.347 0.76
2019-05-04_23:15:15 00075 11.560 186.000 2150.160 8.376 0.000 0.000 0.76
2019-05-04_23:15:16 00076 11.560 191.200 2210.272 8.392 0.000 0.000 0.76
2019-05-04_23:15:17 00077 11.568 183.600 2123.885 8.400 0.000 0.000 0.76
2019-05-04_23:15:18 00078 11.568 181.600 2100.749 8.408 0.000 0.000 0.75
2019-05-04_23:15:19 00079 11.568 193.600 2239.565 8.312 0.400 3.325 0.75
2019-05-04_23:15:20 00080 11.568 187.600 2170.157 8.320 0.400 3.328 0.75
2019-05-04_23:15:21 00081 11.584 168.400 1950.746 8.328 0.000 0.000 0.75
2019-05-04_23:15:22 00082 11.568 181.200 2096.122 8.344 0.000 0.000 0.75
2019-05-04_23:15:23 00083 11.568 182.800 2114.630 8.352 0.000 0.000 0.75
2019-05-04_23:15:24 00084 11.568 181.200 2096.122 8.360 0.000 0.000 0.76
2019-05-04_23:15:25 00085 11.560 184.000 2127.040 8.368 0.000 0.000 0.76
2019-05-04_23:15:26 00086 11.560 190.400 2201.024 8.376 0.000 0.000 0.76
2019-05-04_23:15:27 00087 11.568 180.800 2091.494 8.392 0.000 0.000 0.76
2019-05-04_23:15:28 00088 11.560 187.200 2164.032 8.392 0.000 0.000 0.76
2019-05-04_23:15:29 00089 11.544 202.000 2331.888 8.400 0.000 0.000 0.76
2019-05-04_23:15:30 00090 11.560 196.800 2275.008 8.424 0.000 0.000 0.75
2019-05-04_23:15:31 00091 11.576 182.800 2116.093 8.320 0.000 0.000 0.75
2019-05-04_23:15:32 00092 11.568 180.400 2086.867 8.328 0.000 0.000 0.75
2019-05-04_23:15:33 00093 11.568 183.600 2123.885 8.344 0.000 0.000 0.75
2019-05-04_23:15:34 00094 11.552 193.200 2231.846 8.352 0.000 0.000 0.75
2019-05-04_23:15:35 00095 11.560 180.000 2080.800 8.360 0.000 0.000 0.76
2019-05-04_23:15:36 00096 11.568 180.800 2091.494 8.368 0.000 0.000 0.76
2019-05-04_23:15:37 00097 11.560 190.400 2201.024 8.376 0.000 0.000 0.76
2019-05-04_23:15:38 00098 11.568 184.800 2137.766 8.384 0.000 0.000 0.76
2019-05-04_23:15:39 00099 11.560 181.200 2094.672 8.392 0.000 0.000 0.76
2019-05-04_23:15:40 00100 11.560 184.400 2131.664 8.408 0.000 0.000 0.75
2019-05-04_23:15:41 00101 11.568 192.400 2225.683 8.312 0.000 0.000 0.75