2019-05-05_23:23:49 06768 11.368 397.200 4515.370 8.368 -312.000 -2610.816 0.82
2019-05-05_23:23:50 06769 11.368 396.800 4510.822 8.376 -321.200 -2690.371 0.82
2019-05-05_23:23:51 06770 11.368 401.600 4565.389 8.384 -326.800 -2739.891 0.82
2019-05-05_23:23:52 06771 11.360 407.200 4625.792 8.384 -333.200 -2793.549 0.82
2019-05-05_23:23:53 06772 11.352 424.800 4822.330 8.392 -339.600 -2849.923 0.82
2019-05-05_23:23:54 06773 11.352 424.000 4813.248 8.400 -345.600 -2903.040 0.82
2019-05-05_23:23:55 06774 11.352 421.200 4781.462 8.408 -350.800 -2949.526 0.81
2019-05-05_23:23:56 06775 11.392 370.800 4224.154 8.352 -286.800 -2395.354 0.81
2019-05-05_23:23:57 06776 11.384 375.600 4275.830 8.352 -294.000 -2455.488 0.81
2019-05-05_23:23:58 06777 11.376 391.600 4454.842 8.360 -293.200 -2451.152 0.81
2019-05-05_23:23:59 06778 11.376 385.200 4382.035 8.368 -305.600 -2557.261 0.82
2019-05-05_23:24:00 06779 11.376 390.400 4441.190 8.368 -312.800 -2617.510 0.82
2019-05-05_23:24:01 06780 11.368 396.400 4506.275 8.376 -320.400 -2683.670 0.82
2019-05-05_23:24:02 06781 11.360 407.600 4630.336 8.384 -326.400 -2736.538 0.82
2019-05-05_23:24:03 06782 11.352 418.000 4745.136 8.384 -326.000 -2733.184 0.82
2019-05-05_23:24:04 06783 11.360 411.200 4671.232 8.392 -339.200 -2846.566 0.82
2019-05-05_23:24:05 06784 11.352 416.000 4722.432 8.400 -345.200 -2899.680 0.82
2019-05-05_23:24:06 06785 11.352 421.200 4781.462 8.408 -351.600 -2956.253 0.81
2019-05-05_23:24:07 06786 11.392 370.400 4219.597 8.352 -287.200 -2398.694 0.81
2019-05-05_23:24:08 06787 11.376 388.000 4413.888 8.352 -287.200 -2398.694 0.81
2019-05-05_23:24:09 06788 11.384 387.200 4407.885 8.360 -299.600 -2504.656 0.81
2019-05-05_23:24:10 06789 11.376 384.800 4377.485 8.368 -306.400 -2563.955 0.82
2019-05-05_23:24:11 06790 11.376 390.400 4441.190 8.368 -312.400 -2614.163 0.82
2019-05-05_23:24:12 06791 11.368 397.600 4519.917 8.376 -320.400 -2683.670 0.82
2019-05-05_23:24:13 06792 11.360 413.600 4698.496 8.384 -319.200 -2676.173 0.82
2019-05-05_23:24:14 06793 11.360 406.400 4616.704 8.392 -332.400 -2789.501 0.82
2019-05-05_23:24:15 06794 11.352 418.000 4745.136 8.392 -338.000 -2836.496 0.82
2019-05-05_23:24:16 06795 11.352 417.600 4740.595 8.400 -345.200 -2899.680 0.82
2019-05-05_23:24:17 06796 11.352 421.200 4781.462 8.400 -350.400 -2943.360 0.82
2019-05-05_23:24:18 06797 11.344 438.400 4973.210 8.408 -349.600 -2939.437 0.81
2019-05-05_23:24:19 06798 11.384 382.800 4357.795 8.360 -292.400 -2444.464 0.81
2019-05-05_23:24:20 06799 11.384 389.600 4435.206 8.360 -299.200 -2501.312 0.81
2019-05-05_23:24:21 06800 11.376 385.600 4386.586 8.368 -298.800 -2500.358 0.82
2019-05-05_23:24:22 06801 11.368 391.200 4447.162 8.368 -307.200 -2570.650 0.82
2019-05-05_23:24:23 06802 11.360 404.800 4598.528 8.376 -312.400 -2616.662 0.82
2019-05-05_23:24:24 06803 11.368 402.000 4569.936 8.384 -326.400 -2736.538 0.82
2019-05-05_23:24:25 06804 11.360 406.400 4616.704 8.384 -331.600 -2780.134 0.82
2019-05-05_23:24:26 06805 11.352 415.600 4717.891 8.392 -338.000 -2836.496 0.82
2019-05-05_23:24:27 06806 11.352 419.200 4758.758 8.400 -344.400 -2892.960 0.82
2019-05-05_23:24:28 06807 11.344 432.800 4909.683 8.400 -344.400 -2892.960 0.82
2019-05-05_23:24:29 06808 11.344 434.400 4927.834 8.408 -349.200 -2936.074 0.81
2019-05-05_23:24:30 06809 11.376 386.400 4395.686 8.352 -286.000 -2388.672 0.81
2019-05-05_23:24:31 06810 11.376 390.400 4441.190 8.360 -292.400 -2444.464 0.81
2019-05-05_23:24:32 06811 11.368 397.200 4515.370 8.368 -303.200 -2537.178 0.82
2019-05-05_23:24:33 06812 11.368 402.000 4569.936 8.368 -306.800 -2567.302 0.82
2019-05-05_23:24:34 06813 11.360 408.400 4639.424 8.376 -312.800 -2620.013 0.82
2019-05-05_23:24:35 06814 11.360 412.800 4689.408 8.384 -319.200 -2676.173 0.82
2019-05-05_23:24:36 06815 11.344 417.600 4737.254 8.384 -314.800 -2639.283 0.82
2019-05-05_23:24:37 06816 11.352 420.000 4767.840 8.392 -331.200 -2779.430 0.82
2019-05-05_23:24:38 06817 11.344 425.200 4823.469 8.400 -338.400 -2842.560 0.82
2019-05-05_23:24:39 06818 11.344 430.800 4886.995 8.408 -343.600 -2888.989 0.81
2019-05-05_23:24:40 06819 11.384 382.000 4348.688 8.352 -280.400 -2341.901 0.81
2019-05-05_23:24:41 06820 11.376 387.200 4404.787 8.352 -289.200 -2415.398 0.81
2019-05-05_23:24:42 06821 11.376 392.000 4459.392 8.360 -292.400 -2444.464 0.81
2019-05-05_23:24:43 06822 11.376 394.000 4482.144 8.368 -299.200 -2503.706 0.82
2019-05-05_23:24:44 06823 11.368 399.200 4538.106 8.368 -305.200 -2553.914 0.82
2019-05-05_23:24:45 06824 11.360 407.200 4625.792 8.376 -311.200 -2606.611 0.82
2019-05-05_23:24:46 06825 11.360 412.800 4689.408 8.384 -321.200 -2692.941 0.82
2019-05-05_23:24:47 06826 11.360 415.600 4721.216 8.392 -326.000 -2735.792 0.82
2019-05-05_23:24:48 06827 11.352 420.800 4776.922 8.392 -332.000 -2786.144 0.82
2019-05-05_23:24:49 06828 11.336 444.000 5033.184 8.400 -328.000 -2755.200 0.82
2019-05-05_23:24:50 06829 11.328 454.400 5147.443 8.400 -333.600 -2802.240 0.82
2019-05-05_23:24:51 06830 11.328 459.600 5206.349 8.408 -338.000 -2841.904 0.81
2019-05-05_23:24:52 06831 11.368 405.200 4606.314 8.352 -274.800 -2295.130 0.81
2019-05-05_23:24:53 06832 11.360 412.000 4680.320 8.360 -281.600 -2354.176 0.81
2019-05-05_23:24:54 06833 11.360 418.000 4748.480 8.360 -288.800 -2414.368 0.82
2019-05-05_23:24:55 06834 11.360 422.400 4798.464 8.368 -293.200 -2453.498 0.82
2019-05-05_23:24:56 06835 11.352 429.600 4876.819 8.376 -302.400 -2532.902 0.82
2019-05-05_23:24:57 06836 11.352 434.400 4931.309 8.376 -308.800 -2586.509 0.82
2019-05-05_23:24:58 06837 11.352 430.800 4890.442 8.384 -314.000 -2632.576 0.82
2019-05-05_23:24:59 06838 11.336 441.600 5005.978 8.392 -321.200 -2695.510 0.82
2019-05-05_23:25:00 06839 11.336 446.000 5055.856 8.400 -327.200 -2748.480 0.82
2019-05-05_23:25:01 06840 11.336 454.400 5151.078 8.400 -332.800 -2795.520 0.82
2019-05-05_23:25:02 06841 11.328 458.000 5188.224 8.408 -338.800 -2848.630 0.81
2019-05-05_23:25:03 06842 11.368 408.800 4647.238 8.352 -275.200 -2298.470 0.81
2019-05-05_23:25:04 06843 11.368 413.600 4701.805 8.360 -283.600 -2370.896 0.81
2019-05-05_23:25:05 06844 11.360 418.800 4757.568 8.368 -288.000 -2409.984 0.82
2019-05-05_23:25:06 06845 11.360 419.600 4766.656 8.368 -293.600 -2456.845 0.82
2019-05-05_23:25:07 06846 11.352 428.800 4867.738 8.376 -302.000 -2529.552 0.82
2019-05-05_23:25:08 06847 11.344 436.400 4950.522 8.376 -309.600 -2593.210 0.82
2019-05-05_23:25:09 06848 11.344 437.200 4959.597 8.384 -314.000 -2632.576 0.82
2019-05-05_23:25:10 06849 11.344 443.200 5027.661 8.384 -320.000 -2682.880 0.82
2019-05-05_23:25:11 06850 11.336 443.600 5028.650 8.400 -327.600 -2751.840 0.82
2019-05-05_23:25:12 06851 11.336 452.000 5123.872 8.400 -333.200 -2798.880 0.82
2019-05-05_23:25:13 06852 11.336 456.400 5173.750 8.408 -344.000 -2892.352 0.81
2019-05-05_23:25:14 06853 11.368 409.600 4656.333 8.352 -276.000 -2305.152 0.81
2019-05-05_23:25:15 06854 11.368 408.800 4647.238 8.360 -285.200 -2384.272 0.81
2019-05-05_23:25:16 06855 11.360 413.200 4693.952 8.360 -288.800 -2414.368 0.82
2019-05-05_23:25:17 06856 11.360 416.800 4734.848 8.368 -294.800 -2466.886 0.82
2019-05-05_23:25:18 06857 11.352 427.600 4854.115 8.376 -304.000 -2546.304 0.82
2019-05-05_23:25:19 06858 11.352 432.000 4904.064 8.376 -312.400 -2616.662 0.82
2019-05-05_23:25:20 06859 11.344 438.000 4968.672 8.384 -313.600 -2629.222 0.82
2019-05-05_23:25:21 06860 11.336 439.600 4983.306 8.392 -324.000 -2719.008 0.82
2019-05-05_23:25:22 06861 11.336 442.800 5019.581 8.392 -331.200 -2779.430 0.82
2019-05-05_23:25:23 06862 11.336 447.200 5069.459 8.400 -333.200 -2798.880 0.82
2019-05-05_23:25:24 06863 11.328 450.400 5102.131 8.408 -339.200 -2851.994 0.81
2019-05-05_23:25:25 06864 11.368 407.200 4629.050 8.352 -276.400 -2308.493 0.81
2019-05-05_23:25:26 06865 11.368 412.000 4683.616 8.360 -286.000 -2390.960 0.81
2019-05-05_23:25:27 06866 11.360 416.000 4725.760 8.368 -292.400 -2446.803 0.82
2019-05-05_23:25:28 06867 11.360 420.000 4771.200 8.368 -293.600 -2456.845 0.82
2019-05-05_23:25:29 06868 11.352 420.000 4767.840 8.376 -304.000 -2546.304 0.82