2019-05-05_23:08:39 05859 11.312 471.200 5330.214 8.360 -338.000 -2825.680 0.82
2019-05-05_23:08:40 05860 11.312 466.800 5280.442 8.360 -349.600 -2922.656 0.82
2019-05-05_23:08:41 05861 11.304 471.600 5330.966 8.376 -355.200 -2975.155 0.82
2019-05-05_23:08:42 05862 11.304 475.600 5376.182 8.376 -361.600 -3028.762 0.82
2019-05-05_23:08:43 05863 11.296 479.600 5417.562 8.384 -368.800 -3092.019 0.82
2019-05-05_23:08:44 05864 11.296 487.200 5503.411 8.392 -375.600 -3152.035 0.83
2019-05-05_23:08:45 05865 11.296 492.000 5557.632 8.400 -382.400 -3212.160 0.83
2019-05-05_23:08:46 05866 11.288 497.600 5616.909 8.408 -388.400 -3265.667 0.82
2019-05-05_23:08:47 05867 11.328 446.400 5056.819 8.344 -326.800 -2726.819 0.82
2019-05-05_23:08:48 05868 11.320 451.600 5112.112 8.352 -330.800 -2762.842 0.82
2019-05-05_23:08:49 05869 11.328 451.600 5115.725 8.360 -340.000 -2842.400 0.82
2019-05-05_23:08:50 05870 11.312 461.600 5221.619 8.360 -342.800 -2865.808 0.82
2019-05-05_23:08:51 05871 11.312 464.800 5257.818 8.368 -349.200 -2922.106 0.82
2019-05-05_23:08:52 05872 11.312 469.200 5307.590 8.376 -355.200 -2975.155 0.82
2019-05-05_23:08:53 05873 11.304 476.000 5380.704 8.376 -360.400 -3018.710 0.82
2019-05-05_23:08:54 05874 11.304 476.800 5389.747 8.384 -368.000 -3085.312 0.82
2019-05-05_23:08:55 05875 11.296 488.000 5512.448 8.392 -375.200 -3148.678 0.83
2019-05-05_23:08:56 05876 11.296 490.400 5539.558 8.400 -380.800 -3198.720 0.83
2019-05-05_23:08:57 05877 11.288 496.800 5607.878 8.400 -388.800 -3265.920 0.83
2019-05-05_23:08:58 05878 11.280 502.000 5662.560 8.408 -395.200 -3322.842 0.82
2019-05-05_23:08:59 05879 11.344 441.200 5004.973 8.360 -343.600 -2872.496 0.82
2019-05-05_23:09:00 05880 11.336 434.800 4928.893 8.360 -348.000 -2909.280 0.82
2019-05-05_23:09:01 05881 11.336 428.400 4856.342 8.368 -359.200 -3005.786 0.82
2019-05-05_23:09:02 05882 11.328 434.800 4925.414 8.376 -366.400 -3068.966 0.82
2019-05-05_23:09:03 05883 11.328 443.600 5025.101 8.384 -374.000 -3135.616 0.82
2019-05-05_23:09:04 05884 11.328 443.200 5020.570 8.384 -380.800 -3192.627 0.82
2019-05-05_23:09:05 05885 11.320 449.600 5089.472 8.392 -386.400 -3242.669 0.82
2019-05-05_23:09:06 05886 11.312 457.200 5171.846 8.400 -394.800 -3316.320 0.83
2019-05-05_23:09:07 05887 11.312 466.400 5275.917 8.408 -397.200 -3339.658 0.82
2019-05-05_23:09:08 05888 11.336 438.000 4965.168 8.344 -320.000 -2670.080 0.82
2019-05-05_23:09:09 05889 11.336 444.400 5037.718 8.344 -325.600 -2716.806 0.82
2019-05-05_23:09:10 05890 11.344 426.400 4837.082 8.360 -348.800 -2915.968 0.82
2019-05-05_23:09:11 05891 11.336 423.600 4801.930 8.368 -353.200 -2955.578 0.82
2019-05-05_23:09:12 05892 11.336 428.400 4856.342 8.368 -361.600 -3025.869 0.82
2019-05-05_23:09:13 05893 11.328 439.600 4979.789 8.376 -364.400 -3052.214 0.82
2019-05-05_23:09:14 05894 11.328 442.800 5016.038 8.384 -374.000 -3135.616 0.82
2019-05-05_23:09:15 05895 11.328 444.400 5034.163 8.384 -379.600 -3182.566 0.82
2019-05-05_23:09:16 05896 11.288 480.000 5418.240 8.384 -364.400 -3055.130 0.82
2019-05-05_23:09:17 05897 11.312 463.200 5239.718 8.400 -387.200 -3252.480 0.83
2019-05-05_23:09:18 05898 11.296 487.200 5503.411 8.400 -383.600 -3222.240 0.83
2019-05-05_23:09:19 05899 11.296 494.000 5580.224 8.408 -396.400 -3332.931 0.82
2019-05-05_23:09:20 05900 11.344 437.200 4959.597 8.352 -336.800 -2812.954 0.82
2019-05-05_23:09:21 05901 11.344 418.000 4741.792 8.360 -348.400 -2912.624 0.82
2019-05-05_23:09:22 05902 11.328 436.000 4939.008 8.360 -347.600 -2905.936 0.82
2019-05-05_23:09:23 05903 11.320 457.600 5180.032 8.368 -346.000 -2895.328 0.82
2019-05-05_23:09:24 05904 11.312 462.000 5226.144 8.368 -353.600 -2958.925 0.82
2019-05-05_23:09:25 05905 11.312 469.200 5307.590 8.376 -358.400 -3001.958 0.82
2019-05-05_23:09:26 05906 11.320 455.600 5157.392 8.384 -374.800 -3142.323 0.82
2019-05-05_23:09:27 05907 11.304 478.400 5407.834 8.392 -372.000 -3121.824 0.82
2019-05-05_23:09:28 05908 11.304 484.800 5480.179 8.392 -377.600 -3168.819 0.83
2019-05-05_23:09:29 05909 11.312 479.200 5420.710 8.408 -393.600 -3309.389 0.82
2019-05-05_23:09:30 05910 11.344 436.800 4955.059 8.336 -316.400 -2637.510 0.82
2019-05-05_23:09:31 05911 11.328 444.400 5034.163 8.352 -328.400 -2742.797 0.82
2019-05-05_23:09:32 05912 11.328 440.000 4984.320 8.360 -342.800 -2865.808 0.82
2019-05-05_23:09:33 05913 11.320 454.400 5143.808 8.360 -337.600 -2822.336 0.82
2019-05-05_23:09:34 05914 11.328 439.200 4975.258 8.368 -354.400 -2965.619 0.82
2019-05-05_23:09:35 05915 11.336 432.400 4901.686 8.376 -366.400 -3068.966 0.82
2019-05-05_23:09:36 05916 11.320 464.800 5261.536 8.376 -354.800 -2971.805 0.82
2019-05-05_23:09:37 05917 11.328 444.000 5029.632 8.384 -378.800 -3175.859 0.82
2019-05-05_23:09:38 05918 11.304 479.200 5416.877 8.384 -366.800 -3075.251 0.82
2019-05-05_23:09:39 05919 11.304 487.200 5507.309 8.392 -374.400 -3141.965 0.83
2019-05-05_23:09:40 05920 11.304 488.800 5525.395 8.400 -385.200 -3235.680 0.83
2019-05-05_23:09:41 05921 11.296 495.600 5598.298 8.408 -388.000 -3262.304 0.82
2019-05-05_23:09:42 05922 11.328 446.800 5061.350 8.352 -324.000 -2706.048 0.82
2019-05-05_23:09:43 05923 11.328 450.800 5106.662 8.352 -329.600 -2752.819 0.82
2019-05-05_23:09:44 05924 11.320 454.400 5143.808 8.360 -335.600 -2805.616 0.82
2019-05-05_23:09:45 05925 11.320 460.000 5207.200 8.368 -341.600 -2858.509 0.82
2019-05-05_23:09:46 05926 11.320 464.000 5252.480 8.368 -348.000 -2912.064 0.82
2019-05-05_23:09:47 05927 11.312 471.200 5330.214 8.376 -354.800 -2971.805 0.82
2019-05-05_23:09:48 05928 11.304 476.000 5380.704 8.384 -360.000 -3018.240 0.82
2019-05-05_23:09:49 05929 11.304 480.800 5434.963 8.384 -367.200 -3078.605 0.82
2019-05-05_23:09:50 05930 11.296 485.200 5480.819 8.392 -374.800 -3145.322 0.83
2019-05-05_23:09:51 05931 11.296 490.400 5539.558 8.400 -380.800 -3198.720 0.83
2019-05-05_23:09:52 05932 11.296 496.800 5611.853 8.408 -386.400 -3248.851 0.82
2019-05-05_23:09:53 05933 11.328 444.400 5034.163 8.352 -324.000 -2706.048 0.82
2019-05-05_23:09:54 05934 11.328 448.400 5079.475 8.352 -331.600 -2769.523 0.82
2019-05-05_23:09:55 05935 11.320 455.600 5157.392 8.360 -335.200 -2802.272 0.82
2019-05-05_23:09:56 05936 11.320 460.400 5211.728 8.360 -342.000 -2859.120 0.82
2019-05-05_23:09:57 05937 11.320 466.400 5279.648 8.368 -348.400 -2915.411 0.82
2019-05-05_23:09:58 05938 11.320 468.000 5297.760 8.376 -358.400 -3001.958 0.82
2019-05-05_23:09:59 05939 11.304 475.200 5371.661 8.384 -360.800 -3024.947 0.82
2019-05-05_23:10:00 05940 11.304 480.400 5430.442 8.384 -367.600 -3081.958 0.82
2019-05-05_23:10:01 05941 11.304 486.000 5493.744 8.400 -375.200 -3151.680 0.83
2019-05-05_23:10:02 05942 11.296 490.400 5539.558 8.400 -382.000 -3208.800 0.83
2019-05-05_23:10:03 05943 11.304 492.000 5561.568 8.408 -388.000 -3262.304 0.82
2019-05-05_23:10:04 05944 11.328 443.200 5020.570 8.352 -323.600 -2702.707 0.82
2019-05-05_23:10:05 05945 11.328 450.400 5102.131 8.360 -330.400 -2762.144 0.82
2019-05-05_23:10:06 05946 11.320 454.400 5143.808 8.360 -336.400 -2812.304 0.82
2019-05-05_23:10:07 05947 11.320 460.000 5207.200 8.368 -341.200 -2855.162 0.82
2019-05-05_23:10:08 05948 11.320 464.400 5257.008 8.376 -348.400 -2918.198 0.82
2019-05-05_23:10:09 05949 11.312 467.600 5289.491 8.376 -354.000 -2965.104 0.82
2019-05-05_23:10:10 05950 11.312 473.200 5352.838 8.384 -360.000 -3018.240 0.82
2019-05-05_23:10:11 05951 11.304 475.200 5371.661 8.392 -366.800 -3078.186 0.82
2019-05-05_23:10:12 05952 11.304 486.800 5502.787 8.400 -373.600 -3138.240 0.83
2019-05-05_23:10:13 05953 11.296 488.400 5516.966 8.400 -382.000 -3208.800 0.83
2019-05-05_23:10:14 05954 11.296 496.800 5611.853 8.408 -386.800 -3252.214 0.82
2019-05-05_23:10:15 05955 11.336 440.800 4996.909 8.352 -323.600 -2702.707 0.82
2019-05-05_23:10:16 05956 11.328 450.800 5106.662 8.360 -328.000 -2742.080 0.82
2019-05-05_23:10:17 05957 11.328 453.600 5138.381 8.360 -335.600 -2805.616 0.82
2019-05-05_23:10:18 05958 11.320 456.800 5170.976 8.368 -342.000 -2861.856 0.82
2019-05-05_23:10:19 05959 11.312 460.800 5212.570 8.376 -350.000 -2931.600 0.82