2019-05-05_02:03:53 00203 11.560 197.600 2284.256 8.360 0.000 0.000 0.76
2019-05-05_02:03:54 00204 11.552 195.200 2254.950 8.376 0.400 3.350 0.76
2019-05-05_02:03:55 00205 11.552 200.400 2315.021 8.384 0.000 0.000 0.76
2019-05-05_02:03:56 00206 11.552 200.400 2315.021 8.400 0.000 0.000 0.76
2019-05-05_02:03:57 00207 11.552 198.800 2296.538 8.408 0.000 0.000 0.75
2019-05-05_02:03:58 00208 11.560 199.200 2302.752 8.296 0.000 0.000 0.77
2019-05-05_02:03:59 00209 11.552 198.800 2296.538 8.552 0.000 0.000 0.76
2019-05-05_02:04:00 00210 11.552 199.200 2301.158 8.416 0.000 0.000 0.75
2019-05-05_02:04:01 00211 11.560 199.200 2302.752 8.304 0.000 0.000 0.75
2019-05-05_02:04:02 00212 11.560 195.200 2256.512 8.312 0.000 0.000 0.75
2019-05-05_02:04:03 00213 11.560 195.600 2261.136 8.320 0.000 0.000 0.75
2019-05-05_02:04:04 00214 11.560 199.600 2307.376 8.336 0.000 0.000 0.75
2019-05-05_02:04:05 00215 11.552 199.600 2305.779 8.344 0.000 0.000 0.76
2019-05-05_02:04:06 00216 11.560 198.800 2298.128 8.352 0.000 0.000 0.76
2019-05-05_02:04:07 00217 11.560 196.400 2270.384 8.368 0.400 3.347 0.76
2019-05-05_02:04:08 00218 11.552 197.600 2282.675 8.376 0.400 3.350 0.76
2019-05-05_02:04:09 00219 11.560 193.200 2233.392 8.384 0.000 0.000 0.76
2019-05-05_02:04:10 00220 11.568 191.600 2216.429 8.400 0.000 0.000 0.76
2019-05-05_02:04:11 00221 11.560 194.000 2242.640 8.408 0.000 0.000 0.75
2019-05-05_02:04:12 00222 11.568 187.600 2170.157 8.304 0.400 3.322 0.75
2019-05-05_02:04:13 00223 11.568 195.600 2262.701 8.312 0.000 0.000 0.75
2019-05-05_02:04:14 00224 11.568 188.400 2179.411 8.328 0.400 3.331 0.75
2019-05-05_02:04:15 00225 11.560 192.400 2224.144 8.336 0.400 3.334 0.75
2019-05-05_02:04:16 00226 11.560 190.400 2201.024 8.352 0.400 3.341 0.76
2019-05-05_02:04:17 00227 11.560 196.800 2275.008 8.352 0.000 0.000 0.76
2019-05-05_02:04:18 00228 11.560 197.600 2284.256 8.368 0.000 0.000 0.76
2019-05-05_02:04:19 00229 11.568 194.800 2253.446 8.376 0.000 0.000 0.76
2019-05-05_02:04:20 00230 11.560 194.000 2242.640 8.392 0.400 3.357 0.76
2019-05-05_02:04:21 00231 11.560 195.600 2261.136 8.400 0.000 0.000 0.76
2019-05-05_02:04:22 00232 11.552 187.200 2162.534 8.416 0.000 0.000 0.75
2019-05-05_02:04:23 00233 11.568 186.400 2156.275 8.304 0.000 0.000 0.75
2019-05-05_02:04:24 00234 11.568 193.600 2239.565 8.312 0.400 3.325 0.75
2019-05-05_02:04:25 00235 11.568 194.000 2244.192 8.320 0.000 0.000 0.75
2019-05-05_02:04:26 00236 11.560 190.800 2205.648 8.336 0.000 0.000 0.75
2019-05-05_02:04:27 00237 11.560 186.400 2154.784 8.352 0.400 3.341 0.76
2019-05-05_02:04:28 00238 11.560 191.200 2210.272 8.352 0.000 0.000 0.76
2019-05-05_02:04:29 00239 11.560 194.400 2247.264 8.368 0.400 3.347 0.76
2019-05-05_02:04:30 00240 11.560 196.400 2270.384 8.376 0.000 0.000 0.76
2019-05-05_02:04:31 00241 11.552 194.800 2250.330 8.392 0.400 3.357 0.76
2019-05-05_02:04:32 00242 11.560 170.400 1969.824 8.416 0.400 3.366 0.75
2019-05-05_02:04:33 00243 11.568 193.600 2239.565 8.296 0.000 0.000 0.77
2019-05-05_02:04:34 00244 11.552 197.600 2282.675 8.544 0.000 0.000 0.76
2019-05-05_02:04:35 00245 11.552 190.000 2194.880 8.400 0.000 0.000 0.76
2019-05-05_02:04:36 00246 11.552 194.800 2250.330 8.416 0.000 0.000 0.75
2019-05-05_02:04:37 00247 11.576 189.200 2190.179 8.320 0.400 3.328 0.75
2019-05-05_02:04:38 00248 11.568 190.000 2197.920 8.312 0.400 3.325 0.75
2019-05-05_02:04:39 00249 11.560 184.400 2131.664 8.328 0.000 0.000 0.75
2019-05-05_02:04:40 00250 11.560 192.400 2224.144 8.344 0.400 3.338 0.75
2019-05-05_02:04:41 00251 11.560 194.000 2242.640 8.344 0.000 0.000 0.76
2019-05-05_02:04:42 00252 11.560 195.600 2261.136 8.352 0.400 3.341 0.76
2019-05-05_02:04:43 00253 11.560 196.000 2265.760 8.368 0.400 3.347 0.76
2019-05-05_02:04:44 00254 11.568 192.400 2225.683 8.376 0.000 0.000 0.76
2019-05-05_02:04:45 00255 11.560 196.000 2265.760 8.384 0.000 0.000 0.76
2019-05-05_02:04:46 00256 11.552 190.800 2204.122 8.400 0.000 0.000 0.76
2019-05-05_02:04:47 00257 11.560 191.600 2214.896 8.416 0.400 3.366 0.75
2019-05-05_02:04:48 00258 11.568 197.600 2285.837 8.304 0.000 0.000 0.75
2019-05-05_02:04:49 00259 11.568 187.200 2165.530 8.312 0.400 3.325 0.75
2019-05-05_02:04:50 00260 11.560 199.600 2307.376 8.328 0.000 0.000 0.75
2019-05-05_02:04:51 00261 11.560 192.800 2228.768 8.336 0.400 3.334 0.75
2019-05-05_02:04:52 00262 11.568 193.600 2239.565 8.344 0.400 3.338 0.76
2019-05-05_02:04:53 00263 11.560 196.400 2270.384 8.360 0.400 3.344 0.76
2019-05-05_02:04:54 00264 11.560 196.000 2265.760 8.368 0.400 3.347 0.76
2019-05-05_02:04:55 00265 11.552 197.600 2282.675 8.384 0.000 0.000 0.76
2019-05-05_02:04:56 00266 11.560 195.600 2261.136 8.392 0.000 0.000 0.76
2019-05-05_02:04:57 00267 11.560 194.400 2247.264 8.400 0.000 0.000 0.76
2019-05-05_02:04:58 00268 11.552 190.800 2204.122 8.416 0.400 3.366 0.75
2019-05-05_02:04:59 00269 11.560 195.200 2256.512 8.304 0.000 0.000 0.75
2019-05-05_02:05:00 00270 11.568 192.800 2230.310 8.312 0.000 0.000 0.75
2019-05-05_02:05:01 00271 11.560 195.600 2261.136 8.328 0.400 3.331 0.75
2019-05-05_02:05:02 00272 11.560 196.000 2265.760 8.336 0.400 3.334 0.75
2019-05-05_02:05:03 00273 11.560 190.000 2196.400 8.344 0.000 0.000 0.76
2019-05-05_02:05:04 00274 11.552 194.400 2245.709 8.352 0.400 3.341 0.76
2019-05-05_02:05:05 00275 11.560 182.400 2108.544 8.368 0.000 0.000 0.76
2019-05-05_02:05:06 00276 11.552 199.600 2305.779 8.376 0.400 3.350 0.76
2019-05-05_02:05:07 00277 11.560 200.800 2321.248 8.392 0.000 0.000 0.76
2019-05-05_02:05:08 00278 11.552 194.000 2241.088 8.392 0.000 0.000 0.76
2019-05-05_02:05:09 00279 11.552 200.800 2319.642 8.408 0.000 0.000 0.75
2019-05-05_02:05:10 00280 11.568 196.000 2267.328 8.304 0.000 0.000 0.75
2019-05-05_02:05:11 00281 11.560 198.400 2293.504 8.312 0.000 0.000 0.75
2019-05-05_02:05:12 00282 11.568 198.000 2290.464 8.328 0.400 3.331 0.75
2019-05-05_02:05:13 00283 11.552 200.800 2319.642 8.328 0.000 0.000 0.75
2019-05-05_02:05:14 00284 11.560 198.400 2293.504 8.352 0.400 3.341 0.76
2019-05-05_02:05:15 00285 11.552 196.400 2268.813 8.352 0.000 0.000 0.76
2019-05-05_02:05:16 00286 11.552 197.600 2282.675 8.360 0.400 3.344 0.76
2019-05-05_02:05:17 00287 11.560 199.600 2307.376 8.376 0.000 0.000 0.76
2019-05-05_02:05:18 00288 11.560 198.800 2298.128 8.392 0.000 0.000 0.76
2019-05-05_02:05:19 00289 11.552 196.000 2264.192 8.400 0.000 0.000 0.76
2019-05-05_02:05:20 00290 11.560 182.800 2113.168 8.408 0.000 0.000 0.75
2019-05-05_02:05:21 00291 11.560 200.000 2312.000 8.304 0.400 3.322 0.75
2019-05-05_02:05:22 00292 11.576 188.400 2180.918 8.312 0.400 3.325 0.75
2019-05-05_02:05:23 00293 11.568 183.200 2119.258 8.320 0.400 3.328 0.75
2019-05-05_02:05:24 00294 11.552 200.000 2310.400 8.336 0.000 0.000 0.75
2019-05-05_02:05:25 00295 11.560 190.000 2196.400 8.352 0.400 3.341 0.76
2019-05-05_02:05:26 00296 11.560 179.600 2076.176 8.360 0.000 0.000 0.76
2019-05-05_02:05:27 00297 11.576 168.800 1954.029 8.384 0.000 0.000 0.76
2019-05-05_02:05:28 00298 11.584 152.800 1770.035 8.400 0.000 0.000 0.76
2019-05-05_02:05:29 00299 11.560 168.800 1951.328 8.400 0.400 3.360 0.76
2019-05-05_02:05:30 00300 11.576 186.000 2153.136 8.416 0.000 0.000 0.75
2019-05-05_02:05:31 00301 11.584 168.800 1955.379 8.304 0.400 3.322 0.75
2019-05-05_02:05:32 00302 11.568 198.000 2290.464 8.304 0.000 0.000 0.75
2019-05-05_02:05:33 00303 11.560 196.800 2275.008 8.312 0.000 0.000 0.75