2019-05-04_23:01:08 00102 11.584 163.600 1895.142 8.312 0.000 0.000 0.75
2019-05-04_23:01:09 00103 11.544 216.400 2498.122 8.288 0.000 0.000 0.77
2019-05-04_23:01:10 00104 11.568 169.200 1957.306 8.512 0.000 0.000 0.76
2019-05-04_23:01:11 00105 11.576 154.000 1782.704 8.408 0.400 3.363 0.75
2019-05-04_23:01:12 00106 11.584 159.200 1844.173 8.320 0.000 0.000 0.75
2019-05-04_23:01:13 00107 11.576 164.800 1907.725 8.328 0.400 3.331 0.75
2019-05-04_23:01:14 00108 11.592 166.800 1933.546 8.336 0.400 3.334 0.75
2019-05-04_23:01:15 00109 11.552 202.400 2338.125 8.320 0.000 0.000 0.75
2019-05-04_23:01:16 00110 11.552 203.200 2347.366 8.336 0.000 0.000 0.75
2019-05-04_23:01:17 00111 11.576 190.000 2199.440 8.360 0.400 3.344 0.75
2019-05-04_23:01:18 00112 11.576 166.800 1930.877 8.376 0.400 3.350 0.76
2019-05-04_23:01:19 00113 11.584 153.600 1779.302 8.384 0.400 3.354 0.76
2019-05-04_23:01:20 00114 11.576 154.800 1791.965 8.400 0.000 0.000 0.76
2019-05-04_23:01:21 00115 11.568 164.800 1906.406 8.408 0.400 3.363 0.75
2019-05-04_23:01:22 00116 11.592 166.000 1924.272 8.312 0.000 0.000 0.75
2019-05-04_23:01:23 00117 11.592 154.800 1794.442 8.320 0.000 0.000 0.75
2019-05-04_23:01:24 00118 11.584 154.400 1788.570 8.328 0.000 0.000 0.75
2019-05-04_23:01:25 00119 11.576 162.400 1879.942 8.336 0.000 0.000 0.75
2019-05-04_23:01:26 00120 11.576 165.600 1916.986 8.352 0.000 0.000 0.75
2019-05-04_23:01:27 00121 11.568 172.400 1994.323 8.352 0.400 3.341 0.75
2019-05-04_23:01:28 00122 11.544 205.600 2373.446 8.344 0.000 0.000 0.75
2019-05-04_23:01:29 00123 11.552 202.400 2338.125 8.352 0.400 3.341 0.76
2019-05-04_23:01:30 00124 11.560 192.800 2228.768 8.368 0.000 0.000 0.76
2019-05-04_23:01:31 00125 11.560 186.400 2154.784 8.384 0.000 0.000 0.76
2019-05-04_23:01:32 00126 11.560 183.600 2122.416 8.384 0.400 3.354 0.76
2019-05-04_23:01:33 00127 11.544 208.400 2405.770 8.392 0.000 0.000 0.76
2019-05-04_23:01:34 00128 11.544 203.200 2345.741 8.400 0.000 0.000 0.76
2019-05-04_23:01:35 00129 11.544 204.000 2354.976 8.408 0.000 0.000 0.75
2019-05-04_23:01:36 00130 11.552 199.200 2301.158 8.312 0.000 0.000 0.75
2019-05-04_23:01:37 00131 11.552 206.400 2384.333 8.320 0.000 0.000 0.75
2019-05-04_23:01:38 00132 11.552 202.000 2333.504 8.336 0.000 0.000 0.75
2019-05-04_23:01:39 00133 11.552 203.200 2347.366 8.344 0.400 3.338 0.75
2019-05-04_23:01:40 00134 11.552 202.000 2333.504 8.352 0.400 3.341 0.76
2019-05-04_23:01:41 00135 11.544 202.800 2341.123 8.360 0.000 0.000 0.76
2019-05-04_23:01:42 00136 11.544 204.800 2364.211 8.368 0.000 0.000 0.76
2019-05-04_23:01:43 00137 11.544 206.000 2378.064 8.384 0.000 0.000 0.76
2019-05-04_23:01:44 00138 11.552 199.200 2301.158 8.392 0.000 0.000 0.76
2019-05-04_23:01:45 00139 11.544 205.200 2368.829 8.392 0.000 0.000 0.76
2019-05-04_23:01:46 00140 11.544 202.800 2341.123 8.416 0.400 3.366 0.75
2019-05-04_23:01:47 00141 11.552 204.800 2365.850 8.312 0.000 0.000 0.75
2019-05-04_23:01:48 00142 11.552 203.600 2351.987 8.320 0.000 0.000 0.75
2019-05-04_23:01:49 00143 11.560 202.400 2339.744 8.336 0.000 0.000 0.75
2019-05-04_23:01:50 00144 11.552 200.800 2319.642 8.344 0.400 3.338 0.75
2019-05-04_23:01:51 00145 11.544 203.200 2345.741 8.352 0.000 0.000 0.76
2019-05-04_23:01:52 00146 11.544 203.200 2345.741 8.360 0.000 0.000 0.76
2019-05-04_23:01:53 00147 11.552 201.600 2328.883 8.376 0.000 0.000 0.76
2019-05-04_23:01:54 00148 11.552 184.800 2134.810 8.384 0.000 0.000 0.76
2019-05-04_23:01:55 00149 11.544 194.400 2244.154 8.400 0.400 3.360 0.76
2019-05-04_23:01:56 00150 11.544 201.200 2322.653 8.400 0.000 0.000 0.76
2019-05-04_23:01:57 00151 11.552 198.400 2291.917 8.416 0.000 0.000 0.75
2019-05-04_23:01:58 00152 11.544 203.200 2345.741 8.312 0.400 3.325 0.75
2019-05-04_23:01:59 00153 11.560 183.600 2122.416 8.328 0.400 3.331 0.75
2019-05-04_23:02:00 00154 11.560 183.200 2117.792 8.344 0.400 3.338 0.75
2019-05-04_23:02:01 00155 11.560 191.600 2214.896 8.352 0.400 3.341 0.75
2019-05-04_23:02:02 00156 11.560 182.400 2108.544 8.360 0.400 3.344 0.76
2019-05-04_23:02:03 00157 11.576 166.000 1921.616 8.384 0.400 3.354 0.76
2019-05-04_23:02:04 00158 11.552 188.800 2181.018 8.376 0.400 3.350 0.76
2019-05-04_23:02:05 00159 11.552 189.200 2185.638 8.392 0.400 3.357 0.76
2019-05-04_23:02:06 00160 11.552 195.600 2259.571 8.400 0.400 3.360 0.76
2019-05-04_23:02:07 00161 11.560 190.400 2201.024 8.408 0.000 0.000 0.75
2019-05-04_23:02:08 00162 11.568 183.600 2123.885 8.312 0.000 0.000 0.75
2019-05-04_23:02:09 00163 11.560 196.000 2265.760 8.312 0.400 3.325 0.75
2019-05-04_23:02:10 00164 11.560 197.200 2279.632 8.320 0.000 0.000 0.75
2019-05-04_23:02:11 00165 11.560 197.200 2279.632 8.344 0.400 3.338 0.75
2019-05-04_23:02:12 00166 11.552 189.600 2190.259 8.344 0.000 0.000 0.75
2019-05-04_23:02:13 00167 11.552 195.600 2259.571 8.352 0.400 3.341 0.76
2019-05-04_23:02:14 00168 11.552 205.200 2370.470 8.352 0.400 3.341 0.76
2019-05-04_23:02:15 00169 11.552 191.600 2213.363 8.376 0.400 3.350 0.76
2019-05-04_23:02:16 00170 11.552 190.400 2199.501 8.384 0.400 3.354 0.76
2019-05-04_23:02:17 00171 11.544 188.400 2174.890 8.392 0.000 0.000 0.76
2019-05-04_23:02:18 00172 11.568 170.400 1971.187 8.416 0.000 0.000 0.75
2019-05-04_23:02:19 00173 11.568 190.800 2207.174 8.312 0.400 3.325 0.75
2019-05-04_23:02:20 00174 11.568 188.800 2184.038 8.312 0.400 3.325 0.75
2019-05-04_23:02:21 00175 11.552 197.600 2282.675 8.336 0.400 3.334 0.75
2019-05-04_23:02:22 00176 11.544 196.000 2262.624 8.336 0.400 3.334 0.75
2019-05-04_23:02:23 00177 11.568 189.200 2188.666 8.352 0.400 3.341 0.75
2019-05-04_23:02:24 00178 11.560 191.600 2214.896 8.352 0.000 0.000 0.76
2019-05-04_23:02:25 00179 11.552 191.200 2208.742 8.368 0.000 0.000 0.76
2019-05-04_23:02:26 00180 11.552 197.600 2282.675 8.368 0.400 3.347 0.76
2019-05-04_23:02:27 00181 11.552 197.200 2278.054 8.384 0.000 0.000 0.76
2019-05-04_23:02:28 00182 11.544 202.000 2331.888 8.392 0.000 0.000 0.76
2019-05-04_23:02:29 00183 11.552 206.800 2388.954 8.392 0.000 0.000 0.76
2019-05-04_23:02:30 00184 11.552 186.000 2148.672 8.424 0.000 0.000 0.75
2019-05-04_23:02:31 00185 11.552 203.200 2347.366 8.312 0.000 0.000 0.75
2019-05-04_23:02:32 00186 11.552 204.800 2365.850 8.320 0.400 3.328 0.75
2019-05-04_23:02:33 00187 11.568 188.000 2174.784 8.344 0.400 3.338 0.75
2019-05-04_23:02:34 00188 11.536 216.400 2496.390 8.344 0.000 0.000 0.75
2019-05-04_23:02:35 00189 11.560 186.800 2159.408 8.360 0.400 3.344 0.76
2019-05-04_23:02:36 00190 11.552 187.200 2162.534 8.368 0.400 3.347 0.76
2019-05-04_23:02:37 00191 11.560 194.400 2247.264 8.376 0.000 0.000 0.76
2019-05-04_23:02:38 00192 11.568 172.800 1998.950 8.392 0.000 0.000 0.76
2019-05-04_23:02:39 00193 11.552 188.400 2176.397 8.400 0.400 3.360 0.76
2019-05-04_23:02:40 00194 11.552 194.000 2241.088 8.408 0.000 0.000 0.75
2019-05-04_23:02:41 00195 11.568 188.400 2179.411 8.312 0.000 0.000 0.75
2019-05-04_23:02:42 00196 11.568 195.600 2262.701 8.328 0.000 0.000 0.75
2019-05-04_23:02:43 00197 11.576 163.200 1889.203 8.344 0.400 3.338 0.75
2019-05-04_23:02:44 00198 11.552 218.800 2527.578 8.304 0.000 0.000 0.75
2019-05-04_23:02:45 00199 11.568 190.000 2197.920 8.352 0.000 0.000 0.75
2019-05-04_23:02:46 00200 11.560 183.600 2122.416 8.360 0.400 3.344 0.76
2019-05-04_23:02:47 00201 11.552 185.200 2139.430 8.368 0.000 0.000 0.76
2019-05-04_23:02:48 00202 11.576 166.400 1926.246 8.392 0.400 3.357 0.76