2019-05-06_23:36:08 04560 1.040 -5.200 -5.408 8.000 148.400 1187.200 0.00
2019-05-06_23:36:18 04570 1.040 -5.200 -5.408 8.008 148.400 1188.387 0.00
2019-05-06_23:36:28 04580 1.040 -5.200 -5.408 8.008 145.600 1165.965 0.00
2019-05-06_23:36:38 04590 1.040 -5.200 -5.408 8.000 147.600 1180.800 0.00
2019-05-06_23:36:48 04600 1.040 -5.200 -5.408 8.008 145.200 1162.762 0.00
2019-05-06_23:36:58 04610 1.040 -5.200 -5.408 8.008 144.800 1159.558 0.00
2019-05-06_23:37:08 04620 1.040 -5.200 -5.408 7.976 193.200 1540.963 0.00
2019-05-06_23:37:18 04630 1.040 -5.200 -5.408 8.008 144.800 1159.558 0.00
2019-05-06_23:37:28 04640 1.040 -5.200 -5.408 8.008 142.800 1143.542 0.00
2019-05-06_23:37:38 04650 1.040 -5.200 -5.408 8.008 146.800 1175.574 0.00
2019-05-06_23:37:48 04660 1.040 -5.200 -5.408 7.976 187.600 1496.298 0.00
2019-05-06_23:37:58 04670 1.040 -5.200 -5.408 8.008 146.800 1175.574 0.00
2019-05-06_23:38:08 04680 1.040 -5.200 -5.408 8.008 148.000 1185.184 0.00
2019-05-06_23:38:18 04690 1.040 -5.200 -5.408 8.008 144.400 1156.355 0.00
2019-05-06_23:38:28 04700 1.040 -5.200 -5.408 7.976 144.800 1154.925 0.00
2019-05-06_23:38:38 04710 1.040 -5.200 -5.408 8.008 144.400 1156.355 0.00
2019-05-06_23:38:48 04720 1.040 -5.200 -5.408 8.008 145.600 1165.965 0.00
2019-05-06_23:38:58 04730 1.040 -5.200 -5.408 8.008 148.400 1188.387 0.00
2019-05-06_23:39:08 04740 1.040 -5.200 -5.408 8.008 148.400 1188.387 0.00
2019-05-06_23:39:18 04750 1.040 -5.200 -5.408 8.008 148.400 1188.387 0.00
2019-05-06_23:39:28 04760 1.040 -5.200 -5.408 7.968 188.800 1504.358 0.00
2019-05-06_23:39:38 04770 1.040 -5.200 -5.408 8.008 146.800 1175.574 0.00
2019-05-06_23:39:48 04780 1.040 -5.200 -5.408 8.008 142.400 1140.339 0.00
2019-05-06_23:39:58 04790 1.040 -5.200 -5.408 8.008 144.400 1156.355 0.00
2019-05-06_23:40:08 04800 1.040 -5.200 -5.408 7.976 185.600 1480.346 0.00
2019-05-06_23:40:18 04810 1.040 -5.200 -5.408 8.008 143.200 1146.746 0.00
2019-05-06_23:40:28 04820 1.040 -5.200 -5.408 8.008 144.000 1153.152 0.00
2019-05-06_23:40:38 04830 1.040 -5.200 -5.408 8.000 147.200 1177.600 0.00
2019-05-06_23:40:48 04840 1.040 -5.200 -5.408 7.976 188.000 1499.488 0.00
2019-05-06_23:40:58 04850 1.040 -5.200 -5.408 8.008 152.000 1217.216 0.00
2019-05-06_23:41:08 04860 1.040 -5.200 -5.408 8.008 148.400 1188.387 0.00
2019-05-06_23:41:18 04870 1.040 -5.200 -5.408 8.000 145.200 1161.600 0.00
2019-05-06_23:41:28 04880 1.040 -5.200 -5.408 8.000 144.400 1155.200 0.00
2019-05-06_23:41:38 04890 1.040 -5.200 -5.408 8.008 144.800 1159.558 0.00
2019-05-06_23:41:48 04900 1.040 -5.200 -5.408 8.008 144.800 1159.558 0.00
2019-05-06_23:41:58 04910 1.040 -5.200 -5.408 8.008 150.000 1201.200 0.00
2019-05-06_23:42:08 04920 1.040 -5.200 -5.408 8.000 148.000 1184.000 0.00
2019-05-06_23:42:18 04930 1.040 -5.200 -5.408 8.008 148.000 1185.184 0.00
2019-05-06_23:42:28 04940 1.040 -5.200 -5.408 8.000 148.400 1187.200 0.00
2019-05-06_23:42:38 04950 1.040 -5.200 -5.408 8.008 147.600 1181.981 0.00
2019-05-06_23:42:48 04960 1.040 -5.200 -5.408 8.008 145.200 1162.762 0.00
2019-05-06_23:42:58 04970 1.040 -5.200 -5.408 8.000 144.400 1155.200 0.00
2019-05-06_23:43:08 04980 1.040 -5.200 -5.408 8.008 144.400 1156.355 0.00
2019-05-06_23:43:18 04990 1.040 -5.200 -5.408 8.000 146.000 1168.000 0.00
2019-05-06_23:43:28 05000 1.040 -5.200 -5.408 8.000 156.800 1254.400 0.00
2019-05-06_23:43:38 05010 1.040 -5.200 -5.408 8.008 147.600 1181.981 0.00
2019-05-06_23:43:48 05020 1.040 -5.200 -5.408 8.000 156.400 1251.200 0.00
2019-05-06_23:43:58 05030 1.040 -5.200 -5.408 8.008 146.800 1175.574 0.00
2019-05-06_23:44:08 05040 1.040 -5.200 -5.408 8.000 150.000 1200.000 0.00
2019-05-06_23:44:18 05050 1.040 -5.200 -5.408 8.008 153.600 1230.029 0.00
2019-05-06_23:44:28 05060 1.040 -5.200 -5.408 8.008 144.800 1159.558 0.00
2019-05-06_23:44:38 05070 1.040 -5.200 -5.408 8.008 143.600 1149.949 0.00
2019-05-06_23:44:48 05080 1.040 -5.200 -5.408 8.008 152.800 1223.622 0.00
2019-05-06_23:44:58 05090 1.040 -5.200 -5.408 8.000 160.800 1286.400 0.00
2019-05-06_23:45:08 05100 1.040 -5.200 -5.408 8.000 148.400 1187.200 0.00
2019-05-06_23:45:18 05110 1.040 -5.200 -5.408 8.000 148.400 1187.200 0.00
2019-05-06_23:45:28 05120 1.040 -5.200 -5.408 8.008 148.000 1185.184 0.00
2019-05-06_23:45:38 05130 1.040 -5.200 -5.408 8.000 170.400 1363.200 0.00
2019-05-06_23:45:48 05140 1.040 -5.200 -5.408 8.008 151.200 1210.810 0.00
2019-05-06_23:45:58 05150 1.040 -5.200 -5.408 8.000 142.800 1142.400 0.00
2019-05-06_23:46:08 05160 1.040 -5.200 -5.408 7.968 188.800 1504.358 0.00
2019-05-06_23:46:18 05170 1.040 -5.200 -5.408 7.984 145.200 1159.277 0.00
2019-05-06_23:46:29 05180 1.040 -5.200 -5.408 8.000 147.600 1180.800 0.00
2019-05-06_23:46:39 05190 1.040 -5.200 -5.408 8.000 146.800 1174.400 0.00
2019-05-06_23:46:49 05200 1.040 -5.200 -5.408 8.000 148.400 1187.200 0.00
2019-05-06_23:46:59 05210 1.040 -5.200 -5.408 7.984 148.800 1188.019 0.00
2019-05-06_23:47:09 05220 1.040 -5.200 -5.408 8.000 148.400 1187.200 0.00
2019-05-06_23:47:19 05230 1.040 -5.200 -5.408 8.000 144.800 1158.400 0.00
2019-05-06_23:47:29 05240 1.040 -5.200 -5.408 8.000 146.400 1171.200 0.00
2019-05-06_23:47:39 05250 1.040 -5.200 -5.408 8.000 144.800 1158.400 0.00
2019-05-06_23:47:49 05260 1.040 -5.200 -5.408 8.000 143.200 1145.600 0.00
2019-05-06_23:47:59 05270 1.040 -5.200 -5.408 7.992 148.800 1189.210 0.00
2019-05-06_23:48:09 05280 1.040 -5.200 -5.408 7.992 147.600 1179.619 0.00
2019-05-06_23:48:19 05290 1.040 -5.200 -5.408 8.000 147.600 1180.800 0.00
2019-05-06_23:48:29 05300 1.040 -5.200 -5.408 8.000 146.000 1168.000 0.00
2019-05-06_23:48:39 05310 1.040 -5.200 -5.408 8.000 156.000 1248.000 0.00
2019-05-06_23:48:49 05320 1.040 -5.200 -5.408 8.000 145.200 1161.600 0.00
2019-05-06_23:48:59 05330 1.040 -5.200 -5.408 8.008 148.000 1185.184 0.00
2019-05-06_23:49:09 05340 1.040 -5.200 -5.408 8.008 142.800 1143.542 0.00
2019-05-06_23:49:19 05350 1.040 -5.200 -5.408 8.000 144.400 1155.200 0.00
2019-05-06_23:49:29 05360 1.040 -5.200 -5.408 8.000 146.000 1168.000 0.00
2019-05-06_23:49:39 05370 1.040 -5.200 -5.408 7.992 148.800 1189.210 0.00
2019-05-06_23:49:49 05380 1.040 -5.200 -5.408 8.000 147.600 1180.800 0.00
2019-05-06_23:49:59 05390 1.040 -5.200 -5.408 8.000 144.800 1158.400 0.00
2019-05-06_23:50:09 05400 1.040 -5.200 -5.408 8.000 147.200 1177.600 0.00
2019-05-06_23:50:19 05410 1.040 -5.200 -5.408 8.000 147.200 1177.600 0.00
2019-05-06_23:50:29 05420 1.040 -5.200 -5.408 8.000 144.400 1155.200 0.00
2019-05-06_23:50:39 05430 1.040 -5.200 -5.408 8.008 143.200 1146.746 0.00
2019-05-06_23:50:49 05440 1.040 -5.200 -5.408 8.000 144.800 1158.400 0.00
2019-05-06_23:50:59 05450 1.040 -5.200 -5.408 7.992 148.400 1186.013 0.00
2019-05-06_23:51:09 05460 1.040 -5.200 -5.408 8.000 150.000 1200.000 0.00