2019-05-05_00:57:45 04546 11.576 169.200 1958.659 8.352 0.400 3.341 0.75
2019-05-05_00:57:46 04547 11.584 169.600 1964.646 8.360 0.000 0.000 0.76
2019-05-05_00:57:47 04548 11.576 166.800 1930.877 8.368 0.400 3.347 0.76
2019-05-05_00:57:48 04549 11.576 169.600 1963.290 8.376 0.400 3.350 0.76
2019-05-05_00:57:49 04550 11.576 170.400 1972.550 8.392 0.000 0.000 0.76
2019-05-05_00:57:50 04551 11.552 181.200 2093.222 8.384 0.000 0.000 0.76
2019-05-05_00:57:51 04552 11.568 166.800 1929.542 8.408 0.400 3.363 0.75
2019-05-05_00:57:52 04553 11.584 169.600 1964.646 8.304 0.000 0.000 0.75
2019-05-05_00:57:53 04554 11.584 163.600 1895.142 8.320 0.000 0.000 0.75
2019-05-05_00:57:54 04555 11.576 169.600 1963.290 8.328 0.400 3.331 0.75
2019-05-05_00:57:55 04556 11.560 196.000 2265.760 8.336 0.400 3.334 0.75
2019-05-05_00:57:56 04557 11.576 170.400 1972.550 8.352 0.400 3.341 0.75
2019-05-05_00:57:57 04558 11.576 170.400 1972.550 8.360 0.400 3.344 0.76
2019-05-05_00:57:58 04559 11.584 159.600 1848.806 8.368 0.400 3.347 0.76
2019-05-05_00:57:59 04560 11.576 164.000 1898.464 8.384 0.400 3.354 0.76
2019-05-05_00:58:00 04561 11.576 183.200 2120.723 8.376 0.000 0.000 0.76
2019-05-05_00:58:01 04562 11.576 170.400 1972.550 8.400 0.400 3.360 0.76
2019-05-05_00:58:02 04563 11.576 160.800 1861.421 8.408 0.000 0.000 0.75
2019-05-05_00:58:03 04564 11.584 168.000 1946.112 8.304 0.000 0.000 0.75
2019-05-05_00:58:04 04565 11.584 169.200 1960.013 8.312 0.000 0.000 0.75
2019-05-05_00:58:05 04566 11.584 170.400 1973.914 8.328 0.000 0.000 0.75
2019-05-05_00:58:06 04567 11.584 166.400 1927.578 8.336 0.000 0.000 0.75
2019-05-05_00:58:07 04568 11.576 170.400 1972.550 8.352 0.400 3.341 0.75
2019-05-05_00:58:08 04569 11.584 168.000 1946.112 8.360 0.000 0.000 0.76
2019-05-05_00:58:09 04570 11.576 169.200 1958.659 8.368 0.400 3.347 0.76
2019-05-05_00:58:10 04571 11.568 196.000 2267.328 8.368 0.400 3.347 0.76
2019-05-05_00:58:11 04572 11.576 170.400 1972.550 8.392 0.000 0.000 0.76
2019-05-05_00:58:12 04573 11.576 170.400 1972.550 8.400 0.000 0.000 0.76
2019-05-05_00:58:13 04574 11.576 170.400 1972.550 8.408 0.000 0.000 0.75
2019-05-05_00:58:14 04575 11.584 167.200 1936.845 8.304 0.000 0.000 0.75
2019-05-05_00:58:15 04576 11.560 193.600 2238.016 8.304 0.000 0.000 0.75
2019-05-05_00:58:16 04577 11.576 168.800 1954.029 8.320 0.400 3.328 0.75
2019-05-05_00:58:17 04578 11.584 172.000 1992.448 8.344 0.400 3.338 0.75
2019-05-05_00:58:18 04579 11.576 170.400 1972.550 8.352 0.400 3.341 0.75
2019-05-05_00:58:19 04580 11.576 170.000 1967.920 8.360 0.000 0.000 0.76
2019-05-05_00:58:20 04581 11.552 194.400 2245.709 8.360 0.400 3.344 0.76
2019-05-05_00:58:21 04582 11.576 170.400 1972.550 8.384 0.000 0.000 0.76
2019-05-05_00:58:22 04583 11.576 170.400 1972.550 8.392 0.400 3.357 0.76
2019-05-05_00:58:23 04584 11.576 170.400 1972.550 8.400 0.400 3.360 0.76
2019-05-05_00:58:24 04585 11.576 168.000 1944.768 8.408 0.000 0.000 0.75
2019-05-05_00:58:25 04586 11.584 170.400 1973.914 8.312 0.000 0.000 0.75
2019-05-05_00:58:26 04587 11.584 170.400 1973.914 8.312 0.000 0.000 0.75
2019-05-05_00:58:27 04588 11.576 170.400 1972.550 8.328 0.400 3.331 0.75
2019-05-05_00:58:28 04589 11.584 168.800 1955.379 8.344 0.400 3.338 0.75
2019-05-05_00:58:29 04590 11.560 192.800 2228.768 8.336 0.000 0.000 0.75
2019-05-05_00:58:30 04591 11.576 169.600 1963.290 8.360 0.000 0.000 0.76
2019-05-05_00:58:31 04592 11.576 169.200 1958.659 8.368 0.400 3.347 0.76
2019-05-05_00:58:32 04593 11.576 170.400 1972.550 8.384 0.400 3.354 0.76
2019-05-05_00:58:33 04594 11.576 170.000 1967.920 8.392 0.000 0.000 0.76
2019-05-05_00:58:34 04595 11.576 166.000 1921.616 8.400 0.400 3.360 0.76
2019-05-05_00:58:35 04596 11.560 198.000 2288.880 8.400 0.000 0.000 0.76
2019-05-05_00:58:36 04597 11.576 170.400 1972.550 8.424 0.400 3.370 0.75
2019-05-05_00:58:37 04598 11.584 168.800 1955.379 8.320 0.000 0.000 0.75
2019-05-05_00:58:38 04599 11.576 166.800 1930.877 8.328 0.400 3.331 0.75
2019-05-05_00:58:39 04600 11.584 168.800 1955.379 8.336 0.400 3.334 0.75
2019-05-05_00:58:40 04601 11.576 170.400 1972.550 8.352 0.400 3.341 0.75
2019-05-05_00:58:41 04602 11.576 169.600 1963.290 8.360 0.400 3.344 0.76
2019-05-05_00:58:42 04603 11.576 166.000 1921.616 8.368 0.400 3.347 0.76
2019-05-05_00:58:43 04604 11.576 170.000 1967.920 8.376 0.400 3.350 0.76
2019-05-05_00:58:44 04605 11.576 169.200 1958.659 8.392 0.400 3.357 0.76
2019-05-05_00:58:45 04606 11.576 169.600 1963.290 8.400 0.400 3.360 0.76
2019-05-05_00:58:46 04607 11.568 170.000 1966.560 8.408 0.400 3.363 0.75
2019-05-05_00:58:47 04608 11.584 170.000 1969.280 8.304 0.000 0.000 0.75
2019-05-05_00:58:48 04609 11.584 169.600 1964.646 8.320 0.000 0.000 0.75
2019-05-05_00:58:49 04610 11.576 170.400 1972.550 8.328 0.400 3.331 0.75
2019-05-05_00:58:50 04611 11.560 198.000 2288.880 8.328 0.000 0.000 0.75
2019-05-05_00:58:51 04612 11.584 169.200 1960.013 8.352 0.400 3.341 0.75
2019-05-05_00:58:52 04613 11.576 169.200 1958.659 8.360 0.400 3.344 0.76
2019-05-05_00:58:53 04614 11.576 169.200 1958.659 8.368 0.400 3.347 0.76
2019-05-05_00:58:54 04615 11.576 170.000 1967.920 8.376 0.000 0.000 0.76
2019-05-05_00:58:55 04616 11.560 181.600 2099.296 8.376 0.400 3.350 0.76
2019-05-05_00:58:56 04617 11.568 166.400 1924.915 8.400 0.400 3.360 0.76
2019-05-05_00:58:57 04618 11.576 171.200 1981.811 8.408 0.000 0.000 0.75
2019-05-05_00:58:58 04619 11.584 165.600 1918.310 8.304 0.000 0.000 0.75
2019-05-05_00:58:59 04620 11.576 168.000 1944.768 8.320 0.400 3.328 0.75
2019-05-05_00:59:00 04621 11.568 197.600 2285.837 8.312 0.000 0.000 0.75
2019-05-05_00:59:01 04622 11.576 170.800 1977.181 8.336 0.400 3.334 0.75
2019-05-05_00:59:02 04623 11.576 169.600 1963.290 8.344 0.000 0.000 0.75
2019-05-05_00:59:03 04624 11.576 170.400 1972.550 8.360 0.400 3.344 0.76
2019-05-05_00:59:04 04625 11.576 170.000 1967.920 8.368 0.400 3.347 0.76
2019-05-05_00:59:05 04626 11.560 178.400 2062.304 8.368 0.400 3.347 0.76
2019-05-05_00:59:06 04627 11.576 170.400 1972.550 8.392 0.400 3.357 0.76
2019-05-05_00:59:07 04628 11.576 171.600 1986.442 8.400 0.000 0.000 0.76
2019-05-05_00:59:08 04629 11.568 168.400 1948.051 8.408 0.000 0.000 0.75
2019-05-05_00:59:09 04630 11.584 168.400 1950.746 8.304 0.000 0.000 0.75
2019-05-05_00:59:10 04631 11.576 192.800 2231.853 8.304 0.400 3.322 0.75
2019-05-05_00:59:11 04632 11.584 170.000 1969.280 8.328 0.400 3.331 0.75
2019-05-05_00:59:12 04633 11.584 168.000 1946.112 8.336 0.400 3.334 0.75
2019-05-05_00:59:13 04634 11.584 167.600 1941.478 8.352 0.000 0.000 0.75
2019-05-05_00:59:14 04635 11.576 167.200 1935.507 8.360 0.000 0.000 0.76
2019-05-05_00:59:15 04636 11.560 192.800 2228.768 8.352 0.000 0.000 0.76
2019-05-05_00:59:16 04637 11.576 169.200 1958.659 8.376 0.400 3.350 0.76
2019-05-05_00:59:17 04638 11.576 170.000 1967.920 8.392 0.400 3.357 0.76
2019-05-05_00:59:18 04639 11.568 169.200 1957.306 8.400 0.400 3.360 0.76
2019-05-05_00:59:19 04640 11.576 168.800 1954.029 8.408 0.000 0.000 0.75
2019-05-05_00:59:20 04641 11.560 188.000 2173.280 8.296 0.000 0.000 0.77
2019-05-05_00:59:21 04642 11.568 169.200 1957.306 8.552 0.000 0.000 0.76
2019-05-05_00:59:22 04643 11.576 170.800 1977.181 8.408 0.400 3.363 0.75
2019-05-05_00:59:23 04644 11.584 170.000 1969.280 8.312 0.000 0.000 0.75
2019-05-05_00:59:24 04645 11.592 165.600 1919.635 8.320 0.400 3.328 0.75
2019-05-05_00:59:25 04646 11.584 162.400 1881.242 8.328 0.400 3.331 0.75