2019-05-05_02:28:49 00506 11.592 153.200 1775.894 8.328 0.400 3.331 0.75
2019-05-05_02:28:50 00507 11.584 153.600 1779.302 8.336 0.000 0.000 0.75
2019-05-05_02:28:51 00508 11.584 156.400 1811.738 8.344 0.400 3.338 0.75
2019-05-05_02:28:52 00509 11.592 164.400 1905.725 8.360 0.400 3.344 0.75
2019-05-05_02:28:53 00510 11.592 153.600 1780.531 8.368 0.000 0.000 0.76
2019-05-05_02:28:54 00511 11.592 153.600 1780.531 8.376 0.400 3.350 0.76
2019-05-05_02:28:55 00512 11.576 154.000 1782.704 8.392 0.400 3.357 0.76
2019-05-05_02:28:56 00513 11.576 162.000 1875.312 8.400 0.400 3.360 0.76
2019-05-05_02:28:57 00514 11.584 164.800 1909.043 8.408 0.000 0.000 0.75
2019-05-05_02:28:58 00515 11.600 153.200 1777.120 8.304 0.000 0.000 0.75
2019-05-05_02:28:59 00516 11.592 152.800 1771.258 8.312 0.000 0.000 0.75
2019-05-05_02:29:00 00517 11.584 153.600 1779.302 8.320 0.400 3.328 0.75
2019-05-05_02:29:01 00518 11.584 161.200 1867.341 8.336 0.000 0.000 0.75
2019-05-05_02:29:02 00519 11.592 153.600 1780.531 8.344 0.400 3.338 0.75
2019-05-05_02:29:03 00520 11.592 153.600 1780.531 8.360 0.400 3.344 0.75
2019-05-05_02:29:04 00521 11.576 154.000 1782.704 8.368 0.400 3.347 0.76
2019-05-05_02:29:05 00522 11.576 161.200 1866.051 8.376 0.400 3.350 0.76
2019-05-05_02:29:06 00523 11.576 164.400 1903.094 8.392 0.000 0.000 0.76
2019-05-05_02:29:07 00524 11.584 153.200 1774.669 8.400 0.000 0.000 0.76
2019-05-05_02:29:08 00525 11.584 153.600 1779.302 8.408 0.400 3.363 0.75
2019-05-05_02:29:09 00526 11.584 169.200 1960.013 8.304 0.000 0.000 0.75
2019-05-05_02:29:10 00527 11.584 172.000 1992.448 8.304 0.000 0.000 0.75
2019-05-05_02:29:11 00528 11.592 153.200 1775.894 8.320 0.000 0.000 0.75
2019-05-05_02:29:12 00529 11.592 153.200 1775.894 8.336 0.400 3.334 0.75
2019-05-05_02:29:13 00530 11.592 153.200 1775.894 8.344 0.400 3.338 0.75
2019-05-05_02:29:14 00531 11.576 171.200 1981.811 8.344 0.000 0.000 0.75
2019-05-05_02:29:15 00532 11.584 164.000 1899.776 8.368 0.400 3.347 0.76
2019-05-05_02:29:16 00533 11.592 153.200 1775.894 8.376 0.400 3.350 0.76
2019-05-05_02:29:17 00534 11.584 154.000 1783.936 8.392 0.400 3.357 0.76
2019-05-05_02:29:18 00535 11.576 160.800 1861.421 8.400 0.400 3.360 0.76
2019-05-05_02:29:19 00536 11.576 169.200 1958.659 8.400 0.400 3.360 0.76
2019-05-05_02:29:20 00537 11.576 164.800 1907.725 8.424 0.400 3.370 0.75
2019-05-05_02:29:21 00538 11.600 152.800 1772.480 8.312 0.400 3.325 0.75
2019-05-05_02:29:22 00539 11.592 153.200 1775.894 8.328 0.400 3.331 0.75
2019-05-05_02:29:23 00540 11.552 202.800 2342.746 8.320 0.400 3.328 0.75
2019-05-05_02:29:24 00541 11.584 168.400 1950.746 8.336 0.000 0.000 0.75
2019-05-05_02:29:25 00542 11.592 153.600 1780.531 8.360 0.400 3.344 0.75
2019-05-05_02:29:26 00543 11.592 153.200 1775.894 8.368 0.400 3.347 0.76
2019-05-05_02:29:27 00544 11.584 154.400 1788.570 8.376 0.400 3.350 0.76
2019-05-05_02:29:28 00545 11.592 154.400 1789.805 8.392 0.400 3.357 0.76
2019-05-05_02:29:29 00546 11.576 172.000 1991.072 8.392 0.400 3.357 0.76
2019-05-05_02:29:30 00547 11.568 169.200 1957.306 8.400 0.000 0.000 0.76
2019-05-05_02:29:31 00548 11.576 161.200 1866.051 8.424 0.400 3.370 0.75
2019-05-05_02:29:32 00549 11.600 164.400 1907.040 8.312 0.000 0.000 0.75
2019-05-05_02:29:33 00550 11.592 153.600 1780.531 8.320 0.400 3.328 0.75
2019-05-05_02:29:34 00551 11.568 170.000 1966.560 8.320 0.000 0.000 0.75
2019-05-05_02:29:35 00552 11.584 164.000 1899.776 8.344 0.400 3.338 0.75
2019-05-05_02:29:36 00553 11.592 154.400 1789.805 8.360 0.400 3.344 0.75
2019-05-05_02:29:37 00554 11.592 153.200 1775.894 8.368 0.400 3.347 0.76
2019-05-05_02:29:38 00555 11.584 153.200 1774.669 8.376 0.400 3.350 0.76
2019-05-05_02:29:39 00556 11.576 167.600 1940.138 8.376 0.000 0.000 0.76
2019-05-05_02:29:40 00557 11.592 153.200 1775.894 8.400 0.400 3.360 0.76
2019-05-05_02:29:41 00558 11.584 153.200 1774.669 8.408 0.400 3.363 0.75
2019-05-05_02:29:42 00559 11.592 153.200 1775.894 8.304 0.400 3.322 0.75
2019-05-05_02:29:43 00560 11.584 160.800 1862.707 8.312 0.000 0.000 0.75
2019-05-05_02:29:44 00561 11.584 163.600 1895.142 8.320 0.400 3.328 0.75
2019-05-05_02:29:45 00562 11.592 166.000 1924.272 8.328 0.000 0.000 0.75
2019-05-05_02:29:46 00563 11.592 152.800 1771.258 8.344 0.400 3.338 0.75
2019-05-05_02:29:47 00564 11.592 153.200 1775.894 8.360 0.400 3.344 0.75
2019-05-05_02:29:48 00565 11.584 153.600 1779.302 8.368 0.400 3.347 0.76
2019-05-05_02:29:49 00566 11.584 162.000 1876.608 8.376 0.400 3.350 0.76
2019-05-05_02:29:50 00567 11.592 153.600 1780.531 8.384 0.400 3.354 0.76
2019-05-05_02:29:51 00568 11.584 152.800 1770.035 8.400 0.400 3.360 0.76
2019-05-05_02:29:52 00569 11.576 154.000 1782.704 8.408 0.400 3.363 0.75
2019-05-05_02:29:53 00570 11.592 161.200 1868.630 8.304 0.000 0.000 0.75
2019-05-05_02:29:54 00571 11.600 152.800 1772.480 8.312 0.400 3.325 0.75
2019-05-05_02:29:55 00572 11.592 153.200 1775.894 8.320 0.000 0.000 0.75
2019-05-05_02:29:56 00573 11.584 156.000 1807.104 8.336 0.400 3.334 0.75
2019-05-05_02:29:57 00574 11.592 164.400 1905.725 8.344 0.400 3.338 0.75
2019-05-05_02:29:58 00575 11.592 158.000 1831.536 8.352 0.400 3.341 0.75
2019-05-05_02:29:59 00576 11.584 153.600 1779.302 8.360 0.400 3.344 0.76
2019-05-05_02:30:00 00577 11.584 160.400 1858.074 8.376 0.400 3.350 0.76
2019-05-05_02:30:01 00578 11.584 164.400 1904.410 8.392 0.400 3.357 0.76
2019-05-05_02:30:02 00579 11.576 169.600 1963.290 8.384 0.000 0.000 0.76
2019-05-05_02:30:03 00580 11.576 168.800 1954.029 8.400 0.400 3.360 0.76
2019-05-05_02:30:04 00581 11.552 197.600 2282.675 8.400 0.000 0.000 0.76
2019-05-05_02:30:05 00582 11.552 200.400 2315.021 8.416 0.400 3.366 0.75
2019-05-05_02:30:06 00583 11.560 197.200 2279.632 8.304 0.000 0.000 0.75
2019-05-05_02:30:07 00584 11.568 197.200 2281.210 8.312 0.400 3.325 0.75
2019-05-05_02:30:08 00585 11.560 193.600 2238.016 8.320 0.000 0.000 0.75
2019-05-05_02:30:09 00586 11.560 192.000 2219.520 8.336 0.000 0.000 0.75
2019-05-05_02:30:10 00587 11.560 198.400 2293.504 8.344 0.000 0.000 0.76
2019-05-05_02:30:11 00588 11.560 200.000 2312.000 8.352 0.000 0.000 0.76
2019-05-05_02:30:12 00589 11.560 198.800 2298.128 8.360 0.400 3.344 0.76
2019-05-05_02:30:13 00590 11.552 197.600 2282.675 8.376 0.000 0.000 0.76
2019-05-05_02:30:14 00591 11.552 198.800 2296.538 8.384 0.000 0.000 0.76
2019-05-05_02:30:15 00592 11.552 196.800 2273.434 8.400 0.000 0.000 0.76
2019-05-05_02:30:16 00593 11.560 198.000 2288.880 8.416 0.000 0.000 0.75
2019-05-05_02:30:17 00594 11.568 199.200 2304.346 8.304 0.000 0.000 0.75
2019-05-05_02:30:18 00595 11.560 195.200 2256.512 8.312 0.400 3.325 0.75
2019-05-05_02:30:19 00596 11.560 186.400 2154.784 8.328 0.000 0.000 0.75
2019-05-05_02:30:20 00597 11.560 197.200 2279.632 8.336 0.400 3.334 0.75
2019-05-05_02:30:21 00598 11.560 198.000 2288.880 8.344 0.000 0.000 0.76
2019-05-05_02:30:22 00599 11.560 195.600 2261.136 8.352 0.000 0.000 0.76
2019-05-05_02:30:23 00600 11.560 195.600 2261.136 8.368 0.400 3.347 0.76
2019-05-05_02:30:24 00601 11.568 194.400 2248.819 8.376 0.400 3.350 0.76
2019-05-05_02:30:25 00602 11.560 191.600 2214.896 8.384 0.000 0.000 0.76
2019-05-05_02:30:27 00603 11.552 196.000 2264.192 8.400 0.000 0.000 0.76
2019-05-05_02:30:28 00604 11.552 190.800 2204.122 8.416 0.000 0.000 0.75
2019-05-05_02:30:29 00605 11.568 198.400 2295.091 8.304 0.000 0.000 0.75
2019-05-05_02:30:30 00606 11.560 196.800 2275.008 8.312 0.000 0.000 0.75