2019-05-04_23:20:45 00405 11.560 197.200 2279.632 8.344 0.000 0.000 0.75
2019-05-04_23:20:46 00406 11.560 195.200 2256.512 8.352 0.000 0.000 0.76
2019-05-04_23:20:47 00407 11.568 196.400 2271.955 8.360 0.000 0.000 0.76
2019-05-04_23:20:48 00408 11.560 198.800 2298.128 8.368 0.000 0.000 0.76
2019-05-04_23:20:49 00409 11.552 191.200 2208.742 8.384 0.000 0.000 0.76
2019-05-04_23:20:50 00410 11.552 192.000 2217.984 8.392 0.000 0.000 0.76
2019-05-04_23:20:51 00411 11.552 200.400 2315.021 8.400 0.000 0.000 0.76
2019-05-04_23:20:52 00412 11.552 200.000 2310.400 8.416 0.000 0.000 0.75
2019-05-04_23:20:53 00413 11.560 198.000 2288.880 8.312 0.000 0.000 0.75
2019-05-04_23:20:54 00414 11.560 200.000 2312.000 8.320 0.000 0.000 0.75
2019-05-04_23:20:55 00415 11.568 196.800 2276.582 8.336 0.000 0.000 0.75
2019-05-04_23:20:56 00416 11.568 196.800 2276.582 8.344 0.000 0.000 0.75
2019-05-04_23:20:57 00417 11.552 196.800 2273.434 8.352 0.000 0.000 0.76
2019-05-04_23:20:58 00418 11.560 192.800 2228.768 8.360 0.000 0.000 0.76
2019-05-04_23:20:59 00419 11.552 198.400 2291.917 8.376 0.000 0.000 0.76
2019-05-04_23:21:00 00420 11.552 199.600 2305.779 8.376 0.400 3.350 0.76
2019-05-04_23:21:01 00421 11.552 195.600 2259.571 8.392 0.000 0.000 0.76
2019-05-04_23:21:02 00422 11.576 169.600 1963.290 8.408 0.000 0.000 0.75
2019-05-04_23:21:03 00423 11.568 199.200 2304.346 8.296 0.000 0.000 0.77
2019-05-04_23:21:04 00424 11.552 191.200 2208.742 8.528 0.000 0.000 0.76
2019-05-04_23:21:05 00425 11.552 194.400 2245.709 8.408 0.400 3.363 0.75
2019-05-04_23:21:06 00426 11.568 200.000 2313.600 8.304 0.000 0.000 0.75
2019-05-04_23:21:07 00427 11.560 188.000 2173.280 8.312 0.000 0.000 0.75
2019-05-04_23:21:08 00428 11.568 189.600 2193.293 8.328 0.400 3.331 0.75
2019-05-04_23:21:09 00429 11.552 194.800 2250.330 8.328 0.400 3.331 0.75
2019-05-04_23:21:10 00430 11.560 194.000 2242.640 8.344 0.400 3.338 0.75
2019-05-04_23:21:11 00431 11.560 194.800 2251.888 8.360 0.000 0.000 0.76
2019-05-04_23:21:12 00432 11.560 192.400 2224.144 8.360 0.000 0.000 0.76
2019-05-04_23:21:13 00433 11.552 197.600 2282.675 8.368 0.000 0.000 0.76
2019-05-04_23:21:14 00434 11.552 196.000 2264.192 8.384 0.400 3.354 0.76
2019-05-04_23:21:15 00435 11.552 197.600 2282.675 8.392 0.000 0.000 0.76
2019-05-04_23:21:16 00436 11.552 195.200 2254.950 8.408 0.000 0.000 0.75
2019-05-04_23:21:17 00437 11.568 183.600 2123.885 8.304 0.000 0.000 0.75
2019-05-04_23:21:18 00438 11.560 197.600 2284.256 8.312 0.000 0.000 0.75
2019-05-04_23:21:19 00439 11.560 196.800 2275.008 8.328 0.000 0.000 0.75
2019-05-04_23:21:20 00440 11.560 193.600 2238.016 8.336 0.400 3.334 0.75
2019-05-04_23:21:21 00441 11.560 196.800 2275.008 8.344 0.000 0.000 0.75
2019-05-04_23:21:22 00442 11.568 196.400 2271.955 8.352 0.000 0.000 0.76
2019-05-04_23:21:23 00443 11.560 189.200 2187.152 8.368 0.400 3.347 0.76
2019-05-04_23:21:24 00444 11.560 195.600 2261.136 8.376 0.400 3.350 0.76
2019-05-04_23:21:25 00445 11.560 196.800 2275.008 8.384 0.000 0.000 0.76
2019-05-04_23:21:26 00446 11.552 189.200 2185.638 8.392 0.000 0.000 0.76
2019-05-04_23:21:27 00447 11.552 190.800 2204.122 8.400 0.000 0.000 0.76
2019-05-04_23:21:28 00448 11.552 193.600 2236.467 8.416 0.000 0.000 0.75
2019-05-04_23:21:29 00449 11.568 192.000 2221.056 8.312 0.000 0.000 0.75
2019-05-04_23:21:30 00450 11.568 196.400 2271.955 8.320 0.000 0.000 0.75
2019-05-04_23:21:31 00451 11.568 196.800 2276.582 8.336 0.000 0.000 0.75
2019-05-04_23:21:32 00452 11.560 196.400 2270.384 8.344 0.000 0.000 0.75
2019-05-04_23:21:33 00453 11.560 191.200 2210.272 8.360 0.000 0.000 0.76
2019-05-04_23:21:34 00454 11.560 192.800 2228.768 8.360 0.000 0.000 0.76
2019-05-04_23:21:35 00455 11.552 190.000 2194.880 8.376 0.000 0.000 0.76
2019-05-04_23:21:36 00456 11.552 194.400 2245.709 8.384 0.000 0.000 0.76
2019-05-04_23:21:37 00457 11.552 196.400 2268.813 8.392 0.000 0.000 0.76
2019-05-04_23:21:38 00458 11.560 194.400 2247.264 8.400 0.000 0.000 0.76
2019-05-04_23:21:39 00459 11.552 200.400 2315.021 8.416 0.000 0.000 0.75
2019-05-04_23:21:40 00460 11.560 202.400 2339.744 8.304 0.000 0.000 0.75
2019-05-04_23:21:41 00461 11.560 195.600 2261.136 8.328 0.000 0.000 0.75
2019-05-04_23:21:42 00462 11.560 197.600 2284.256 8.336 0.400 3.334 0.75
2019-05-04_23:21:43 00463 11.560 198.400 2293.504 8.344 0.400 3.338 0.75
2019-05-04_23:21:44 00464 11.560 188.400 2177.904 8.360 0.400 3.344 0.76
2019-05-04_23:21:45 00465 11.552 194.000 2241.088 8.368 0.000 0.000 0.76
2019-05-04_23:21:46 00466 11.560 196.400 2270.384 8.368 0.000 0.000 0.76
2019-05-04_23:21:47 00467 11.552 198.800 2296.538 8.384 0.000 0.000 0.76
2019-05-04_23:21:48 00468 11.552 196.000 2264.192 8.392 0.000 0.000 0.76
2019-05-04_23:21:49 00469 11.560 198.000 2288.880 8.400 0.000 0.000 0.76
2019-05-04_23:21:50 00470 11.552 198.400 2291.917 8.416 0.400 3.366 0.75
2019-05-04_23:21:51 00471 11.560 198.400 2293.504 8.312 0.000 0.000 0.75
2019-05-04_23:21:52 00472 11.560 199.600 2307.376 8.320 0.000 0.000 0.75
2019-05-04_23:21:53 00473 11.560 189.600 2191.776 8.328 0.000 0.000 0.75
2019-05-04_23:21:54 00474 11.560 188.000 2173.280 8.344 0.000 0.000 0.75
2019-05-04_23:21:55 00475 11.552 194.800 2250.330 8.352 0.400 3.341 0.76
2019-05-04_23:21:56 00476 11.568 188.000 2174.784 8.360 0.000 0.000 0.76
2019-05-04_23:21:57 00477 11.560 198.800 2298.128 8.376 0.000 0.000 0.76
2019-05-04_23:21:58 00478 11.552 203.200 2347.366 8.376 0.000 0.000 0.76
2019-05-04_23:21:59 00479 11.552 198.800 2296.538 8.392 0.000 0.000 0.76
2019-05-04_23:22:00 00480 11.552 194.400 2245.709 8.400 0.000 0.000 0.76
2019-05-04_23:22:01 00481 11.552 183.600 2120.947 8.416 0.000 0.000 0.75
2019-05-04_23:22:02 00482 11.584 184.800 2140.723 8.328 0.000 0.000 0.75
2019-05-04_23:22:03 00483 11.592 164.400 1905.725 8.344 0.000 0.000 0.75
2019-05-04_23:22:04 00484 11.592 153.200 1775.894 8.360 0.400 3.344 0.75
2019-05-04_23:22:05 00485 11.584 153.600 1779.302 8.368 0.000 0.000 0.75
2019-05-04_23:22:06 00486 11.576 162.000 1875.312 8.376 0.400 3.350 0.76
2019-05-04_23:22:07 00487 11.576 164.000 1898.464 8.384 0.000 0.000 0.76
2019-05-04_23:22:08 00488 11.576 169.600 1963.290 8.384 0.400 3.354 0.76
2019-05-04_23:22:09 00489 11.584 153.200 1774.669 8.400 0.400 3.360 0.76
2019-05-04_23:22:10 00490 11.584 153.200 1774.669 8.416 0.000 0.000 0.75
2019-05-04_23:22:11 00491 11.584 157.200 1821.005 8.320 0.000 0.000 0.75
2019-05-04_23:22:12 00492 11.584 163.600 1895.142 8.328 0.000 0.000 0.75
2019-05-04_23:22:13 00493 11.592 153.600 1780.531 8.336 0.000 0.000 0.75
2019-05-04_23:22:14 00494 11.592 153.600 1780.531 8.344 0.400 3.338 0.75
2019-05-04_23:22:15 00495 11.568 169.200 1957.306 8.352 0.400 3.341 0.75
2019-05-04_23:22:16 00496 11.584 160.800 1862.707 8.368 0.400 3.347 0.75
2019-05-04_23:22:17 00497 11.592 164.800 1910.362 8.376 0.000 0.000 0.76
2019-05-04_23:22:18 00498 11.584 153.200 1774.669 8.384 0.000 0.000 0.76
2019-05-04_23:22:19 00499 11.584 154.000 1783.936 8.392 0.400 3.357 0.76
2019-05-04_23:22:20 00500 11.560 174.400 2016.064 8.392 0.000 0.000 0.76
2019-05-04_23:22:21 00501 11.584 164.400 1904.410 8.416 0.000 0.000 0.75
2019-05-04_23:22:22 00502 11.600 153.200 1777.120 8.312 0.000 0.000 0.75
2019-05-04_23:22:23 00503 11.592 153.200 1775.894 8.328 0.000 0.000 0.75
2019-05-04_23:22:24 00504 11.584 186.800 2163.891 8.328 0.000 0.000 0.75
2019-05-04_23:22:25 00505 11.568 192.800 2230.310 8.320 0.400 3.328 0.75