2019-05-05_22:31:35 03637 2.240 -0.800 -1.792 7.864 194.400 1528.762 0.00
2019-05-05_22:31:36 03638 2.240 -0.800 -1.792 7.864 194.000 1525.616 0.00
2019-05-05_22:31:37 03639 2.240 -0.800 -1.792 7.856 194.000 1524.064 0.00
2019-05-05_22:31:38 03640 2.240 -0.800 -1.792 7.864 194.400 1528.762 0.00
2019-05-05_22:31:39 03641 2.240 -0.800 -1.792 7.864 194.400 1528.762 0.00
2019-05-05_22:31:40 03642 2.240 -0.800 -1.792 7.856 194.000 1524.064 0.00
2019-05-05_22:31:41 03643 2.240 -0.800 -1.792 7.840 219.600 1721.664 0.00
2019-05-05_22:31:42 03644 2.240 -0.800 -1.792 7.856 194.000 1524.064 0.00
2019-05-05_22:31:43 03645 2.240 -0.800 -1.792 7.864 194.000 1525.616 0.00
2019-05-05_22:31:44 03646 2.240 -0.800 -1.792 7.856 194.400 1527.206 0.00
2019-05-05_22:31:45 03647 2.240 -0.800 -1.792 7.864 194.400 1528.762 0.00
2019-05-05_22:31:46 03648 2.240 -0.800 -1.792 7.864 194.400 1528.762 0.00
2019-05-05_22:31:47 03649 2.240 -0.800 -1.792 7.856 194.000 1524.064 0.00
2019-05-05_22:31:48 03650 2.240 -0.800 -1.792 7.848 194.000 1522.512 0.00
2019-05-05_22:31:49 03651 2.240 -0.800 -1.792 7.864 194.400 1528.762 0.00
2019-05-05_22:31:50 03652 2.240 -0.800 -1.792 7.856 194.000 1524.064 0.00
2019-05-05_22:31:51 03653 2.240 -0.800 -1.792 7.856 194.000 1524.064 0.00
2019-05-05_22:31:52 03654 2.240 -0.800 -1.792 7.864 194.000 1525.616 0.00
2019-05-05_22:31:53 03655 2.240 -0.800 -1.792 7.856 194.400 1527.206 0.00
2019-05-05_22:31:54 03656 2.240 -0.800 -1.792 7.864 194.800 1531.907 0.00
2019-05-05_22:31:55 03657 2.240 -0.800 -1.792 7.864 194.400 1528.762 0.00
2019-05-05_22:31:56 03658 2.240 -0.800 -1.792 7.856 194.400 1527.206 0.00
2019-05-05_22:31:57 03659 2.240 -0.800 -1.792 7.856 193.600 1520.922 0.00
2019-05-05_22:31:58 03660 2.240 -0.800 -1.792 7.856 194.400 1527.206 0.00
2019-05-05_22:31:59 03661 2.240 -0.800 -1.792 7.856 194.400 1527.206 0.00
2019-05-05_22:32:00 03662 2.240 -0.800 -1.792 7.856 194.400 1527.206 0.00
2019-05-05_22:32:01 03663 2.240 -0.800 -1.792 7.856 194.000 1524.064 0.00
2019-05-05_22:32:02 03664 2.240 -0.800 -1.792 7.856 194.400 1527.206 0.00
2019-05-05_22:32:03 03665 2.240 -0.800 -1.792 7.864 193.200 1519.325 0.00
2019-05-05_22:32:04 03666 2.240 -0.800 -1.792 7.864 194.800 1531.907 0.00
2019-05-05_22:32:05 03667 2.240 -0.800 -1.792 7.864 193.600 1522.470 0.00
2019-05-05_22:32:06 03668 2.240 -0.800 -1.792 7.864 193.600 1522.470 0.00
2019-05-05_22:32:07 03669 2.240 -0.800 -1.792 7.856 204.800 1608.909 0.00
2019-05-05_22:32:08 03670 2.240 -0.800 -1.792 7.856 194.400 1527.206 0.00
2019-05-05_22:32:09 03671 2.240 -0.800 -1.792 7.856 194.000 1524.064 0.00
2019-05-05_22:32:10 03672 2.240 -0.800 -1.792 7.856 202.000 1586.912 0.00
2019-05-05_22:32:11 03673 2.240 -0.800 -1.792 7.856 194.400 1527.206 0.00
2019-05-05_22:32:12 03674 2.240 -0.800 -1.792 7.856 194.400 1527.206 0.00
2019-05-05_22:32:13 03675 2.240 -0.800 -1.792 7.856 194.400 1527.206 0.00
2019-05-05_22:32:14 03676 2.240 -0.800 -1.792 7.856 194.400 1527.206 0.00
2019-05-05_22:32:15 03677 2.240 -0.800 -1.792 7.856 200.400 1574.342 0.00
2019-05-05_22:32:16 03678 2.240 -0.800 -1.792 7.864 194.400 1528.762 0.00
2019-05-05_22:32:17 03679 2.240 -0.800 -1.792 7.856 194.400 1527.206 0.00
2019-05-05_22:32:18 03680 2.240 -0.800 -1.792 7.848 194.400 1525.651 0.00
2019-05-05_22:32:19 03681 2.240 -0.800 -1.792 7.856 195.200 1533.491 0.00
2019-05-05_22:32:20 03682 2.240 -0.800 -1.792 7.856 194.400 1527.206 0.00
2019-05-05_22:32:21 03683 2.240 -0.800 -1.792 7.856 194.400 1527.206 0.00
2019-05-05_22:32:22 03684 2.240 -0.800 -1.792 7.856 194.400 1527.206 0.00
2019-05-05_22:32:23 03685 2.240 -0.800 -1.792 7.856 194.000 1524.064 0.00
2019-05-05_22:32:24 03686 2.240 -0.800 -1.792 7.856 194.000 1524.064 0.00
2019-05-05_22:32:25 03687 2.240 -0.800 -1.792 7.856 194.400 1527.206 0.00
2019-05-05_22:32:26 03688 2.240 -0.800 -1.792 7.856 194.800 1530.349 0.00
2019-05-05_22:32:27 03689 2.240 -0.800 -1.792 7.840 218.800 1715.392 0.00
2019-05-05_22:32:28 03690 2.240 -0.800 -1.792 7.856 194.400 1527.206 0.00
2019-05-05_22:32:29 03691 2.240 -0.800 -1.792 7.856 194.000 1524.064 0.00
2019-05-05_22:32:30 03692 2.240 -0.800 -1.792 7.856 194.400 1527.206 0.00
2019-05-05_22:32:31 03693 2.240 -0.800 -1.792 7.856 194.800 1530.349 0.00
2019-05-05_22:32:32 03694 2.240 -0.800 -1.792 7.856 194.400 1527.206 0.00
2019-05-05_22:32:33 03695 2.240 -0.800 -1.792 7.856 194.800 1530.349 0.00
2019-05-05_22:32:34 03696 2.240 -0.800 -1.792 7.856 194.000 1524.064 0.00
2019-05-05_22:32:35 03697 2.240 -0.800 -1.792 7.856 194.000 1524.064 0.00
2019-05-05_22:32:36 03698 2.240 -0.800 -1.792 7.856 194.400 1527.206 0.00
2019-05-05_22:32:37 03699 2.240 -0.800 -1.792 7.856 193.600 1520.922 0.00
2019-05-05_22:32:38 03700 2.240 -0.800 -1.792 7.848 195.200 1531.930 0.00
2019-05-05_22:32:39 03701 2.240 -0.800 -1.792 7.856 194.400 1527.206 0.00
2019-05-05_22:32:40 03702 2.240 -0.800 -1.792 7.856 194.400 1527.206 0.00
2019-05-05_22:32:41 03703 2.240 -0.800 -1.792 7.856 194.000 1524.064 0.00
2019-05-05_22:32:42 03704 2.240 -0.800 -1.792 7.856 194.000 1524.064 0.00
2019-05-05_22:32:43 03705 2.240 -0.800 -1.792 7.856 194.800 1530.349 0.00
2019-05-05_22:32:44 03706 2.240 -0.800 -1.792 7.856 194.400 1527.206 0.00
2019-05-05_22:32:45 03707 2.240 -0.800 -1.792 7.856 194.000 1524.064 0.00
2019-05-05_22:32:46 03708 2.240 -0.800 -1.792 7.856 194.800 1530.349 0.00
2019-05-05_22:32:47 03709 2.240 -0.800 -1.792 7.856 198.800 1561.773 0.00
2019-05-05_22:32:48 03710 2.240 -0.800 -1.792 7.856 194.400 1527.206 0.00
2019-05-05_22:32:49 03711 2.240 -0.800 -1.792 7.848 193.600 1519.373 0.00
2019-05-05_22:32:50 03712 2.240 -0.800 -1.792 7.856 194.000 1524.064 0.00
2019-05-05_22:32:51 03713 2.240 -0.800 -1.792 7.856 194.800 1530.349 0.00
2019-05-05_22:32:52 03714 2.240 -0.800 -1.792 7.856 194.000 1524.064 0.00
2019-05-05_22:32:53 03715 2.240 -0.800 -1.792 7.856 202.400 1590.054 0.00
2019-05-05_22:32:54 03716 2.240 -0.800 -1.792 7.856 194.400 1527.206 0.00
2019-05-05_22:32:55 03717 2.240 -0.800 -1.792 7.856 194.400 1527.206 0.00
2019-05-05_22:32:56 03718 2.240 -0.800 -1.792 7.856 194.400 1527.206 0.00
2019-05-05_22:32:57 03719 2.240 -0.800 -1.792 7.856 193.600 1520.922 0.00
2019-05-05_22:32:58 03720 2.240 -0.800 -1.792 7.856 194.400 1527.206 0.00
2019-05-05_22:32:59 03721 2.240 -0.800 -1.792 7.848 194.000 1522.512 0.00
2019-05-05_22:33:00 03722 2.240 -0.800 -1.792 7.856 193.600 1520.922 0.00
2019-05-05_22:33:01 03723 2.240 -0.800 -1.792 7.856 194.400 1527.206 0.00
2019-05-05_22:33:02 03724 2.240 -0.800 -1.792 7.856 194.400 1527.206 0.00
2019-05-05_22:33:03 03725 2.240 -0.800 -1.792 7.856 199.600 1568.058 0.00
2019-05-05_22:33:04 03726 2.240 -0.800 -1.792 7.856 195.200 1533.491 0.00
2019-05-05_22:33:05 03727 2.240 -0.800 -1.792 7.856 194.400 1527.206 0.00
2019-05-05_22:33:06 03728 2.240 -0.800 -1.792 7.856 193.600 1520.922 0.00
2019-05-05_22:33:07 03729 2.240 -0.800 -1.792 7.848 193.600 1519.373 0.00
2019-05-05_22:33:08 03730 2.240 -0.800 -1.792 7.856 194.000 1524.064 0.00
2019-05-05_22:33:09 03731 2.240 -0.800 -1.792 7.856 193.600 1520.922 0.00
2019-05-05_22:33:10 03732 2.240 -0.400 -0.896 7.856 194.000 1524.064 0.00
2019-05-05_22:33:11 03733 2.240 -0.800 -1.792 7.848 194.000 1522.512 0.00
2019-05-05_22:33:12 03734 2.240 -0.800 -1.792 7.840 218.800 1715.392 0.00
2019-05-05_22:33:13 03735 2.240 -0.800 -1.792 7.856 194.000 1524.064 0.00
2019-05-05_22:33:14 03736 2.240 -0.800 -1.792 7.856 194.400 1527.206 0.00
2019-05-05_22:33:15 03737 2.240 -0.800 -1.792 7.856 194.000 1524.064 0.00