2019-05-05_23:22:08 06667 11.368 411.600 4679.069 8.352 -285.600 -2385.331 0.81
2019-05-05_23:22:09 06668 11.360 414.400 4707.584 8.360 -290.800 -2431.088 0.82
2019-05-05_23:22:10 06669 11.352 423.200 4804.166 8.368 -308.000 -2577.344 0.82
2019-05-05_23:22:11 06670 11.352 430.000 4881.360 8.368 -310.000 -2594.080 0.82
2019-05-05_23:22:12 06671 11.344 426.400 4837.082 8.376 -315.600 -2643.466 0.82
2019-05-05_23:22:13 06672 11.344 439.600 4986.822 8.384 -320.800 -2689.587 0.82
2019-05-05_23:22:14 06673 11.336 432.800 4906.221 8.384 -323.600 -2713.062 0.82
2019-05-05_23:22:15 06674 11.344 448.000 5082.112 8.392 -330.800 -2776.074 0.82
2019-05-05_23:22:16 06675 11.328 452.000 5120.256 8.392 -338.400 -2839.853 0.82
2019-05-05_23:22:17 06676 11.336 445.600 5051.322 8.408 -353.600 -2973.069 0.81
2019-05-05_23:22:18 06677 11.368 407.600 4633.597 8.352 -283.200 -2365.286 0.81
2019-05-05_23:22:19 06678 11.368 412.400 4688.163 8.352 -285.600 -2385.331 0.81
2019-05-05_23:22:20 06679 11.360 418.000 4748.480 8.360 -290.000 -2424.400 0.82
2019-05-05_23:22:21 06680 11.360 420.400 4775.744 8.368 -298.400 -2497.011 0.82
2019-05-05_23:22:22 06681 11.344 428.000 4855.232 8.376 -308.800 -2586.509 0.82
2019-05-05_23:22:23 06682 11.352 428.800 4867.738 8.384 -314.400 -2635.930 0.82
2019-05-05_23:22:24 06683 11.336 435.200 4933.427 8.384 -321.600 -2696.294 0.82
2019-05-05_23:22:25 06684 11.336 442.000 5010.512 8.392 -327.600 -2749.219 0.82
2019-05-05_23:22:26 06685 11.336 442.800 5019.581 8.392 -331.600 -2782.787 0.82
2019-05-05_23:22:27 06686 11.328 453.600 5138.381 8.400 -335.200 -2815.680 0.82
2019-05-05_23:22:28 06687 11.328 460.400 5215.411 8.400 -342.800 -2879.520 0.82
2019-05-05_23:22:29 06688 11.320 464.400 5257.008 8.408 -348.000 -2925.984 0.81
2019-05-05_23:22:30 06689 11.360 408.000 4634.880 8.352 -289.600 -2418.739 0.81
2019-05-05_23:22:31 06690 11.352 414.400 4704.269 8.360 -292.800 -2447.808 0.82
2019-05-05_23:22:32 06691 11.352 421.600 4786.003 8.360 -300.800 -2514.688 0.82
2019-05-05_23:22:33 06692 11.352 429.200 4872.278 8.368 -308.800 -2584.038 0.82
2019-05-05_23:22:34 06693 11.344 425.200 4823.469 8.376 -315.200 -2640.115 0.82
2019-05-05_23:22:35 06694 11.344 432.800 4909.683 8.384 -322.400 -2703.002 0.82
2019-05-05_23:22:36 06695 11.336 446.800 5064.925 8.384 -322.000 -2699.648 0.82
2019-05-05_23:22:37 06696 11.336 440.800 4996.909 8.392 -329.600 -2766.003 0.82
2019-05-05_23:22:38 06697 11.336 452.800 5132.941 8.400 -335.200 -2815.680 0.82
2019-05-05_23:22:39 06698 11.336 458.400 5196.422 8.400 -344.400 -2892.960 0.82
2019-05-05_23:22:40 06699 11.328 457.600 5183.693 8.408 -348.000 -2925.984 0.81
2019-05-05_23:22:41 06700 11.360 411.600 4675.776 8.352 -284.400 -2375.309 0.81
2019-05-05_23:22:42 06701 11.360 412.800 4689.408 8.360 -296.400 -2477.904 0.82
2019-05-05_23:22:43 06702 11.352 420.400 4772.381 8.368 -296.400 -2480.275 0.82
2019-05-05_23:22:44 06703 11.344 430.400 4882.458 8.368 -303.600 -2540.525 0.82
2019-05-05_23:22:45 06704 11.344 428.000 4855.232 8.376 -314.400 -2633.414 0.82
2019-05-05_23:22:46 06705 11.344 442.000 5014.048 8.384 -322.400 -2703.002 0.82
2019-05-05_23:22:47 06706 11.336 442.400 5015.046 8.384 -322.800 -2706.355 0.82
2019-05-05_23:22:48 06707 11.336 444.800 5042.253 8.392 -329.200 -2762.646 0.82
2019-05-05_23:22:49 06708 11.328 456.000 5165.568 8.400 -335.200 -2815.680 0.82
2019-05-05_23:22:50 06709 11.336 459.600 5210.026 8.408 -346.400 -2912.531 0.81
2019-05-05_23:22:51 06710 11.368 411.200 4674.522 8.352 -278.400 -2325.197 0.81
2019-05-05_23:22:52 06711 11.360 415.600 4721.216 8.352 -283.200 -2365.286 0.81
2019-05-05_23:22:53 06712 11.360 420.800 4780.288 8.360 -296.000 -2474.560 0.82
2019-05-05_23:22:54 06713 11.352 422.000 4790.544 8.368 -300.400 -2513.747 0.82
2019-05-05_23:22:55 06714 11.352 427.200 4849.574 8.368 -304.000 -2543.872 0.82
2019-05-05_23:22:56 06715 11.344 434.400 4927.834 8.376 -310.000 -2596.560 0.82
2019-05-05_23:22:57 06716 11.344 440.400 4995.898 8.384 -316.800 -2656.051 0.82
2019-05-05_23:22:58 06717 11.336 444.800 5042.253 8.392 -330.400 -2772.717 0.82
2019-05-05_23:22:59 06718 11.336 449.600 5096.666 8.400 -330.000 -2772.000 0.82
2019-05-05_23:23:00 06719 11.336 454.800 5155.613 8.400 -336.400 -2825.760 0.82
2019-05-05_23:23:01 06720 11.328 450.400 5102.131 8.408 -341.200 -2868.810 0.81
2019-05-05_23:23:02 06721 11.368 398.400 4529.011 8.344 -277.600 -2316.294 0.81
2019-05-05_23:23:03 06722 11.368 410.000 4660.880 8.352 -282.800 -2361.946 0.81
2019-05-05_23:23:04 06723 11.368 416.400 4733.635 8.360 -294.000 -2457.840 0.82
2019-05-05_23:23:05 06724 11.360 417.200 4739.392 8.368 -303.200 -2537.178 0.82
2019-05-05_23:23:06 06725 11.344 431.200 4891.533 8.368 -307.200 -2570.650 0.82
2019-05-05_23:23:07 06726 11.360 414.400 4707.584 8.384 -321.600 -2696.294 0.82
2019-05-05_23:23:08 06727 11.360 407.200 4625.792 8.384 -334.000 -2800.256 0.82
2019-05-05_23:23:09 06728 11.352 412.400 4681.565 8.392 -340.400 -2856.637 0.82
2019-05-05_23:23:10 06729 11.352 424.800 4822.330 8.400 -346.400 -2909.760 0.82
2019-05-05_23:23:11 06730 11.352 422.000 4790.544 8.400 -352.400 -2960.160 0.82
2019-05-05_23:23:12 06731 11.344 438.800 4977.747 8.408 -352.400 -2962.979 0.81
2019-05-05_23:23:13 06732 11.384 376.400 4284.938 8.352 -294.800 -2462.170 0.81
2019-05-05_23:23:14 06733 11.384 381.200 4339.581 8.360 -300.800 -2514.688 0.81
2019-05-05_23:23:15 06734 11.376 386.000 4391.136 8.360 -307.200 -2568.192 0.82
2019-05-05_23:23:16 06735 11.368 390.400 4438.067 8.368 -313.200 -2620.858 0.82
2019-05-05_23:23:17 06736 11.360 404.400 4593.984 8.376 -321.200 -2690.371 0.82
2019-05-05_23:23:18 06737 11.368 401.600 4565.389 8.384 -327.600 -2746.598 0.82
2019-05-05_23:23:19 06738 11.360 406.800 4621.248 8.392 -334.000 -2802.928 0.82
2019-05-05_23:23:20 06739 11.352 418.000 4745.136 8.392 -340.400 -2856.637 0.82
2019-05-05_23:23:21 06740 11.352 424.400 4817.789 8.400 -346.400 -2909.760 0.82
2019-05-05_23:23:22 06741 11.352 422.000 4790.544 8.408 -352.400 -2962.979 0.81
2019-05-05_23:23:23 06742 11.392 371.200 4228.710 8.344 -288.000 -2403.072 0.81
2019-05-05_23:23:24 06743 11.384 382.400 4353.242 8.352 -294.400 -2458.829 0.81
2019-05-05_23:23:25 06744 11.384 380.800 4335.027 8.360 -300.800 -2514.688 0.81
2019-05-05_23:23:26 06745 11.376 385.600 4386.586 8.368 -304.400 -2547.219 0.82
2019-05-05_23:23:27 06746 11.376 390.800 4445.741 8.368 -312.400 -2614.163 0.82
2019-05-05_23:23:28 06747 11.360 402.800 4575.808 8.376 -321.200 -2690.371 0.82
2019-05-05_23:23:29 06748 11.368 402.000 4569.936 8.384 -327.600 -2746.598 0.82
2019-05-05_23:23:30 06749 11.360 407.200 4625.792 8.392 -333.200 -2796.214 0.82
2019-05-05_23:23:31 06750 11.360 412.400 4684.864 8.392 -339.600 -2849.923 0.82
2019-05-05_23:23:32 06751 11.352 420.000 4767.840 8.400 -345.600 -2903.040 0.82
2019-05-05_23:23:33 06752 11.352 422.000 4790.544 8.408 -352.400 -2962.979 0.81
2019-05-05_23:23:34 06753 11.392 371.200 4228.710 8.352 -287.600 -2402.035 0.81
2019-05-05_23:23:35 06754 11.384 375.600 4275.830 8.352 -294.400 -2458.829 0.81
2019-05-05_23:23:36 06755 11.376 390.400 4441.190 8.360 -294.000 -2457.840 0.81
2019-05-05_23:23:37 06756 11.376 385.600 4386.586 8.360 -306.800 -2564.848 0.82
2019-05-05_23:23:38 06757 11.376 390.400 4441.190 8.368 -311.200 -2604.122 0.82
2019-05-05_23:23:39 06758 11.360 404.000 4589.440 8.376 -321.200 -2690.371 0.82
2019-05-05_23:23:40 06759 11.368 402.000 4569.936 8.384 -327.200 -2743.245 0.82
2019-05-05_23:23:41 06760 11.360 407.200 4625.792 8.392 -333.200 -2796.214 0.82
2019-05-05_23:23:42 06761 11.352 418.000 4745.136 8.392 -339.600 -2849.923 0.82
2019-05-05_23:23:43 06762 11.336 448.400 5083.062 8.392 -327.200 -2745.862 0.82
2019-05-05_23:23:44 06763 11.352 421.600 4786.003 8.408 -350.800 -2949.526 0.81
2019-05-05_23:23:45 06764 11.384 373.600 4253.062 8.352 -287.600 -2402.035 0.81
2019-05-05_23:23:46 06765 11.384 376.800 4289.491 8.352 -294.000 -2455.488 0.81
2019-05-05_23:23:47 06766 11.384 380.400 4330.474 8.360 -300.000 -2508.000 0.81
2019-05-05_23:23:48 06767 11.376 385.600 4386.586 8.368 -306.400 -2563.955 0.82