2019-05-05_00:44:16 03738 11.584 161.200 1867.341 8.352 0.400 3.341 0.75
2019-05-05_00:44:17 03739 11.592 154.000 1785.168 8.360 0.000 0.000 0.75
2019-05-05_00:44:18 03740 11.576 169.200 1958.659 8.360 0.000 0.000 0.76
2019-05-05_00:44:19 03741 11.592 153.200 1775.894 8.376 0.400 3.350 0.76
2019-05-05_00:44:20 03742 11.568 171.200 1980.442 8.384 0.000 0.000 0.76
2019-05-05_00:44:21 03743 11.584 153.200 1774.669 8.400 0.400 3.360 0.76
2019-05-05_00:44:22 03744 11.584 153.200 1774.669 8.408 0.000 0.000 0.75
2019-05-05_00:44:23 03745 11.584 169.600 1964.646 8.296 0.000 0.000 0.77
2019-05-05_00:44:24 03746 11.584 153.200 1774.669 8.544 0.000 0.000 0.76
2019-05-05_00:44:25 03747 11.576 170.000 1967.920 8.400 0.000 0.000 0.76
2019-05-05_00:44:26 03748 11.584 153.200 1774.669 8.424 0.000 0.000 0.75
2019-05-05_00:44:27 03749 11.592 153.200 1775.894 8.320 0.000 0.000 0.75
2019-05-05_00:44:28 03750 11.576 169.200 1958.659 8.320 0.000 0.000 0.75
2019-05-05_00:44:29 03751 11.584 155.600 1802.470 8.336 0.400 3.334 0.75
2019-05-05_00:44:30 03752 11.592 162.800 1887.178 8.352 0.400 3.341 0.75
2019-05-05_00:44:31 03753 11.592 163.600 1896.451 8.360 0.400 3.344 0.75
2019-05-05_00:44:32 03754 11.592 153.200 1775.894 8.368 0.000 0.000 0.76
2019-05-05_00:44:33 03755 11.592 153.600 1780.531 8.376 0.400 3.350 0.76
2019-05-05_00:44:34 03756 11.584 154.000 1783.936 8.384 0.400 3.354 0.76
2019-05-05_00:44:35 03757 11.576 156.800 1815.117 8.400 0.400 3.360 0.76
2019-05-05_00:44:36 03758 11.576 161.600 1870.682 8.408 0.400 3.363 0.75
2019-05-05_00:44:37 03759 11.600 153.200 1777.120 8.304 0.000 0.000 0.75
2019-05-05_00:44:38 03760 11.584 169.200 1960.013 8.304 0.400 3.322 0.75
2019-05-05_00:44:39 03761 11.592 153.200 1775.894 8.328 0.400 3.331 0.75
2019-05-05_00:44:40 03762 11.576 169.200 1958.659 8.328 0.000 0.000 0.75
2019-05-05_00:44:41 03763 11.584 152.800 1770.035 8.352 0.000 0.000 0.75
2019-05-05_00:44:42 03764 11.584 155.200 1797.837 8.360 0.400 3.344 0.75
2019-05-05_00:44:43 03765 11.576 170.000 1967.920 8.360 0.400 3.344 0.76
2019-05-05_00:44:44 03766 11.576 162.000 1875.312 8.376 0.000 0.000 0.76
2019-05-05_00:44:45 03767 11.576 170.400 1972.550 8.376 0.000 0.000 0.76
2019-05-05_00:44:46 03768 11.584 153.600 1779.302 8.400 0.400 3.360 0.76
2019-05-05_00:44:47 03769 11.584 153.600 1779.302 8.408 0.000 0.000 0.75
2019-05-05_00:44:48 03770 11.584 170.000 1969.280 8.296 0.000 0.000 0.77
2019-05-05_00:44:49 03771 11.576 156.000 1805.856 8.544 0.000 0.000 0.76
2019-05-05_00:44:50 03772 11.560 172.000 1988.320 8.400 0.000 0.000 0.76
2019-05-05_00:44:51 03773 11.584 153.200 1774.669 8.424 0.000 0.000 0.75
2019-05-05_00:44:52 03774 11.584 162.800 1885.875 8.312 0.000 0.000 0.75
2019-05-05_00:44:53 03775 11.584 162.000 1876.608 8.328 0.000 0.000 0.75
2019-05-05_00:44:54 03776 11.592 153.200 1775.894 8.336 0.400 3.334 0.75
2019-05-05_00:44:55 03777 11.576 172.400 1995.702 8.336 0.400 3.334 0.75
2019-05-05_00:44:56 03778 11.592 153.200 1775.894 8.360 0.000 0.000 0.75
2019-05-05_00:44:57 03779 11.592 153.200 1775.894 8.368 0.400 3.347 0.76
2019-05-05_00:44:58 03780 11.584 153.200 1774.669 8.376 0.000 0.000 0.76
2019-05-05_00:44:59 03781 11.584 153.600 1779.302 8.392 0.400 3.357 0.76
2019-05-05_00:45:00 03782 11.576 169.600 1963.290 8.392 0.400 3.357 0.76
2019-05-05_00:45:01 03783 11.584 152.800 1770.035 8.408 0.400 3.363 0.75
2019-05-05_00:45:02 03784 11.584 157.200 1821.005 8.304 0.000 0.000 0.75
2019-05-05_00:45:03 03785 11.584 169.200 1960.013 8.312 0.000 0.000 0.75
2019-05-05_00:45:04 03786 11.592 153.200 1775.894 8.328 0.000 0.000 0.75
2019-05-05_00:45:05 03787 11.568 174.800 2022.086 8.328 0.000 0.000 0.75
2019-05-05_00:45:06 03788 11.592 153.200 1775.894 8.352 0.400 3.341 0.75
2019-05-05_00:45:07 03789 11.592 153.600 1780.531 8.360 0.400 3.344 0.75
2019-05-05_00:45:08 03790 11.584 153.200 1774.669 8.368 0.000 0.000 0.76
2019-05-05_00:45:09 03791 11.592 153.600 1780.531 8.376 0.000 0.000 0.76
2019-05-05_00:45:10 03792 11.584 153.200 1774.669 8.392 0.400 3.357 0.76
2019-05-05_00:45:11 03793 11.584 153.600 1779.302 8.400 0.400 3.360 0.76
2019-05-05_00:45:12 03794 11.584 153.200 1774.669 8.408 0.000 0.000 0.75
2019-05-05_00:45:13 03795 11.592 153.600 1780.531 8.304 0.000 0.000 0.75
2019-05-05_00:45:14 03796 11.592 153.200 1775.894 8.320 0.400 3.328 0.75
2019-05-05_00:45:15 03797 11.568 172.400 1994.323 8.320 0.000 0.000 0.75
2019-05-05_00:45:16 03798 11.592 153.200 1775.894 8.336 0.400 3.334 0.75
2019-05-05_00:45:17 03799 11.592 153.200 1775.894 8.352 0.400 3.341 0.75
2019-05-05_00:45:18 03800 11.584 153.200 1774.669 8.360 0.400 3.344 0.75
2019-05-05_00:45:19 03801 11.584 153.600 1779.302 8.368 0.400 3.347 0.76
2019-05-05_00:45:20 03802 11.576 169.200 1958.659 8.368 0.400 3.347 0.76
2019-05-05_00:45:21 03803 11.576 157.600 1824.378 8.392 0.000 0.000 0.76
2019-05-05_00:45:22 03804 11.584 153.200 1774.669 8.400 0.000 0.000 0.76
2019-05-05_00:45:23 03805 11.584 153.600 1779.302 8.408 0.000 0.000 0.75
2019-05-05_00:45:24 03806 11.592 161.600 1873.267 8.304 0.000 0.000 0.75
2019-05-05_00:45:25 03807 11.584 169.600 1964.646 8.304 0.000 0.000 0.75
2019-05-05_00:45:26 03808 11.592 153.600 1780.531 8.328 0.400 3.331 0.75
2019-05-05_00:45:27 03809 11.592 152.800 1771.258 8.336 0.000 0.000 0.75
2019-05-05_00:45:28 03810 11.592 153.200 1775.894 8.352 0.000 0.000 0.75
2019-05-05_00:45:29 03811 11.584 154.400 1788.570 8.360 0.400 3.344 0.75
2019-05-05_00:45:30 03812 11.584 162.000 1876.608 8.368 0.000 0.000 0.76
2019-05-05_00:45:31 03813 11.592 153.200 1775.894 8.376 0.400 3.350 0.76
2019-05-05_00:45:32 03814 11.584 153.200 1774.669 8.384 0.400 3.354 0.76
2019-05-05_00:45:33 03815 11.584 153.600 1779.302 8.400 0.400 3.360 0.76
2019-05-05_00:45:34 03816 11.584 153.600 1779.302 8.408 0.400 3.363 0.75
2019-05-05_00:45:35 03817 11.584 169.200 1960.013 8.296 0.000 0.000 0.77
2019-05-05_00:45:36 03818 11.568 162.000 1874.016 8.544 0.000 0.000 0.76
2019-05-05_00:45:37 03819 11.584 153.200 1774.669 8.408 0.400 3.363 0.75
2019-05-05_00:45:38 03820 11.600 153.200 1777.120 8.312 0.000 0.000 0.75
2019-05-05_00:45:39 03821 11.592 153.200 1775.894 8.312 0.000 0.000 0.75
2019-05-05_00:45:40 03822 11.576 169.600 1963.290 8.320 0.000 0.000 0.75
2019-05-05_00:45:41 03823 11.592 162.800 1887.178 8.336 0.400 3.334 0.75
2019-05-05_00:45:42 03824 11.592 153.200 1775.894 8.344 0.000 0.000 0.75
2019-05-05_00:45:43 03825 11.592 153.200 1775.894 8.360 0.400 3.344 0.75
2019-05-05_00:45:44 03826 11.584 153.200 1774.669 8.368 0.000 0.000 0.76
2019-05-05_00:45:45 03827 11.576 181.600 2102.202 8.368 0.400 3.347 0.76
2019-05-05_00:45:46 03828 11.592 163.600 1896.451 8.392 0.400 3.357 0.76
2019-05-05_00:45:47 03829 11.584 162.400 1881.242 8.400 0.000 0.000 0.76
2019-05-05_00:45:48 03830 11.584 153.200 1774.669 8.408 0.000 0.000 0.75
2019-05-05_00:45:49 03831 11.600 163.200 1893.120 8.312 0.000 0.000 0.75
2019-05-05_00:45:50 03832 11.584 169.200 1960.013 8.312 0.000 0.000 0.75
2019-05-05_00:45:51 03833 11.592 153.200 1775.894 8.328 0.400 3.331 0.75
2019-05-05_00:45:52 03834 11.592 153.200 1775.894 8.336 0.000 0.000 0.75
2019-05-05_00:45:53 03835 11.592 153.200 1775.894 8.352 0.400 3.341 0.75
2019-05-05_00:45:54 03836 11.584 162.000 1876.608 8.360 0.400 3.344 0.75
2019-05-05_00:45:55 03837 11.576 169.600 1963.290 8.360 0.400 3.344 0.76
2019-05-05_00:45:56 03838 11.592 153.200 1775.894 8.376 0.400 3.350 0.76