2019-05-05_01:19:40 05859 11.576 169.600 1963.290 8.328 0.000 0.000 0.75
2019-05-05_01:19:41 05860 11.576 170.800 1977.181 8.336 0.400 3.334 0.75
2019-05-05_01:19:42 05861 11.576 170.800 1977.181 8.344 0.000 0.000 0.75
2019-05-05_01:19:43 05862 11.560 175.200 2025.312 8.344 0.000 0.000 0.76
2019-05-05_01:19:44 05863 11.576 170.000 1967.920 8.368 0.000 0.000 0.76
2019-05-05_01:19:45 05864 11.568 195.600 2262.701 8.368 0.000 0.000 0.76
2019-05-05_01:19:47 05865 11.576 169.600 1963.290 8.392 0.000 0.000 0.76
2019-05-05_01:19:48 05866 11.576 170.000 1967.920 8.400 0.000 0.000 0.76
2019-05-05_01:19:49 05867 11.576 166.800 1930.877 8.408 0.400 3.363 0.75
2019-05-05_01:19:50 05868 11.584 166.800 1932.211 8.304 0.000 0.000 0.75
2019-05-05_01:19:51 05869 11.560 197.200 2279.632 8.320 0.000 0.000 0.75
2019-05-05_01:19:52 05870 11.576 170.000 1967.920 8.328 0.400 3.331 0.75
2019-05-05_01:19:53 05871 11.576 170.800 1977.181 8.336 0.000 0.000 0.75
2019-05-05_01:19:54 05872 11.576 170.400 1972.550 8.352 0.400 3.341 0.75
2019-05-05_01:19:55 05873 11.576 169.600 1963.290 8.360 0.400 3.344 0.76
2019-05-05_01:19:56 05874 11.576 170.400 1972.550 8.368 0.400 3.347 0.76
2019-05-05_01:19:57 05875 11.576 170.000 1967.920 8.376 0.400 3.350 0.76
2019-05-05_01:19:58 05876 11.576 170.400 1972.550 8.392 0.400 3.357 0.76
2019-05-05_01:19:59 05877 11.568 170.000 1966.560 8.400 0.000 0.000 0.76
2019-05-05_01:20:00 05878 11.576 168.400 1949.398 8.408 0.400 3.363 0.75
2019-05-05_01:20:01 05879 11.584 168.400 1950.746 8.304 0.000 0.000 0.75
2019-05-05_01:20:02 05880 11.584 170.000 1969.280 8.320 0.000 0.000 0.75
2019-05-05_01:20:03 05881 11.576 170.000 1967.920 8.328 0.000 0.000 0.75
2019-05-05_01:20:04 05882 11.576 170.800 1977.181 8.344 0.400 3.338 0.75
2019-05-05_01:20:05 05883 11.576 170.000 1967.920 8.352 0.000 0.000 0.75
2019-05-05_01:20:06 05884 11.560 192.000 2219.520 8.352 0.400 3.341 0.76
2019-05-05_01:20:07 05885 11.576 170.000 1967.920 8.368 0.400 3.347 0.76
2019-05-05_01:20:08 05886 11.576 170.400 1972.550 8.376 0.000 0.000 0.76
2019-05-05_01:20:09 05887 11.576 169.200 1958.659 8.392 0.400 3.357 0.76
2019-05-05_01:20:10 05888 11.576 170.400 1972.550 8.400 0.000 0.000 0.76
2019-05-05_01:20:11 05889 11.560 193.600 2238.016 8.400 0.000 0.000 0.76
2019-05-05_01:20:12 05890 11.576 168.400 1949.398 8.424 0.000 0.000 0.75
2019-05-05_01:20:13 05891 11.576 168.000 1944.768 8.312 0.000 0.000 0.75
2019-05-05_01:20:14 05892 11.576 169.200 1958.659 8.328 0.000 0.000 0.75
2019-05-05_01:20:15 05893 11.576 170.000 1967.920 8.336 0.000 0.000 0.75
2019-05-05_01:20:16 05894 11.560 192.000 2219.520 8.352 0.000 0.000 0.75
2019-05-05_01:20:17 05895 11.576 170.000 1967.920 8.360 0.400 3.344 0.76
2019-05-05_01:20:18 05896 11.576 170.400 1972.550 8.368 0.400 3.347 0.76
2019-05-05_01:20:19 05897 11.576 169.600 1963.290 8.376 0.400 3.350 0.76
2019-05-05_01:20:20 05898 11.576 170.400 1972.550 8.392 0.400 3.357 0.76
2019-05-05_01:20:21 05899 11.576 170.400 1972.550 8.400 0.000 0.000 0.76
2019-05-05_01:20:22 05900 11.568 170.800 1975.814 8.416 0.000 0.000 0.75
2019-05-05_01:20:23 05901 11.584 169.600 1964.646 8.304 0.400 3.322 0.75
2019-05-05_01:20:24 05902 11.584 170.000 1969.280 8.312 0.400 3.325 0.75
2019-05-05_01:20:25 05903 11.576 171.600 1986.442 8.328 0.400 3.331 0.75
2019-05-05_01:20:26 05904 11.560 198.000 2288.880 8.328 0.400 3.331 0.75
2019-05-05_01:20:27 05905 11.576 170.400 1972.550 8.352 0.400 3.341 0.75
2019-05-05_01:20:28 05906 11.576 169.600 1963.290 8.360 0.400 3.344 0.76
2019-05-05_01:20:29 05907 11.576 166.800 1930.877 8.368 0.000 0.000 0.76
2019-05-05_01:20:30 05908 11.552 196.800 2273.434 8.368 0.400 3.347 0.76
2019-05-05_01:20:31 05909 11.552 191.200 2208.742 8.376 0.000 0.000 0.76
2019-05-05_01:20:32 05910 11.576 166.000 1921.616 8.400 0.000 0.000 0.76
2019-05-05_01:20:33 05911 11.576 169.200 1958.659 8.408 0.400 3.363 0.75
2019-05-05_01:20:34 05912 11.584 165.600 1918.310 8.304 0.000 0.000 0.75
2019-05-05_01:20:35 05913 11.584 169.600 1964.646 8.320 0.000 0.000 0.75
2019-05-05_01:20:36 05914 11.560 198.400 2293.504 8.312 0.400 3.325 0.75
2019-05-05_01:20:37 05915 11.576 170.400 1972.550 8.336 0.000 0.000 0.75
2019-05-05_01:20:38 05916 11.576 170.800 1977.181 8.352 0.000 0.000 0.75
2019-05-05_01:20:39 05917 11.576 170.800 1977.181 8.360 0.400 3.344 0.76
2019-05-05_01:20:40 05918 11.576 169.600 1963.290 8.368 0.000 0.000 0.76
2019-05-05_01:20:41 05919 11.576 169.200 1958.659 8.376 0.000 0.000 0.76
2019-05-05_01:20:42 05920 11.576 169.200 1958.659 8.392 0.400 3.357 0.76
2019-05-05_01:20:43 05921 11.576 169.200 1958.659 8.400 0.400 3.360 0.76
2019-05-05_01:20:44 05922 11.568 170.000 1966.560 8.408 0.000 0.000 0.75
2019-05-05_01:20:45 05923 11.584 170.400 1973.914 8.304 0.000 0.000 0.75
2019-05-05_01:20:46 05924 11.560 197.600 2284.256 8.304 0.000 0.000 0.75
2019-05-05_01:20:47 05925 11.584 169.600 1964.646 8.328 0.000 0.000 0.75
2019-05-05_01:20:48 05926 11.584 170.400 1973.914 8.336 0.400 3.334 0.75
2019-05-05_01:20:49 05927 11.576 172.000 1991.072 8.344 0.000 0.000 0.75
2019-05-05_01:20:50 05928 11.576 168.000 1944.768 8.360 0.000 0.000 0.76
2019-05-05_01:20:51 05929 11.552 192.000 2217.984 8.360 0.000 0.000 0.76
2019-05-05_01:20:52 05930 11.576 167.200 1935.507 8.384 0.400 3.354 0.76
2019-05-05_01:20:53 05931 11.576 166.800 1930.877 8.392 0.400 3.357 0.76
2019-05-05_01:20:54 05932 11.576 171.200 1981.811 8.400 0.400 3.360 0.76
2019-05-05_01:20:55 05933 11.576 168.800 1954.029 8.416 0.400 3.366 0.75
2019-05-05_01:20:56 05934 11.568 198.000 2290.464 8.288 0.400 3.315 0.77
2019-05-05_01:20:57 05935 11.568 168.800 1952.678 8.552 0.000 0.000 0.76
2019-05-05_01:20:58 05936 11.576 170.400 1972.550 8.416 0.000 0.000 0.75
2019-05-05_01:20:59 05937 11.584 170.800 1978.547 8.304 0.000 0.000 0.75
2019-05-05_01:21:00 05938 11.584 168.000 1946.112 8.312 0.000 0.000 0.75
2019-05-05_01:21:01 05939 11.560 193.600 2238.016 8.312 0.400 3.325 0.75
2019-05-05_01:21:02 05940 11.576 170.400 1972.550 8.336 0.000 0.000 0.75
2019-05-05_01:21:03 05941 11.576 170.800 1977.181 8.344 0.000 0.000 0.75
2019-05-05_01:21:04 05942 11.576 170.400 1972.550 8.360 0.400 3.344 0.76
2019-05-05_01:21:05 05943 11.576 170.400 1972.550 8.368 0.400 3.347 0.76
2019-05-05_01:21:06 05944 11.560 190.800 2205.648 8.368 0.400 3.347 0.76
2019-05-05_01:21:07 05945 11.576 168.400 1949.398 8.392 0.000 0.000 0.76
2019-05-05_01:21:08 05946 11.568 170.400 1971.187 8.400 0.000 0.000 0.76
2019-05-05_01:21:09 05947 11.568 172.000 1989.696 8.408 0.000 0.000 0.75
2019-05-05_01:21:10 05948 11.576 170.400 1972.550 8.312 0.000 0.000 0.75
2019-05-05_01:21:11 05949 11.560 198.000 2288.880 8.304 0.000 0.000 0.75
2019-05-05_01:21:12 05950 11.576 171.200 1981.811 8.320 0.000 0.000 0.75
2019-05-05_01:21:13 05951 11.576 170.000 1967.920 8.336 0.000 0.000 0.75
2019-05-05_01:21:14 05952 11.576 166.000 1921.616 8.344 0.000 0.000 0.75
2019-05-05_01:21:15 05953 11.576 169.200 1958.659 8.360 0.400 3.344 0.76
2019-05-05_01:21:16 05954 11.560 193.200 2233.392 8.360 0.000 0.000 0.76
2019-05-05_01:21:17 05955 11.576 170.400 1972.550 8.376 0.400 3.350 0.76
2019-05-05_01:21:18 05956 11.576 169.600 1963.290 8.392 0.400 3.357 0.76
2019-05-05_01:21:19 05957 11.568 167.600 1938.797 8.400 0.400 3.360 0.76
2019-05-05_01:21:20 05958 11.568 169.600 1961.933 8.408 0.000 0.000 0.75
2019-05-05_01:21:21 05959 11.584 168.800 1955.379 8.304 0.000 0.000 0.75