2019-05-05_00:47:38 03940 11.584 170.400 1973.914 8.304 0.000 0.000 0.75
2019-05-05_00:47:39 03941 11.584 170.000 1969.280 8.320 0.400 3.328 0.75
2019-05-05_00:47:40 03942 11.560 193.200 2233.392 8.320 0.000 0.000 0.75
2019-05-05_00:47:41 03943 11.576 170.400 1972.550 8.336 0.400 3.334 0.75
2019-05-05_00:47:42 03944 11.584 169.200 1960.013 8.344 0.400 3.338 0.75
2019-05-05_00:47:43 03945 11.576 170.800 1977.181 8.360 0.400 3.344 0.76
2019-05-05_00:47:44 03946 11.576 170.000 1967.920 8.368 0.400 3.347 0.76
2019-05-05_00:47:45 03947 11.552 186.000 2148.672 8.368 0.400 3.347 0.76
2019-05-05_00:47:46 03948 11.576 168.800 1954.029 8.392 0.400 3.357 0.76
2019-05-05_00:47:47 03949 11.576 170.400 1972.550 8.400 0.400 3.360 0.76
2019-05-05_00:47:48 03950 11.576 168.000 1944.768 8.408 0.400 3.363 0.75
2019-05-05_00:47:49 03951 11.592 167.600 1942.819 8.304 0.000 0.000 0.75
2019-05-05_00:47:50 03952 11.576 197.600 2287.418 8.304 0.400 3.322 0.75
2019-05-05_00:47:51 03953 11.576 170.400 1972.550 8.328 0.400 3.331 0.75
2019-05-05_00:47:52 03954 11.576 170.000 1967.920 8.344 0.400 3.338 0.75
2019-05-05_00:47:53 03955 11.576 171.200 1981.811 8.352 0.000 0.000 0.75
2019-05-05_00:47:54 03956 11.576 168.400 1949.398 8.360 0.400 3.344 0.76
2019-05-05_00:47:55 03957 11.552 194.400 2245.709 8.368 0.000 0.000 0.76
2019-05-05_00:47:56 03958 11.576 171.200 1981.811 8.376 0.000 0.000 0.76
2019-05-05_00:47:57 03959 11.576 170.800 1977.181 8.392 0.400 3.357 0.76
2019-05-05_00:47:58 03960 11.576 170.800 1977.181 8.400 0.000 0.000 0.76
2019-05-05_00:47:59 03961 11.576 169.600 1963.290 8.408 0.000 0.000 0.75
2019-05-05_00:48:00 03962 11.560 189.600 2191.776 8.288 0.000 0.000 0.77
2019-05-05_00:48:01 03963 11.568 169.200 1957.306 8.552 0.000 0.000 0.76
2019-05-05_00:48:02 03964 11.576 164.400 1903.094 8.416 0.400 3.366 0.75
2019-05-05_00:48:03 03965 11.584 170.000 1969.280 8.304 0.000 0.000 0.75
2019-05-05_00:48:04 03966 11.584 168.400 1950.746 8.320 0.000 0.000 0.75
2019-05-05_00:48:05 03967 11.560 194.800 2251.888 8.320 0.000 0.000 0.75
2019-05-05_00:48:06 03968 11.576 170.800 1977.181 8.344 0.400 3.338 0.75
2019-05-05_00:48:07 03969 11.576 170.800 1977.181 8.352 0.400 3.341 0.75
2019-05-05_00:48:08 03970 11.576 169.200 1958.659 8.360 0.000 0.000 0.76
2019-05-05_00:48:09 03971 11.576 169.600 1963.290 8.368 0.400 3.347 0.76
2019-05-05_00:48:10 03972 11.552 196.000 2264.192 8.376 0.000 0.000 0.76
2019-05-05_00:48:11 03973 11.568 167.600 1938.797 8.392 0.000 0.000 0.76
2019-05-05_00:48:12 03974 11.576 171.200 1981.811 8.400 0.400 3.360 0.76
2019-05-05_00:48:13 03975 11.576 166.800 1930.877 8.408 0.000 0.000 0.75
2019-05-05_00:48:14 03976 11.584 170.000 1969.280 8.304 0.000 0.000 0.75
2019-05-05_00:48:15 03977 11.584 170.400 1973.914 8.320 0.000 0.000 0.75
2019-05-05_00:48:16 03978 11.576 170.400 1972.550 8.328 0.000 0.000 0.75
2019-05-05_00:48:17 03979 11.576 166.400 1926.246 8.344 0.400 3.338 0.75
2019-05-05_00:48:18 03980 11.576 170.400 1972.550 8.352 0.400 3.341 0.75
2019-05-05_00:48:19 03981 11.576 167.600 1940.138 8.360 0.400 3.344 0.76
2019-05-05_00:48:20 03982 11.576 168.400 1949.398 8.368 0.400 3.347 0.76
2019-05-05_00:48:21 03983 11.576 170.400 1972.550 8.384 0.000 0.000 0.76
2019-05-05_00:48:22 03984 11.576 171.200 1981.811 8.392 0.400 3.357 0.76
2019-05-05_00:48:23 03985 11.576 164.400 1903.094 8.400 0.000 0.000 0.76
2019-05-05_00:48:24 03986 11.576 170.800 1977.181 8.408 0.400 3.363 0.75
2019-05-05_00:48:25 03987 11.568 176.400 2040.595 8.288 0.000 0.000 0.77
2019-05-05_00:48:26 03988 11.568 164.000 1897.152 8.552 0.000 0.000 0.76
2019-05-05_00:48:27 03989 11.576 170.000 1967.920 8.408 0.000 0.000 0.75
2019-05-05_00:48:28 03990 11.584 171.200 1983.181 8.312 0.000 0.000 0.75
2019-05-05_00:48:29 03991 11.560 182.400 2108.544 8.320 0.000 0.000 0.75
2019-05-05_00:48:30 03992 11.576 167.200 1935.507 8.328 0.000 0.000 0.75
2019-05-05_00:48:31 03993 11.576 166.400 1926.246 8.336 0.400 3.334 0.75
2019-05-05_00:48:32 03994 11.576 170.400 1972.550 8.352 0.000 0.000 0.75
2019-05-05_00:48:33 03995 11.576 169.600 1963.290 8.360 0.400 3.344 0.76
2019-05-05_00:48:34 03996 11.576 170.800 1977.181 8.376 0.400 3.350 0.76
2019-05-05_00:48:35 03997 11.568 169.600 1961.933 8.368 0.000 0.000 0.76
2019-05-05_00:48:36 03998 11.576 170.000 1967.920 8.392 0.400 3.357 0.76
2019-05-05_00:48:37 03999 11.576 171.200 1981.811 8.400 0.400 3.360 0.76
2019-05-05_00:48:38 04000 11.568 168.400 1948.051 8.408 0.000 0.000 0.75
2019-05-05_00:48:39 04001 11.584 170.800 1978.547 8.312 0.400 3.325 0.75
2019-05-05_00:48:40 04002 11.560 185.600 2145.536 8.304 0.000 0.000 0.75
2019-05-05_00:48:41 04003 11.584 170.400 1973.914 8.328 0.000 0.000 0.75
2019-05-05_00:48:42 04004 11.576 170.000 1967.920 8.344 0.400 3.338 0.75
2019-05-05_00:48:43 04005 11.584 170.000 1969.280 8.352 0.400 3.341 0.75
2019-05-05_00:48:44 04006 11.576 168.400 1949.398 8.360 0.400 3.344 0.76
2019-05-05_00:48:45 04007 11.552 194.000 2241.088 8.368 0.400 3.347 0.76
2019-05-05_00:48:46 04008 11.576 168.800 1954.029 8.384 0.400 3.354 0.76
2019-05-05_00:48:47 04009 11.576 169.600 1963.290 8.384 0.400 3.354 0.76
2019-05-05_00:48:48 04010 11.576 166.400 1926.246 8.400 0.000 0.000 0.76
2019-05-05_00:48:49 04011 11.576 167.200 1935.507 8.408 0.000 0.000 0.75
2019-05-05_00:48:50 04012 11.584 169.200 1960.013 8.304 0.000 0.000 0.75
2019-05-05_00:48:51 04013 11.584 168.800 1955.379 8.320 0.000 0.000 0.75
2019-05-05_00:48:52 04014 11.584 166.400 1927.578 8.328 0.400 3.331 0.75
2019-05-05_00:48:53 04015 11.584 170.000 1969.280 8.344 0.400 3.338 0.75
2019-05-05_00:48:54 04016 11.576 167.200 1935.507 8.352 0.400 3.341 0.75
2019-05-05_00:48:55 04017 11.576 168.800 1954.029 8.360 0.400 3.344 0.76
2019-05-05_00:48:56 04018 11.584 170.400 1973.914 8.368 0.400 3.347 0.76
2019-05-05_00:48:57 04019 11.560 200.000 2312.000 8.368 0.000 0.000 0.76
2019-05-05_00:48:58 04020 11.576 163.600 1893.834 8.392 0.400 3.357 0.76
2019-05-05_00:48:59 04021 11.576 168.800 1954.029 8.400 0.400 3.360 0.76
2019-05-05_00:49:00 04022 11.552 189.200 2185.638 8.400 0.000 0.000 0.76
2019-05-05_00:49:01 04023 11.584 158.000 1830.272 8.424 0.000 0.000 0.75
2019-05-05_00:49:02 04024 11.560 200.000 2312.000 8.304 0.000 0.000 0.75
2019-05-05_00:49:03 04025 11.584 166.400 1927.578 8.328 0.400 3.331 0.75
2019-05-05_00:49:04 04026 11.576 170.000 1967.920 8.336 0.000 0.000 0.75
2019-05-05_00:49:05 04027 11.560 196.000 2265.760 8.344 0.400 3.338 0.75
2019-05-05_00:49:06 04028 11.576 169.200 1958.659 8.360 0.400 3.344 0.76
2019-05-05_00:49:07 04029 11.576 165.200 1912.355 8.376 0.000 0.000 0.76
2019-05-05_00:49:08 04030 11.576 170.400 1972.550 8.376 0.400 3.350 0.76
2019-05-05_00:49:09 04031 11.576 170.400 1972.550 8.392 0.000 0.000 0.76
2019-05-05_00:49:10 04032 11.560 190.400 2201.024 8.384 0.000 0.000 0.76
2019-05-05_00:49:11 04033 11.576 169.600 1963.290 8.408 0.000 0.000 0.75
2019-05-05_00:49:12 04034 11.584 165.600 1918.310 8.312 0.400 3.325 0.75
2019-05-05_00:49:13 04035 11.584 170.400 1973.914 8.320 0.000 0.000 0.75
2019-05-05_00:49:14 04036 11.576 168.400 1949.398 8.328 0.400 3.331 0.75
2019-05-05_00:49:15 04037 11.568 198.000 2290.464 8.328 0.400 3.331 0.75
2019-05-05_00:49:16 04038 11.576 170.000 1967.920 8.352 0.400 3.341 0.75
2019-05-05_00:49:17 04039 11.576 167.600 1940.138 8.360 0.400 3.344 0.76
2019-05-05_00:49:18 04040 11.576 170.000 1967.920 8.368 0.400 3.347 0.76