2019-05-05_22:18:06 02829 2.240 -0.800 -1.792 7.896 194.000 1531.824 0.00
2019-05-05_22:18:07 02830 2.240 -0.800 -1.792 7.888 194.000 1530.272 0.00
2019-05-05_22:18:08 02831 2.240 -0.800 -1.792 7.888 196.800 1552.358 0.00
2019-05-05_22:18:09 02832 2.240 -0.800 -1.792 7.888 193.600 1527.117 0.00
2019-05-05_22:18:10 02833 2.240 -0.800 -1.792 7.888 193.600 1527.117 0.00
2019-05-05_22:18:11 02834 2.240 -0.800 -1.792 7.888 193.600 1527.117 0.00
2019-05-05_22:18:12 02835 2.240 -0.800 -1.792 7.888 193.600 1527.117 0.00
2019-05-05_22:18:13 02836 2.240 -0.800 -1.792 7.888 194.000 1530.272 0.00
2019-05-05_22:18:14 02837 2.240 -0.800 -1.792 7.880 193.600 1525.568 0.00
2019-05-05_22:18:15 02838 2.240 -0.800 -1.792 7.888 193.600 1527.117 0.00
2019-05-05_22:18:16 02839 2.240 -0.800 -1.792 7.888 193.200 1523.962 0.00
2019-05-05_22:18:17 02840 2.240 -0.800 -1.792 7.888 194.400 1533.427 0.00
2019-05-05_22:18:18 02841 2.240 -0.800 -1.792 7.888 193.200 1523.962 0.00
2019-05-05_22:18:19 02842 2.240 -0.800 -1.792 7.888 193.600 1527.117 0.00
2019-05-05_22:18:20 02843 2.240 -0.800 -1.792 7.896 194.000 1531.824 0.00
2019-05-05_22:18:21 02844 2.240 -0.800 -1.792 7.888 193.600 1527.117 0.00
2019-05-05_22:18:22 02845 2.240 -0.800 -1.792 7.888 199.200 1571.290 0.00
2019-05-05_22:18:23 02846 2.240 -0.800 -1.792 7.888 193.600 1527.117 0.00
2019-05-05_22:18:24 02847 2.240 -0.800 -1.792 7.896 193.200 1525.507 0.00
2019-05-05_22:18:25 02848 2.240 -0.800 -1.792 7.888 194.000 1530.272 0.00
2019-05-05_22:18:26 02849 2.240 -0.800 -1.792 7.888 193.600 1527.117 0.00
2019-05-05_22:18:27 02850 2.240 -0.800 -1.792 7.872 218.000 1716.096 0.00
2019-05-05_22:18:28 02851 2.240 -0.800 -1.792 7.880 193.600 1525.568 0.00
2019-05-05_22:18:29 02852 2.240 -0.800 -1.792 7.888 193.200 1523.962 0.00
2019-05-05_22:18:30 02853 2.240 -0.800 -1.792 7.888 194.000 1530.272 0.00
2019-05-05_22:18:31 02854 2.240 -0.800 -1.792 7.896 193.200 1525.507 0.00
2019-05-05_22:18:32 02855 2.240 -0.800 -1.792 7.888 193.600 1527.117 0.00
2019-05-05_22:18:33 02856 2.240 -0.800 -1.792 7.888 193.600 1527.117 0.00
2019-05-05_22:18:34 02857 2.240 -0.800 -1.792 7.872 226.800 1785.370 0.00
2019-05-05_22:18:35 02858 2.240 -0.800 -1.792 7.888 192.800 1520.806 0.00
2019-05-05_22:18:36 02859 2.240 -0.800 -1.792 7.888 193.600 1527.117 0.00
2019-05-05_22:18:37 02860 2.240 -0.800 -1.792 7.888 193.600 1527.117 0.00
2019-05-05_22:18:38 02861 2.240 -0.800 -1.792 7.896 193.600 1528.666 0.00
2019-05-05_22:18:39 02862 2.240 -0.800 -1.792 7.888 199.200 1571.290 0.00
2019-05-05_22:18:40 02863 2.240 -0.800 -1.792 7.888 193.600 1527.117 0.00
2019-05-05_22:18:41 02864 2.240 -0.800 -1.792 7.888 194.000 1530.272 0.00
2019-05-05_22:18:42 02865 2.240 -0.800 -1.792 7.888 193.600 1527.117 0.00
2019-05-05_22:18:43 02866 2.240 -0.800 -1.792 7.888 193.600 1527.117 0.00
2019-05-05_22:18:44 02867 2.240 -0.800 -1.792 7.888 193.600 1527.117 0.00
2019-05-05_22:18:45 02868 2.240 -0.800 -1.792 7.888 193.600 1527.117 0.00
2019-05-05_22:18:46 02869 2.240 -0.800 -1.792 7.888 193.600 1527.117 0.00
2019-05-05_22:18:47 02870 2.240 -0.800 -1.792 7.888 192.800 1520.806 0.00
2019-05-05_22:18:48 02871 2.240 -0.800 -1.792 7.888 193.600 1527.117 0.00
2019-05-05_22:18:49 02872 2.240 -0.800 -1.792 7.888 193.200 1523.962 0.00
2019-05-05_22:18:50 02873 2.240 -0.800 -1.792 7.880 193.600 1525.568 0.00
2019-05-05_22:18:51 02874 2.240 -0.800 -1.792 7.888 198.000 1561.824 0.00
2019-05-05_22:18:52 02875 2.240 -0.800 -1.792 7.888 193.200 1523.962 0.00
2019-05-05_22:18:53 02876 2.240 -0.800 -1.792 7.888 193.600 1527.117 0.00
2019-05-05_22:18:54 02877 2.240 -0.800 -1.792 7.880 193.200 1522.416 0.00
2019-05-05_22:18:55 02878 2.240 -0.800 -1.792 7.888 192.800 1520.806 0.00
2019-05-05_22:18:56 02879 2.240 -0.800 -1.792 7.888 193.200 1523.962 0.00
2019-05-05_22:18:57 02880 2.240 -0.400 -0.896 7.888 199.200 1571.290 0.00
2019-05-05_22:18:58 02881 2.240 -0.800 -1.792 7.888 193.200 1523.962 0.00
2019-05-05_22:18:59 02882 2.240 -0.800 -1.792 7.888 193.200 1523.962 0.00
2019-05-05_22:19:00 02883 2.240 -0.800 -1.792 7.880 193.200 1522.416 0.00
2019-05-05_22:19:01 02884 2.240 -0.800 -1.792 7.888 192.400 1517.651 0.00
2019-05-05_22:19:02 02885 2.240 -0.800 -1.792 7.888 193.200 1523.962 0.00
2019-05-05_22:19:03 02886 2.240 -0.800 -1.792 7.880 193.200 1522.416 0.00
2019-05-05_22:19:04 02887 2.240 -0.800 -1.792 7.888 193.200 1523.962 0.00
2019-05-05_22:19:05 02888 2.240 -0.800 -1.792 7.888 193.600 1527.117 0.00
2019-05-05_22:19:06 02889 2.240 -0.800 -1.792 7.888 193.600 1527.117 0.00
2019-05-05_22:19:07 02890 2.240 -0.800 -1.792 7.888 201.200 1587.066 0.00
2019-05-05_22:19:08 02891 2.240 -0.800 -1.792 7.888 193.200 1523.962 0.00
2019-05-05_22:19:09 02892 2.240 -0.400 -0.896 7.888 193.600 1527.117 0.00
2019-05-05_22:19:10 02893 2.240 -0.800 -1.792 7.888 198.800 1568.134 0.00
2019-05-05_22:19:11 02894 2.240 -0.800 -1.792 7.888 194.400 1533.427 0.00
2019-05-05_22:19:12 02895 2.240 -0.800 -1.792 7.888 193.600 1527.117 0.00
2019-05-05_22:19:13 02896 2.240 -0.800 -1.792 7.888 193.200 1523.962 0.00
2019-05-05_22:19:14 02897 2.240 -0.800 -1.792 7.888 193.600 1527.117 0.00
2019-05-05_22:19:15 02898 2.240 -0.800 -1.792 7.888 198.400 1564.979 0.00
2019-05-05_22:19:16 02899 2.240 -0.400 -0.896 7.888 194.400 1533.427 0.00
2019-05-05_22:19:17 02900 2.240 -0.400 -0.896 7.888 193.600 1527.117 0.00
2019-05-05_22:19:18 02901 2.240 -0.800 -1.792 7.872 194.000 1527.168 0.00
2019-05-05_22:19:19 02902 2.240 -0.800 -1.792 7.888 192.800 1520.806 0.00
2019-05-05_22:19:20 02903 2.240 -0.800 -1.792 7.888 193.600 1527.117 0.00
2019-05-05_22:19:21 02904 2.240 -0.800 -1.792 7.888 193.600 1527.117 0.00
2019-05-05_22:19:22 02905 2.240 -0.800 -1.792 7.888 194.000 1530.272 0.00
2019-05-05_22:19:23 02906 2.240 -0.800 -1.792 7.888 193.600 1527.117 0.00
2019-05-05_22:19:24 02907 2.240 -0.400 -0.896 7.880 193.200 1522.416 0.00
2019-05-05_22:19:25 02908 2.240 -0.400 -0.896 7.888 193.600 1527.117 0.00
2019-05-05_22:19:26 02909 2.240 -0.800 -1.792 7.888 193.200 1523.962 0.00
2019-05-05_22:19:27 02910 2.240 -0.800 -1.792 7.864 218.000 1714.352 0.00
2019-05-05_22:19:28 02911 2.240 -0.800 -1.792 7.888 197.600 1558.669 0.00
2019-05-05_22:19:29 02912 2.240 -0.800 -1.792 7.888 193.200 1523.962 0.00
2019-05-05_22:19:30 02913 2.240 -0.800 -1.792 7.888 194.000 1530.272 0.00
2019-05-05_22:19:31 02914 2.240 -0.800 -1.792 7.888 192.800 1520.806 0.00
2019-05-05_22:19:32 02915 2.240 -0.800 -1.792 7.888 193.200 1523.962 0.00
2019-05-05_22:19:33 02916 2.240 -0.800 -1.792 7.888 192.800 1520.806 0.00
2019-05-05_22:19:34 02917 2.240 -0.800 -1.792 7.880 194.000 1528.720 0.00
2019-05-05_22:19:35 02918 2.240 -0.800 -1.792 7.888 193.600 1527.117 0.00
2019-05-05_22:19:36 02919 2.240 -0.800 -1.792 7.888 194.400 1533.427 0.00
2019-05-05_22:19:37 02920 2.240 -0.800 -1.792 7.888 194.400 1533.427 0.00
2019-05-05_22:19:38 02921 2.240 -0.800 -1.792 7.888 193.200 1523.962 0.00
2019-05-05_22:19:39 02922 2.240 -0.800 -1.792 7.888 200.000 1577.600 0.00
2019-05-05_22:19:40 02923 2.240 -0.800 -1.792 7.888 194.000 1530.272 0.00
2019-05-05_22:19:41 02924 2.240 -0.800 -1.792 7.888 193.200 1523.962 0.00
2019-05-05_22:19:42 02925 2.240 -0.800 -1.792 7.872 193.600 1524.019 0.00
2019-05-05_22:19:43 02926 2.240 -0.800 -1.792 7.888 193.600 1527.117 0.00
2019-05-05_22:19:44 02927 2.240 -0.800 -1.792 7.888 194.000 1530.272 0.00
2019-05-05_22:19:45 02928 2.240 -0.800 -1.792 7.888 193.600 1527.117 0.00
2019-05-05_22:19:46 02929 2.240 -0.800 -1.792 7.888 194.000 1530.272 0.00