2019-05-06_23:20:57 03650 1.040 -5.200 -5.408 8.016 145.200 1163.923 0.00
2019-05-06_23:21:07 03660 1.040 -5.200 -5.408 8.016 144.400 1157.510 0.00
2019-05-06_23:21:17 03670 1.040 -5.200 -5.408 8.016 147.600 1183.162 0.00
2019-05-06_23:21:27 03680 1.040 -5.200 -5.408 8.016 148.000 1186.368 0.00
2019-05-06_23:21:37 03690 1.040 -5.200 -5.408 8.016 149.600 1199.194 0.00
2019-05-06_23:21:47 03700 1.040 -5.200 -5.408 8.016 146.000 1170.336 0.00
2019-05-06_23:21:57 03710 1.040 -5.200 -5.408 8.008 143.600 1149.949 0.00
2019-05-06_23:22:07 03720 1.040 -5.200 -5.408 8.016 144.800 1160.717 0.00
2019-05-06_23:22:17 03730 1.040 -5.200 -5.408 8.016 144.800 1160.717 0.00
2019-05-06_23:22:27 03740 1.040 -5.200 -5.408 8.016 145.600 1167.130 0.00
2019-05-06_23:22:37 03750 1.040 -5.200 -5.408 8.008 149.200 1194.794 0.00
2019-05-06_23:22:47 03760 1.040 -5.200 -5.408 8.016 147.600 1183.162 0.00
2019-05-06_23:22:57 03770 1.040 -5.200 -5.408 8.016 148.400 1189.574 0.00
2019-05-06_23:23:07 03780 1.040 -5.200 -5.408 8.016 148.800 1192.781 0.00
2019-05-06_23:23:17 03790 1.040 -5.200 -5.408 8.016 147.200 1179.955 0.00
2019-05-06_23:23:27 03800 1.040 -5.200 -5.408 8.016 144.400 1157.510 0.00
2019-05-06_23:23:37 03810 1.040 -5.200 -5.408 8.016 144.400 1157.510 0.00
2019-05-06_23:23:47 03820 1.040 -5.200 -5.408 8.008 144.000 1153.152 0.00
2019-05-06_23:23:57 03830 1.040 -5.200 -5.408 8.016 145.200 1163.923 0.00
2019-05-06_23:24:07 03840 1.040 -5.200 -5.408 8.016 148.800 1192.781 0.00
2019-05-06_23:24:17 03850 1.040 -5.200 -5.408 8.016 147.600 1183.162 0.00
2019-05-06_23:24:27 03860 1.040 -5.200 -5.408 8.016 148.000 1186.368 0.00
2019-05-06_23:24:37 03870 1.040 -5.200 -5.408 8.016 148.400 1189.574 0.00
2019-05-06_23:24:47 03880 1.040 -5.200 -5.408 8.016 148.000 1186.368 0.00
2019-05-06_23:24:57 03890 1.040 -5.200 -5.408 8.016 144.800 1160.717 0.00
2019-05-06_23:25:07 03900 1.040 -5.200 -5.408 8.016 146.000 1170.336 0.00
2019-05-06_23:25:17 03910 1.040 -5.200 -5.408 8.016 144.400 1157.510 0.00
2019-05-06_23:25:27 03920 1.040 -5.200 -5.408 8.016 145.200 1163.923 0.00
2019-05-06_23:25:37 03930 1.040 -5.200 -5.408 8.016 148.400 1189.574 0.00
2019-05-06_23:25:47 03940 1.040 -5.200 -5.408 8.008 147.600 1181.981 0.00
2019-05-06_23:25:57 03950 1.040 -5.200 -5.408 8.016 147.200 1179.955 0.00
2019-05-06_23:26:07 03960 1.040 -5.200 -5.408 8.016 148.800 1192.781 0.00
2019-05-06_23:26:17 03970 1.040 -5.200 -5.408 8.016 148.800 1192.781 0.00
2019-05-06_23:26:27 03980 1.040 -5.200 -5.408 8.016 144.800 1160.717 0.00
2019-05-06_23:26:37 03990 1.040 -5.200 -5.408 8.016 145.200 1163.923 0.00
2019-05-06_23:26:47 04000 1.040 -5.200 -5.408 8.016 146.000 1170.336 0.00
2019-05-06_23:26:57 04010 1.040 -5.200 -5.408 8.016 144.400 1157.510 0.00
2019-05-06_23:27:07 04020 1.040 -5.200 -5.408 8.008 150.400 1204.403 0.00
2019-05-06_23:27:17 04030 1.040 -5.200 -5.408 8.016 148.000 1186.368 0.00
2019-05-06_23:27:27 04040 1.040 -5.200 -5.408 8.016 147.600 1183.162 0.00
2019-05-06_23:27:37 04050 1.040 -5.200 -5.408 7.976 150.800 1202.781 0.00
2019-05-06_23:27:47 04060 1.040 -5.200 -5.408 8.016 148.400 1189.574 0.00
2019-05-06_23:27:57 04070 1.040 -5.200 -5.408 8.016 145.200 1163.923 0.00
2019-05-06_23:28:07 04080 1.040 -5.200 -5.408 7.984 183.200 1462.669 0.00
2019-05-06_23:28:17 04090 1.040 -5.200 -5.408 8.016 166.800 1337.069 0.00
2019-05-06_23:28:27 04100 1.040 -5.200 -5.408 8.016 143.200 1147.891 0.00
2019-05-06_23:28:37 04110 1.040 -5.200 -5.408 8.016 148.000 1186.368 0.00
2019-05-06_23:28:47 04120 1.040 -5.200 -5.408 8.008 145.200 1162.762 0.00
2019-05-06_23:28:57 04130 1.040 -5.200 -5.408 8.008 176.800 1415.814 0.00
2019-05-06_23:29:07 04140 1.040 -5.200 -5.408 8.008 148.400 1188.387 0.00
2019-05-06_23:29:17 04150 1.040 -5.200 -5.408 8.008 148.000 1185.184 0.00
2019-05-06_23:29:27 04160 1.040 -5.200 -5.408 8.016 144.800 1160.717 0.00
2019-05-06_23:29:37 04170 1.040 -5.200 -5.408 8.000 145.600 1164.800 0.00
2019-05-06_23:29:47 04180 1.040 -5.200 -5.408 8.000 145.600 1164.800 0.00
2019-05-06_23:29:57 04190 1.040 -5.200 -5.408 8.016 144.400 1157.510 0.00
2019-05-06_23:30:07 04200 1.040 -5.200 -5.408 8.008 148.400 1188.387 0.00
2019-05-06_23:30:17 04210 1.040 -5.200 -5.408 8.008 188.800 1511.910 0.00
2019-05-06_23:30:27 04220 1.040 -5.200 -5.408 8.008 148.000 1185.184 0.00
2019-05-06_23:30:37 04230 1.040 -5.200 -5.408 8.008 148.000 1185.184 0.00
2019-05-06_23:30:47 04240 1.040 -5.200 -5.408 8.016 144.800 1160.717 0.00
2019-05-06_23:30:57 04250 1.040 -5.200 -5.408 8.000 188.400 1507.200 0.00
2019-05-06_23:31:07 04260 1.040 -5.200 -5.408 8.016 142.800 1144.685 0.00
2019-05-06_23:31:17 04270 1.040 -5.200 -5.408 8.016 145.600 1167.130 0.00
2019-05-06_23:31:27 04280 1.040 -5.200 -5.408 8.016 144.800 1160.717 0.00
2019-05-06_23:31:37 04290 1.040 -5.200 -5.408 7.992 146.400 1170.029 0.00
2019-05-06_23:31:47 04300 1.040 -5.200 -5.408 8.016 147.600 1183.162 0.00
2019-05-06_23:31:58 04310 1.040 -5.200 -5.408 8.008 147.600 1181.981 0.00
2019-05-06_23:32:08 04320 1.040 -5.200 -5.408 8.016 146.000 1170.336 0.00
2019-05-06_23:32:18 04330 1.040 -5.200 -5.408 8.016 145.600 1167.130 0.00
2019-05-06_23:32:28 04340 1.040 -5.200 -5.408 8.008 146.400 1172.371 0.00
2019-05-06_23:32:38 04350 1.040 -5.200 -5.408 8.008 145.200 1162.762 0.00
2019-05-06_23:32:48 04360 1.040 -5.200 -5.408 8.016 145.600 1167.130 0.00
2019-05-06_23:32:58 04370 1.040 -5.200 -5.408 8.008 146.400 1172.371 0.00
2019-05-06_23:33:08 04380 1.040 -5.200 -5.408 8.000 148.000 1184.000 0.00
2019-05-06_23:33:18 04390 1.040 -5.200 -5.408 8.008 146.000 1169.168 0.00
2019-05-06_23:33:28 04400 1.040 -5.200 -5.408 8.008 148.800 1191.590 0.00
2019-05-06_23:33:38 04410 1.040 -5.200 -5.408 8.008 146.000 1169.168 0.00
2019-05-06_23:33:48 04420 1.040 -5.200 -5.408 8.008 143.200 1146.746 0.00
2019-05-06_23:33:58 04430 1.040 -5.200 -5.408 8.016 145.200 1163.923 0.00
2019-05-06_23:34:08 04440 1.040 -5.200 -5.408 8.016 144.800 1160.717 0.00
2019-05-06_23:34:18 04450 1.040 -5.200 -5.408 8.016 142.400 1141.478 0.00
2019-05-06_23:34:28 04460 1.040 -5.200 -5.408 8.016 144.800 1160.717 0.00
2019-05-06_23:34:38 04470 1.040 -5.200 -5.408 8.008 147.200 1178.778 0.00
2019-05-06_23:34:48 04480 1.040 -5.200 -5.408 8.008 146.400 1172.371 0.00
2019-05-06_23:34:58 04490 1.040 -5.200 -5.408 8.008 151.600 1214.013 0.00
2019-05-06_23:35:08 04500 1.040 -5.200 -5.408 8.008 148.400 1188.387 0.00
2019-05-06_23:35:18 04510 1.040 -5.200 -5.408 8.008 142.400 1140.339 0.00
2019-05-06_23:35:28 04520 1.040 -5.200 -5.408 8.008 144.800 1159.558 0.00
2019-05-06_23:35:38 04530 1.040 -5.200 -5.408 8.016 144.400 1157.510 0.00
2019-05-06_23:35:48 04540 1.040 -5.200 -5.408 8.008 142.800 1143.542 0.00
2019-05-06_23:35:58 04550 1.040 -5.200 -5.408 8.000 144.400 1155.200 0.00