2019-05-05_01:54:42 00001 11.560 200.000 2312.000 3.208 0.000 0.000 0.32
2019-05-05_01:54:43 00002 11.576 195.600 2264.266 3.440 0.000 0.000 0.34
2019-05-05_01:54:44 00003 11.584 175.200 2029.517 3.672 0.400 1.469 0.36
2019-05-05_01:54:45 00004 11.568 195.600 2262.701 3.920 0.000 0.000 0.38
2019-05-05_01:54:46 00005 11.552 202.800 2342.746 4.144 0.000 0.000 0.40
2019-05-05_01:54:47 00006 11.568 197.600 2285.837 4.384 0.000 0.000 0.42
2019-05-05_01:54:48 00007 11.560 192.000 2219.520 4.616 0.000 0.000 0.44
2019-05-05_01:54:49 00008 11.584 196.000 2270.464 4.856 0.000 0.000 0.46
2019-05-05_01:54:50 00009 11.576 175.600 2032.746 5.080 0.000 0.000 0.48
2019-05-05_01:54:51 00010 11.568 195.200 2258.074 5.312 0.000 0.000 0.50
2019-05-05_01:54:52 00011 11.560 200.000 2312.000 5.544 0.000 0.000 0.52
2019-05-05_01:54:53 00012 11.568 200.400 2318.227 5.776 0.000 0.000 0.54
2019-05-05_01:54:54 00013 11.560 201.200 2325.872 5.992 0.000 0.000 0.56
2019-05-05_01:54:55 00014 11.568 200.400 2318.227 6.224 0.000 0.000 0.58
2019-05-05_01:54:56 00015 11.568 194.400 2248.819 6.448 0.000 0.000 0.60
2019-05-05_01:54:57 00016 11.560 201.600 2330.496 6.680 0.000 0.000 0.62
2019-05-05_01:54:58 00017 11.560 198.400 2293.504 6.896 0.000 0.000 0.64
2019-05-05_01:54:59 00018 11.576 186.800 2162.397 7.136 0.400 2.854 0.66
2019-05-05_01:55:00 00019 11.560 198.800 2298.128 7.344 0.000 0.000 0.68
2019-05-05_01:55:01 00020 11.560 197.600 2284.256 7.560 0.000 0.000 0.70
2019-05-05_01:55:02 00021 11.568 195.200 2258.074 7.768 0.000 0.000 0.72
2019-05-05_01:55:03 00022 11.568 191.200 2211.802 7.992 0.400 3.197 0.74
2019-05-05_01:55:04 00023 11.568 194.400 2248.819 8.200 0.000 0.000 0.76
2019-05-05_01:55:05 00024 11.568 192.000 2221.056 8.416 0.000 0.000 0.75
2019-05-05_01:55:06 00025 11.568 196.800 2276.582 8.304 0.400 3.322 0.75
2019-05-05_01:55:07 00026 11.568 189.600 2193.293 8.312 0.400 3.325 0.75
2019-05-05_01:55:08 00027 11.560 196.400 2270.384 8.328 0.000 0.000 0.75
2019-05-05_01:55:09 00028 11.560 188.000 2173.280 8.336 0.000 0.000 0.75
2019-05-05_01:55:10 00029 11.568 196.000 2267.328 8.344 0.400 3.338 0.76
2019-05-05_01:55:11 00030 11.560 186.400 2154.784 8.360 0.400 3.344 0.76
2019-05-05_01:55:12 00031 11.552 196.800 2273.434 8.368 0.400 3.347 0.76
2019-05-05_01:55:13 00032 11.560 194.800 2251.888 8.376 0.000 0.000 0.76
2019-05-05_01:55:14 00033 11.560 196.400 2270.384 8.392 0.000 0.000 0.76
2019-05-05_01:55:15 00034 11.552 200.000 2310.400 8.408 0.000 0.000 0.75
2019-05-05_01:55:16 00035 11.568 200.000 2313.600 8.288 0.000 0.000 0.77
2019-05-05_01:55:17 00036 11.552 195.600 2259.571 8.544 0.000 0.000 0.76
2019-05-05_01:55:18 00037 11.560 197.600 2284.256 8.400 0.000 0.000 0.76
2019-05-05_01:55:19 00038 11.560 188.000 2173.280 8.416 0.000 0.000 0.75
2019-05-05_01:55:20 00039 11.568 192.800 2230.310 8.296 0.000 0.000 0.77
2019-05-05_01:55:21 00040 11.552 195.600 2259.571 8.568 0.000 0.000 0.76
2019-05-05_01:55:22 00041 11.552 196.400 2268.813 8.416 0.400 3.366 0.75
2019-05-05_01:55:23 00042 11.560 197.600 2284.256 8.304 0.400 3.322 0.75
2019-05-05_01:55:24 00043 11.560 199.200 2302.752 8.320 0.400 3.328 0.75
2019-05-05_01:55:25 00044 11.560 192.400 2224.144 8.328 0.400 3.331 0.75
2019-05-05_01:55:26 00045 11.560 185.200 2140.912 8.336 0.400 3.334 0.75
2019-05-05_01:55:27 00046 11.560 192.800 2228.768 8.344 0.000 0.000 0.76
2019-05-05_01:55:28 00047 11.552 194.400 2245.709 8.360 0.000 0.000 0.76
2019-05-05_01:55:29 00048 11.552 200.800 2319.642 8.368 0.400 3.347 0.76
2019-05-05_01:55:30 00049 11.568 192.400 2225.683 8.384 0.400 3.354 0.76
2019-05-05_01:55:31 00050 11.552 191.600 2213.363 8.384 0.000 0.000 0.76
2019-05-05_01:55:32 00051 11.552 201.200 2324.262 8.400 0.000 0.000 0.76
2019-05-05_01:55:33 00052 11.552 195.200 2254.950 8.424 0.000 0.000 0.75
2019-05-05_01:55:34 00053 11.560 199.200 2302.752 8.304 0.000 0.000 0.75
2019-05-05_01:55:35 00054 11.560 198.400 2293.504 8.312 0.400 3.325 0.75
2019-05-05_01:55:36 00055 11.560 189.600 2191.776 8.320 0.400 3.328 0.75
2019-05-05_01:55:37 00056 11.552 197.200 2278.054 8.336 0.000 0.000 0.75
2019-05-05_01:55:38 00057 11.560 201.600 2330.496 8.344 0.400 3.338 0.76
2019-05-05_01:55:39 00058 11.560 193.200 2233.392 8.352 0.400 3.341 0.76
2019-05-05_01:55:40 00059 11.576 166.000 1921.616 8.392 0.400 3.357 0.76
2019-05-05_01:55:41 00060 11.576 176.800 2046.637 8.392 0.400 3.357 0.76
2019-05-05_01:55:42 00061 11.584 156.800 1816.371 8.408 0.400 3.363 0.75
2019-05-05_01:55:43 00062 11.576 170.000 1967.920 8.296 0.000 0.000 0.77
2019-05-05_01:55:44 00063 11.568 166.000 1920.288 8.552 0.000 0.000 0.76
2019-05-05_01:55:45 00064 11.576 165.600 1916.986 8.408 0.000 0.000 0.75
2019-05-05_01:55:46 00065 11.584 164.400 1904.410 8.304 0.000 0.000 0.75
2019-05-05_01:55:47 00066 11.600 153.600 1781.760 8.312 0.000 0.000 0.75
2019-05-05_01:55:48 00067 11.592 153.600 1780.531 8.320 0.400 3.328 0.75
2019-05-05_01:55:49 00068 11.584 162.800 1885.875 8.336 0.400 3.334 0.75
2019-05-05_01:55:50 00069 11.576 165.200 1912.355 8.344 0.400 3.338 0.75
2019-05-05_01:55:51 00070 11.592 167.200 1938.182 8.352 0.400 3.341 0.75
2019-05-05_01:55:52 00071 11.592 153.600 1780.531 8.368 0.400 3.347 0.76
2019-05-05_01:55:53 00072 11.568 170.000 1966.560 8.368 0.400 3.347 0.76
2019-05-05_01:55:54 00073 11.576 157.600 1824.378 8.384 0.000 0.000 0.76
2019-05-05_01:55:55 00074 11.576 166.000 1921.616 8.400 0.400 3.360 0.76
2019-05-05_01:55:56 00075 11.576 165.200 1912.355 8.408 0.400 3.363 0.75
2019-05-05_01:55:57 00076 11.600 153.200 1777.120 8.296 0.400 3.318 0.77
2019-05-05_01:55:58 00077 11.568 175.200 2026.714 8.544 0.000 0.000 0.76
2019-05-05_01:55:59 00078 11.576 159.600 1847.530 8.416 0.400 3.366 0.75
2019-05-05_01:56:00 00079 11.584 166.400 1927.578 8.304 0.000 0.000 0.75
2019-05-05_01:56:01 00080 11.584 164.800 1909.043 8.312 0.400 3.325 0.75
2019-05-05_01:56:02 00081 11.592 161.200 1868.630 8.320 0.000 0.000 0.75
2019-05-05_01:56:03 00082 11.568 169.200 1957.306 8.328 0.000 0.000 0.75
2019-05-05_01:56:04 00083 11.584 159.200 1844.173 8.352 0.400 3.341 0.75
2019-05-05_01:56:05 00084 11.584 164.400 1904.410 8.360 0.400 3.344 0.75
2019-05-05_01:56:06 00085 11.576 169.200 1958.659 8.352 0.400 3.341 0.76
2019-05-05_01:56:08 00086 11.592 154.400 1789.805 8.376 0.000 0.000 0.76
2019-05-05_01:56:09 00087 11.576 153.600 1778.074 8.392 0.400 3.357 0.76
2019-05-05_01:56:10 00088 11.576 165.600 1916.986 8.400 0.400 3.360 0.76
2019-05-05_01:56:11 00089 11.576 171.600 1986.442 8.400 0.400 3.360 0.76
2019-05-05_01:56:12 00090 11.552 199.600 2305.779 8.400 0.000 0.000 0.76
2019-05-05_01:56:13 00091 11.552 199.200 2301.158 8.416 0.000 0.000 0.75
2019-05-05_01:56:14 00092 11.568 199.200 2304.346 8.304 0.400 3.322 0.75
2019-05-05_01:56:15 00093 11.560 199.200 2302.752 8.312 0.000 0.000 0.75
2019-05-05_01:56:16 00094 11.560 194.000 2242.640 8.328 0.400 3.331 0.75
2019-05-05_01:56:17 00095 11.560 197.600 2284.256 8.336 0.400 3.334 0.75
2019-05-05_01:56:18 00096 11.560 198.400 2293.504 8.344 0.400 3.338 0.76
2019-05-05_01:56:19 00097 11.560 199.200 2302.752 8.352 0.000 0.000 0.76
2019-05-05_01:56:20 00098 11.560 196.400 2270.384 8.368 0.400 3.347 0.76
2019-05-05_01:56:21 00099 11.552 194.400 2245.709 8.376 0.000 0.000 0.76
2019-05-05_01:56:22 00100 11.552 197.600 2282.675 8.384 0.400 3.354 0.76
2019-05-05_01:56:23 00101 11.560 198.000 2288.880 8.400 0.000 0.000 0.76