2019-05-04_01:41:32 00085 16.808 163.600 2749.789 8.424 0.000 0.000 0.51
2019-05-04_01:41:33 00086 16.800 161.200 2708.160 8.248 0.000 0.000 0.53
2019-05-04_01:41:34 00087 16.784 161.600 2712.294 8.576 0.400 3.430 0.52
2019-05-04_01:41:35 00088 16.808 162.800 2736.342 8.424 0.000 0.000 0.51
2019-05-04_01:41:36 00089 16.800 162.400 2728.320 8.248 0.000 0.000 0.53
2019-05-04_01:41:37 00090 16.784 162.000 2719.008 8.576 0.400 3.430 0.52
2019-05-04_01:41:38 00091 16.800 160.000 2688.000 8.424 0.000 0.000 0.51
2019-05-04_01:41:39 00092 16.800 162.000 2721.600 8.248 0.000 0.000 0.53
2019-05-04_01:41:40 00093 16.784 160.400 2692.154 8.584 0.400 3.434 0.52
2019-05-04_01:41:41 00094 16.808 162.800 2736.342 8.424 0.000 0.000 0.51
2019-05-04_01:41:42 00095 16.800 160.800 2701.440 8.248 0.000 0.000 0.53
2019-05-04_01:41:43 00096 16.792 162.800 2733.738 8.576 0.400 3.430 0.52
2019-05-04_01:41:44 00097 16.808 160.800 2702.726 8.424 0.400 3.370 0.51
2019-05-04_01:41:45 00098 16.800 162.800 2735.040 8.248 0.000 0.000 0.53
2019-05-04_01:41:46 00099 16.792 162.400 2727.021 8.584 0.400 3.434 0.52
2019-05-04_01:41:47 00100 16.808 164.000 2756.512 8.424 0.000 0.000 0.51
2019-05-04_01:41:48 00101 16.800 162.400 2728.320 8.248 0.000 0.000 0.53
2019-05-04_01:41:49 00102 16.784 163.600 2745.862 8.584 0.400 3.434 0.52
2019-05-04_01:41:50 00103 16.800 163.200 2741.760 8.424 0.000 0.000 0.51
2019-05-04_01:41:51 00104 16.800 162.000 2721.600 8.248 0.000 0.000 0.53
2019-05-04_01:41:52 00105 16.792 160.800 2700.154 8.584 0.400 3.434 0.52