2019-05-06_23:05:46 02740 1.040 -5.200 -5.408 8.024 142.800 1145.827 0.00
2019-05-06_23:05:56 02750 1.040 -5.200 -5.408 8.024 142.000 1139.408 0.00
2019-05-06_23:06:06 02760 1.040 -5.200 -5.408 8.024 143.600 1152.246 0.00
2019-05-06_23:06:16 02770 1.040 -5.200 -5.408 7.992 162.400 1297.901 0.00
2019-05-06_23:06:26 02780 1.040 -5.200 -5.408 8.024 153.200 1229.277 0.00
2019-05-06_23:06:36 02790 1.040 -5.200 -5.408 8.024 148.000 1187.552 0.00
2019-05-06_23:06:46 02800 1.040 -5.200 -5.408 8.024 148.000 1187.552 0.00
2019-05-06_23:06:56 02810 1.040 -5.200 -5.408 7.992 154.800 1237.162 0.00
2019-05-06_23:07:06 02820 1.040 -5.200 -5.408 8.024 144.800 1161.875 0.00
2019-05-06_23:07:16 02830 1.040 -5.200 -5.408 8.024 144.000 1155.456 0.00
2019-05-06_23:07:26 02840 1.040 -5.200 -5.408 8.016 157.600 1263.322 0.00
2019-05-06_23:07:36 02850 1.040 -5.200 -5.408 8.024 144.800 1161.875 0.00
2019-05-06_23:07:46 02860 1.040 -5.200 -5.408 8.024 145.600 1168.294 0.00
2019-05-06_23:07:56 02870 1.040 -5.200 -5.408 8.024 148.000 1187.552 0.00
2019-05-06_23:08:06 02880 1.040 -5.200 -5.408 8.024 152.800 1226.067 0.00
2019-05-06_23:08:16 02890 1.040 -5.200 -5.408 8.016 148.000 1186.368 0.00
2019-05-06_23:08:26 02900 1.040 -5.200 -5.408 8.024 148.000 1187.552 0.00
2019-05-06_23:08:36 02910 1.040 -5.200 -5.408 8.024 144.400 1158.666 0.00
2019-05-06_23:08:46 02920 1.040 -5.200 -5.408 8.024 148.800 1193.971 0.00
2019-05-06_23:08:56 02930 1.040 -5.200 -5.408 8.024 147.200 1181.133 0.00
2019-05-06_23:09:06 02940 1.040 -5.200 -5.408 8.016 145.600 1167.130 0.00
2019-05-06_23:09:16 02950 1.040 -5.200 -5.408 8.024 147.600 1184.342 0.00
2019-05-06_23:09:26 02960 1.040 -5.200 -5.408 8.024 147.600 1184.342 0.00
2019-05-06_23:09:36 02970 1.040 -5.200 -5.408 8.024 144.400 1158.666 0.00
2019-05-06_23:09:46 02980 1.040 -5.200 -5.408 8.024 148.800 1193.971 0.00
2019-05-06_23:09:56 02990 1.040 -5.200 -5.408 8.024 150.000 1203.600 0.00
2019-05-06_23:10:06 03000 1.040 -5.200 -5.408 8.024 148.400 1190.762 0.00
2019-05-06_23:10:16 03010 1.040 -5.200 -5.408 8.024 144.800 1161.875 0.00
2019-05-06_23:10:26 03020 1.040 -5.200 -5.408 8.008 144.000 1153.152 0.00
2019-05-06_23:10:36 03030 1.040 -5.200 -5.408 8.024 144.400 1158.666 0.00
2019-05-06_23:10:46 03040 1.040 -5.200 -5.408 8.024 147.600 1184.342 0.00
2019-05-06_23:10:56 03050 1.040 -5.200 -5.408 8.016 148.000 1186.368 0.00
2019-05-06_23:11:06 03060 1.040 -5.200 -5.408 8.024 147.600 1184.342 0.00
2019-05-06_23:11:16 03070 1.040 -5.200 -5.408 8.000 147.600 1180.800 0.00
2019-05-06_23:11:26 03080 1.040 -5.200 -5.408 8.008 147.600 1181.981 0.00
2019-05-06_23:11:36 03090 1.040 -5.200 -5.408 8.024 150.400 1206.810 0.00
2019-05-06_23:11:46 03100 1.040 -5.200 -5.408 8.024 142.400 1142.618 0.00
2019-05-06_23:11:56 03110 1.040 -5.200 -5.408 8.024 152.000 1219.648 0.00
2019-05-06_23:12:06 03120 1.040 -5.200 -5.408 8.024 142.400 1142.618 0.00
2019-05-06_23:12:16 03130 1.040 -5.200 -5.408 8.008 158.400 1268.467 0.00
2019-05-06_23:12:26 03140 1.040 -5.200 -5.408 8.024 154.000 1235.696 0.00
2019-05-06_23:12:36 03150 1.040 -5.200 -5.408 8.016 147.200 1179.955 0.00
2019-05-06_23:12:46 03160 1.040 -5.200 -5.408 8.024 156.400 1254.954 0.00
2019-05-06_23:12:56 03170 1.040 -5.200 -5.408 8.024 146.400 1174.714 0.00
2019-05-06_23:13:06 03180 1.040 -5.200 -5.408 8.024 144.400 1158.666 0.00
2019-05-06_23:13:16 03190 1.040 -5.200 -5.408 8.024 145.200 1165.085 0.00
2019-05-06_23:13:26 03200 1.040 -5.200 -5.408 8.024 144.400 1158.666 0.00
2019-05-06_23:13:36 03210 1.040 -5.200 -5.408 8.024 144.400 1158.666 0.00
2019-05-06_23:13:46 03220 1.040 -5.200 -5.408 8.016 154.000 1234.464 0.00
2019-05-06_23:13:56 03230 1.040 -5.200 -5.408 8.016 145.600 1167.130 0.00
2019-05-06_23:14:06 03240 1.040 -5.200 -5.408 8.016 147.600 1183.162 0.00
2019-05-06_23:14:16 03250 1.040 -5.200 -5.408 8.016 148.400 1189.574 0.00
2019-05-06_23:14:26 03260 1.040 -5.200 -5.408 8.016 148.400 1189.574 0.00
2019-05-06_23:14:36 03270 1.040 -5.200 -5.408 8.024 142.400 1142.618 0.00
2019-05-06_23:14:46 03280 1.040 -5.200 -5.408 8.024 178.400 1431.482 0.00
2019-05-06_23:14:56 03290 1.040 -5.200 -5.408 8.016 145.200 1163.923 0.00
2019-05-06_23:15:06 03300 1.040 -5.200 -5.408 8.024 144.000 1155.456 0.00
2019-05-06_23:15:16 03310 1.040 -5.200 -5.408 8.016 149.200 1195.987 0.00
2019-05-06_23:15:26 03320 1.040 -5.200 -5.408 8.016 147.600 1183.162 0.00
2019-05-06_23:15:36 03330 1.040 -5.200 -5.408 8.016 148.800 1192.781 0.00
2019-05-06_23:15:46 03340 1.040 -5.200 -5.408 8.008 152.800 1223.622 0.00
2019-05-06_23:15:56 03350 1.040 -5.200 -5.408 8.024 144.800 1161.875 0.00
2019-05-06_23:16:06 03360 1.040 -5.200 -5.408 8.024 145.600 1168.294 0.00
2019-05-06_23:16:16 03370 1.040 -5.200 -5.408 8.016 142.400 1141.478 0.00
2019-05-06_23:16:27 03380 1.040 -5.200 -5.408 8.016 144.800 1160.717 0.00
2019-05-06_23:16:37 03390 1.040 -5.200 -5.408 8.016 145.200 1163.923 0.00
2019-05-06_23:16:47 03400 1.040 -5.200 -5.408 8.016 146.800 1176.749 0.00
2019-05-06_23:16:57 03410 1.040 -5.200 -5.408 8.016 146.400 1173.542 0.00
2019-05-06_23:17:07 03420 1.040 -5.200 -5.408 8.016 149.600 1199.194 0.00
2019-05-06_23:17:17 03430 1.040 -5.200 -5.408 8.016 146.800 1176.749 0.00
2019-05-06_23:17:27 03440 1.040 -5.200 -5.408 8.024 142.000 1139.408 0.00
2019-05-06_23:17:37 03450 1.040 -5.200 -5.408 8.024 143.200 1149.037 0.00
2019-05-06_23:17:47 03460 1.040 -5.200 -5.408 8.016 148.800 1192.781 0.00
2019-05-06_23:17:57 03470 1.040 -5.200 -5.408 8.024 142.000 1139.408 0.00
2019-05-06_23:18:07 03480 1.040 -5.200 -5.408 8.024 144.400 1158.666 0.00
2019-05-06_23:18:17 03490 1.040 -5.200 -5.408 8.016 148.800 1192.781 0.00
2019-05-06_23:18:27 03500 1.040 -5.200 -5.408 8.016 147.600 1183.162 0.00
2019-05-06_23:18:37 03510 1.040 -5.200 -5.408 8.016 148.800 1192.781 0.00
2019-05-06_23:18:47 03520 1.040 -5.200 -5.408 8.016 150.000 1202.400 0.00
2019-05-06_23:18:57 03530 1.040 -5.200 -5.408 8.016 144.400 1157.510 0.00
2019-05-06_23:19:07 03540 1.040 -5.200 -5.408 8.016 146.000 1170.336 0.00
2019-05-06_23:19:17 03550 1.040 -5.200 -5.408 8.016 145.600 1167.130 0.00
2019-05-06_23:19:27 03560 1.040 -5.200 -5.408 7.984 184.000 1469.056 0.00
2019-05-06_23:19:37 03570 1.040 -5.200 -5.408 8.016 144.800 1160.717 0.00
2019-05-06_23:19:47 03580 1.040 -5.200 -5.408 8.016 148.400 1189.574 0.00
2019-05-06_23:19:57 03590 1.040 -5.200 -5.408 8.016 149.200 1195.987 0.00
2019-05-06_23:20:07 03600 1.040 -5.200 -5.408 8.016 155.600 1247.290 0.00
2019-05-06_23:20:17 03610 1.040 -5.200 -5.408 8.016 148.400 1189.574 0.00
2019-05-06_23:20:27 03620 1.040 -5.200 -5.408 8.008 146.400 1172.371 0.00
2019-05-06_23:20:37 03630 1.040 -5.200 -5.408 8.016 144.400 1157.510 0.00
2019-05-06_23:20:47 03640 1.040 -5.200 -5.408 8.016 151.200 1212.019 0.00