2019-05-05_00:20:40 02324 11.576 168.400 1949.398 8.368 0.000 0.000 0.76
2019-05-05_00:20:41 02325 11.584 152.400 1765.402 8.392 0.400 3.357 0.76
2019-05-05_00:20:42 02326 11.576 160.000 1852.160 8.400 0.400 3.360 0.76
2019-05-05_00:20:43 02327 11.576 168.400 1949.398 8.400 0.400 3.360 0.76
2019-05-05_00:20:44 02328 11.584 152.400 1765.402 8.424 0.400 3.370 0.75
2019-05-05_00:20:45 02329 11.584 166.800 1932.211 8.312 0.000 0.000 0.75
2019-05-05_00:20:46 02330 11.592 152.400 1766.621 8.328 0.000 0.000 0.75
2019-05-05_00:20:47 02331 11.592 152.400 1766.621 8.336 0.400 3.334 0.75
2019-05-05_00:20:48 02332 11.568 195.600 2262.701 8.328 0.000 0.000 0.75
2019-05-05_00:20:49 02333 11.592 154.400 1789.805 8.360 0.000 0.000 0.75
2019-05-05_00:20:50 02334 11.576 168.400 1949.398 8.360 0.000 0.000 0.76
2019-05-05_00:20:51 02335 11.576 170.400 1972.550 8.368 0.000 0.000 0.76
2019-05-05_00:20:52 02336 11.576 159.600 1847.530 8.392 0.400 3.357 0.76
2019-05-05_00:20:53 02337 11.576 168.800 1954.029 8.392 0.000 0.000 0.76
2019-05-05_00:20:54 02338 11.576 170.400 1972.550 8.400 0.400 3.360 0.76
2019-05-05_00:20:55 02339 11.576 168.400 1949.398 8.416 0.000 0.000 0.75
2019-05-05_00:20:56 02340 11.592 155.200 1799.078 8.320 0.000 0.000 0.75
2019-05-05_00:20:57 02341 11.584 164.400 1904.410 8.320 0.400 3.328 0.75
2019-05-05_00:20:58 02342 11.584 168.400 1950.746 8.328 0.400 3.331 0.75
2019-05-05_00:20:59 02343 11.592 152.400 1766.621 8.352 0.000 0.000 0.75
2019-05-05_00:21:00 02344 11.584 168.800 1955.379 8.352 0.000 0.000 0.75
2019-05-05_00:21:01 02345 11.584 157.600 1825.638 8.368 0.000 0.000 0.76
2019-05-05_00:21:02 02346 11.584 162.400 1881.242 8.384 0.400 3.354 0.76
2019-05-05_00:21:03 02347 11.576 169.200 1958.659 8.384 0.000 0.000 0.76
2019-05-05_00:21:04 02348 11.584 152.800 1770.035 8.400 0.000 0.000 0.76
2019-05-05_00:21:05 02349 11.584 152.800 1770.035 8.408 0.000 0.000 0.75
2019-05-05_00:21:06 02350 11.592 157.600 1826.899 8.312 0.000 0.000 0.75
2019-05-05_00:21:07 02351 11.600 154.000 1786.400 8.320 0.000 0.000 0.75
2019-05-05_00:21:08 02352 11.584 168.400 1950.746 8.320 0.000 0.000 0.75
2019-05-05_00:21:09 02353 11.592 152.400 1766.621 8.336 0.000 0.000 0.75
2019-05-05_00:21:10 02354 11.584 168.400 1950.746 8.344 0.000 0.000 0.75
2019-05-05_00:21:11 02355 11.584 153.600 1779.302 8.360 0.000 0.000 0.75
2019-05-05_00:21:12 02356 11.592 162.800 1887.178 8.368 0.400 3.347 0.76
2019-05-05_00:21:13 02357 11.576 168.800 1954.029 8.368 0.400 3.347 0.76
2019-05-05_00:21:14 02358 11.584 153.200 1774.669 8.392 0.400 3.357 0.76
2019-05-05_00:21:15 02359 11.560 172.800 1997.568 8.392 0.000 0.000 0.76
2019-05-05_00:21:16 02360 11.584 152.800 1770.035 8.408 0.000 0.000 0.75
2019-05-05_00:21:17 02361 11.600 152.400 1767.840 8.304 0.000 0.000 0.75
2019-05-05_00:21:18 02362 11.584 168.400 1950.746 8.312 0.000 0.000 0.75
2019-05-05_00:21:19 02363 11.592 156.800 1817.626 8.328 0.400 3.331 0.75
2019-05-05_00:21:20 02364 11.592 152.800 1771.258 8.336 0.000 0.000 0.75
2019-05-05_00:21:21 02365 11.592 152.400 1766.621 8.352 0.000 0.000 0.75
2019-05-05_00:21:22 02366 11.584 152.800 1770.035 8.360 0.400 3.344 0.75
2019-05-05_00:21:23 02367 11.584 160.800 1862.707 8.368 0.400 3.347 0.76
2019-05-05_00:21:24 02368 11.592 152.400 1766.621 8.384 0.400 3.354 0.76
2019-05-05_00:21:25 02369 11.584 152.800 1770.035 8.392 0.400 3.357 0.76
2019-05-05_00:21:26 02370 11.576 153.600 1778.074 8.400 0.000 0.000 0.76
2019-05-05_00:21:27 02371 11.584 152.800 1770.035 8.408 0.400 3.363 0.75
2019-05-05_00:21:28 02372 11.600 152.400 1767.840 8.312 0.400 3.325 0.75
2019-05-05_00:21:29 02373 11.600 152.800 1772.480 8.320 0.000 0.000 0.75
2019-05-05_00:21:30 02374 11.576 168.800 1954.029 8.320 0.000 0.000 0.75
2019-05-05_00:21:31 02375 11.592 152.400 1766.621 8.336 0.400 3.334 0.75
2019-05-05_00:21:32 02376 11.584 153.200 1774.669 8.352 0.400 3.341 0.75
2019-05-05_00:21:33 02377 11.584 161.600 1871.974 8.360 0.400 3.344 0.75
2019-05-05_00:21:34 02378 11.592 152.400 1766.621 8.368 0.400 3.347 0.76
2019-05-05_00:21:35 02379 11.576 168.800 1954.029 8.368 0.000 0.000 0.76
2019-05-05_00:21:36 02380 11.576 161.600 1870.682 8.392 0.400 3.357 0.76
2019-05-05_00:21:37 02381 11.584 152.800 1770.035 8.400 0.400 3.360 0.76
2019-05-05_00:21:38 02382 11.576 168.400 1949.398 8.400 0.400 3.360 0.76
2019-05-05_00:21:39 02383 11.584 152.800 1770.035 8.424 0.000 0.000 0.75
2019-05-05_00:21:40 02384 11.584 168.400 1950.746 8.312 0.000 0.000 0.75
2019-05-05_00:21:41 02385 11.592 152.400 1766.621 8.328 0.000 0.000 0.75
2019-05-05_00:21:42 02386 11.592 152.800 1771.258 8.336 0.000 0.000 0.75
2019-05-05_00:21:43 02387 11.584 153.600 1779.302 8.352 0.400 3.341 0.75
2019-05-05_00:21:44 02388 11.584 162.400 1881.242 8.360 0.000 0.000 0.75
2019-05-05_00:21:45 02389 11.592 152.800 1771.258 8.368 0.400 3.347 0.76
2019-05-05_00:21:46 02390 11.592 152.800 1771.258 8.376 0.400 3.350 0.76
2019-05-05_00:21:47 02391 11.584 152.800 1770.035 8.392 0.400 3.357 0.76
2019-05-05_00:21:48 02392 11.576 157.200 1819.747 8.400 0.000 0.000 0.76
2019-05-05_00:21:49 02393 11.584 162.400 1881.242 8.408 0.400 3.363 0.75
2019-05-05_00:21:50 02394 11.584 168.400 1950.746 8.296 0.000 0.000 0.77
2019-05-05_00:21:51 02395 11.584 152.800 1770.035 8.544 0.000 0.000 0.76
2019-05-05_00:21:52 02396 11.576 155.200 1796.595 8.408 0.000 0.000 0.75
2019-05-05_00:21:53 02397 11.600 153.200 1777.120 8.312 0.000 0.000 0.75
2019-05-05_00:21:54 02398 11.592 153.200 1775.894 8.320 0.000 0.000 0.75
2019-05-05_00:21:55 02399 11.576 168.400 1949.398 8.320 0.000 0.000 0.75
2019-05-05_00:21:56 02400 11.584 160.800 1862.707 8.336 0.400 3.334 0.75
2019-05-05_00:21:57 02401 11.584 155.600 1802.470 8.352 0.400 3.341 0.75
2019-05-05_00:21:58 02402 11.584 157.600 1825.638 8.360 0.400 3.344 0.75
2019-05-05_00:21:59 02403 11.592 153.600 1780.531 8.368 0.400 3.347 0.76
2019-05-05_00:22:00 02404 11.576 168.800 1954.029 8.368 0.000 0.000 0.76
2019-05-05_00:22:01 02405 11.584 155.600 1802.470 8.392 0.400 3.357 0.76
2019-05-05_00:22:02 02406 11.576 160.400 1856.790 8.400 0.000 0.000 0.76
2019-05-05_00:22:03 02407 11.584 153.200 1774.669 8.408 0.000 0.000 0.75
2019-05-05_00:22:04 02408 11.600 153.200 1777.120 8.312 0.000 0.000 0.75
2019-05-05_00:22:05 02409 11.600 153.600 1781.760 8.320 0.000 0.000 0.75
2019-05-05_00:22:06 02410 11.584 153.600 1779.302 8.328 0.000 0.000 0.75
2019-05-05_00:22:07 02411 11.584 162.000 1876.608 8.336 0.000 0.000 0.75
2019-05-05_00:22:08 02412 11.592 152.800 1771.258 8.352 0.000 0.000 0.75
2019-05-05_00:22:09 02413 11.592 152.800 1771.258 8.360 0.400 3.344 0.75
2019-05-05_00:22:10 02414 11.576 168.800 1954.029 8.360 0.400 3.344 0.76
2019-05-05_00:22:11 02415 11.592 152.800 1771.258 8.376 0.400 3.350 0.76
2019-05-05_00:22:12 02416 11.584 152.800 1770.035 8.392 0.000 0.000 0.76
2019-05-05_00:22:13 02417 11.584 152.800 1770.035 8.400 0.000 0.000 0.76
2019-05-05_00:22:14 02418 11.576 159.600 1847.530 8.408 0.400 3.363 0.75
2019-05-05_00:22:15 02419 11.584 169.200 1960.013 8.304 0.000 0.000 0.75
2019-05-05_00:22:16 02420 11.600 152.800 1772.480 8.320 0.000 0.000 0.75
2019-05-05_00:22:17 02421 11.592 153.200 1775.894 8.328 0.400 3.331 0.75
2019-05-05_00:22:18 02422 11.584 155.600 1802.470 8.336 0.400 3.334 0.75
2019-05-05_00:22:19 02423 11.592 163.200 1891.814 8.352 0.400 3.341 0.75
2019-05-05_00:22:20 02424 11.568 173.200 2003.578 8.352 0.000 0.000 0.75