2019-05-05_02:40:06 00304 11.560 198.400 2293.504 8.344 0.400 3.338 0.75
2019-05-05_02:40:07 00305 11.560 191.600 2214.896 8.352 0.400 3.341 0.76
2019-05-05_02:40:08 00306 11.560 196.800 2275.008 8.352 0.000 0.000 0.76
2019-05-05_02:40:09 00307 11.560 196.400 2270.384 8.368 0.400 3.347 0.76
2019-05-05_02:40:10 00308 11.560 188.800 2182.528 8.384 0.000 0.000 0.76
2019-05-05_02:40:11 00309 11.552 189.600 2190.259 8.392 0.000 0.000 0.76
2019-05-05_02:40:12 00310 11.560 191.600 2214.896 8.400 0.400 3.360 0.76
2019-05-05_02:40:13 00311 11.560 194.800 2251.888 8.424 0.000 0.000 0.75
2019-05-05_02:40:14 00312 11.576 192.800 2231.853 8.304 0.000 0.000 0.75
2019-05-05_02:40:15 00313 11.568 187.600 2170.157 8.312 0.400 3.325 0.75
2019-05-05_02:40:16 00314 11.560 195.200 2256.512 8.328 0.000 0.000 0.75
2019-05-05_02:40:17 00315 11.568 196.800 2276.582 8.336 0.000 0.000 0.75
2019-05-05_02:40:18 00316 11.560 196.000 2265.760 8.344 0.400 3.338 0.76
2019-05-05_02:40:19 00317 11.560 189.200 2187.152 8.360 0.400 3.344 0.76
2019-05-05_02:40:20 00318 11.560 193.200 2233.392 8.368 0.000 0.000 0.76
2019-05-05_02:40:21 00319 11.560 196.400 2270.384 8.376 0.000 0.000 0.76
2019-05-05_02:40:22 00320 11.568 192.000 2221.056 8.392 0.000 0.000 0.76
2019-05-05_02:40:23 00321 11.560 186.400 2154.784 8.400 0.400 3.360 0.76
2019-05-05_02:40:24 00322 11.552 195.200 2254.950 8.416 0.000 0.000 0.75
2019-05-05_02:40:25 00323 11.576 192.400 2227.222 8.304 0.000 0.000 0.75
2019-05-05_02:40:26 00324 11.568 193.200 2234.938 8.312 0.000 0.000 0.75
2019-05-05_02:40:27 00325 11.560 200.000 2312.000 8.320 0.400 3.328 0.75
2019-05-05_02:40:28 00326 11.560 197.600 2284.256 8.336 0.400 3.334 0.75
2019-05-05_02:40:29 00327 11.568 194.400 2248.819 8.344 0.400 3.338 0.76
2019-05-05_02:40:30 00328 11.560 196.000 2265.760 8.368 0.000 0.000 0.76
2019-05-05_02:40:31 00329 11.560 197.200 2279.632 8.360 0.400 3.344 0.76
2019-05-05_02:40:32 00330 11.552 192.400 2222.605 8.376 0.000 0.000 0.76
2019-05-05_02:40:33 00331 11.552 198.000 2287.296 8.392 0.000 0.000 0.76
2019-05-05_02:40:34 00332 11.552 202.800 2342.746 8.392 0.000 0.000 0.76
2019-05-05_02:40:35 00333 11.552 198.000 2287.296 8.408 0.400 3.363 0.75
2019-05-05_02:40:36 00334 11.576 195.600 2264.266 8.304 0.400 3.322 0.75
2019-05-05_02:40:37 00335 11.560 200.800 2321.248 8.312 0.000 0.000 0.75
2019-05-05_02:40:38 00336 11.576 173.200 2004.963 8.328 0.400 3.331 0.75
2019-05-05_02:40:39 00337 11.560 192.400 2224.144 8.336 0.400 3.334 0.75
2019-05-05_02:40:40 00338 11.552 200.400 2315.021 8.344 0.400 3.338 0.76
2019-05-05_02:40:41 00339 11.560 192.000 2219.520 8.352 0.400 3.341 0.76
2019-05-05_02:40:42 00340 11.560 195.600 2261.136 8.368 0.400 3.347 0.76
2019-05-05_02:40:43 00341 11.560 189.600 2191.776 8.376 0.000 0.000 0.76
2019-05-05_02:40:44 00342 11.568 194.400 2248.819 8.384 0.000 0.000 0.76
2019-05-05_02:40:45 00343 11.560 186.000 2150.160 8.400 0.400 3.360 0.76
2019-05-05_02:40:46 00344 11.560 188.400 2177.904 8.416 0.000 0.000 0.75
2019-05-05_02:40:47 00345 11.560 195.600 2261.136 8.296 0.000 0.000 0.77
2019-05-05_02:40:48 00346 11.552 189.200 2185.638 8.576 0.000 0.000 0.76
2019-05-05_02:40:49 00347 11.560 191.600 2214.896 8.416 0.000 0.000 0.75
2019-05-05_02:40:50 00348 11.568 186.800 2160.902 8.304 0.400 3.322 0.75
2019-05-05_02:40:51 00349 11.568 194.400 2248.819 8.312 0.400 3.325 0.75
2019-05-05_02:40:52 00350 11.568 194.000 2244.192 8.328 0.000 0.000 0.75
2019-05-05_02:40:53 00351 11.560 195.600 2261.136 8.336 0.400 3.334 0.75
2019-05-05_02:40:54 00352 11.568 190.000 2197.920 8.352 0.400 3.341 0.76
2019-05-05_02:40:55 00353 11.560 195.600 2261.136 8.360 0.000 0.000 0.76
2019-05-05_02:40:56 00354 11.560 185.600 2145.536 8.368 0.400 3.347 0.76
2019-05-05_02:40:57 00355 11.560 184.800 2136.288 8.376 0.400 3.350 0.76
2019-05-05_02:40:58 00356 11.560 186.400 2154.784 8.392 0.000 0.000 0.76
2019-05-05_02:40:59 00357 11.560 188.000 2173.280 8.400 0.000 0.000 0.76
2019-05-05_02:41:00 00358 11.552 196.000 2264.192 8.424 0.000 0.000 0.75
2019-05-05_02:41:01 00359 11.568 190.800 2207.174 8.304 0.400 3.322 0.75
2019-05-05_02:41:02 00360 11.576 191.200 2213.331 8.320 0.000 0.000 0.75
2019-05-05_02:41:03 00361 11.568 193.600 2239.565 8.328 0.000 0.000 0.75
2019-05-05_02:41:04 00362 11.560 194.800 2251.888 8.336 0.400 3.334 0.75
2019-05-05_02:41:05 00363 11.560 200.000 2312.000 8.344 0.000 0.000 0.76
2019-05-05_02:41:06 00364 11.560 190.400 2201.024 8.352 0.400 3.341 0.76
2019-05-05_02:41:07 00365 11.552 200.400 2315.021 8.368 0.000 0.000 0.76
2019-05-05_02:41:08 00366 11.560 199.200 2302.752 8.376 0.000 0.000 0.76
2019-05-05_02:41:09 00367 11.552 199.600 2305.779 8.392 0.000 0.000 0.76
2019-05-05_02:41:10 00368 11.552 201.200 2324.262 8.408 0.000 0.000 0.75
2019-05-05_02:41:11 00369 11.568 192.000 2221.056 8.296 0.000 0.000 0.77
2019-05-05_02:41:12 00370 11.552 198.800 2296.538 8.544 0.000 0.000 0.76
2019-05-05_02:41:13 00371 11.552 193.600 2236.467 8.392 0.000 0.000 0.76
2019-05-05_02:41:14 00372 11.552 196.800 2273.434 8.416 0.000 0.000 0.75
2019-05-05_02:41:15 00373 11.568 196.800 2276.582 8.304 0.000 0.000 0.75
2019-05-05_02:41:16 00374 11.568 196.400 2271.955 8.312 0.000 0.000 0.75
2019-05-05_02:41:17 00375 11.560 193.200 2233.392 8.320 0.400 3.328 0.75
2019-05-05_02:41:18 00376 11.568 184.400 2133.139 8.336 0.000 0.000 0.75
2019-05-05_02:41:19 00377 11.560 193.200 2233.392 8.344 0.000 0.000 0.76
2019-05-05_02:41:20 00378 11.560 194.000 2242.640 8.352 0.000 0.000 0.76
2019-05-05_02:41:21 00379 11.560 196.800 2275.008 8.360 0.000 0.000 0.76
2019-05-05_02:41:22 00380 11.552 200.000 2310.400 8.376 0.000 0.000 0.76
2019-05-05_02:41:23 00381 11.552 199.200 2301.158 8.384 0.400 3.354 0.76
2019-05-05_02:41:24 00382 11.552 200.800 2319.642 8.392 0.000 0.000 0.76
2019-05-05_02:41:25 00383 11.552 197.200 2278.054 8.416 0.400 3.366 0.75
2019-05-05_02:41:26 00384 11.568 188.400 2179.411 8.296 0.000 0.000 0.77
2019-05-05_02:41:27 00385 11.552 200.000 2310.400 8.552 0.000 0.000 0.76
2019-05-05_02:41:28 00386 11.552 196.000 2264.192 8.408 0.000 0.000 0.75
2019-05-05_02:41:29 00387 11.584 156.400 1811.738 8.320 0.000 0.000 0.75
2019-05-05_02:41:30 00388 11.568 183.200 2119.258 8.328 0.000 0.000 0.75
2019-05-05_02:41:31 00389 11.584 164.000 1899.776 8.344 0.400 3.338 0.75
2019-05-05_02:41:32 00390 11.592 153.200 1775.894 8.352 0.400 3.341 0.75
2019-05-05_02:41:33 00391 11.584 155.600 1802.470 8.368 0.400 3.347 0.76
2019-05-05_02:41:34 00392 11.576 163.200 1889.203 8.376 0.400 3.350 0.76
2019-05-05_02:41:35 00393 11.576 165.200 1912.355 8.384 0.000 0.000 0.76
2019-05-05_02:41:36 00394 11.584 165.200 1913.677 8.400 0.400 3.360 0.76
2019-05-05_02:41:37 00395 11.584 154.000 1783.936 8.408 0.400 3.363 0.75
2019-05-05_02:41:38 00396 11.600 153.600 1781.760 8.304 0.000 0.000 0.75
2019-05-05_02:41:39 00397 11.592 153.200 1775.894 8.312 0.400 3.325 0.75
2019-05-05_02:41:40 00398 11.584 159.600 1848.806 8.328 0.400 3.331 0.75
2019-05-05_02:41:41 00399 11.584 165.200 1913.677 8.336 0.400 3.334 0.75
2019-05-05_02:41:42 00400 11.592 153.200 1775.894 8.344 0.400 3.338 0.75
2019-05-05_02:41:43 00401 11.584 153.600 1779.302 8.352 0.400 3.341 0.75
2019-05-05_02:41:44 00402 11.584 163.600 1895.142 8.368 0.400 3.347 0.76
2019-05-05_02:41:45 00403 11.576 164.400 1903.094 8.376 0.400 3.350 0.76
2019-05-05_02:41:46 00404 11.592 153.200 1775.894 8.384 0.400 3.354 0.76