2019-05-04_23:55:22 00809 11.576 169.200 1958.659 8.400 0.000 0.000 0.76
2019-05-04_23:55:23 00810 11.576 163.200 1889.203 8.424 0.400 3.370 0.75
2019-05-04_23:55:24 00811 11.584 175.200 2029.517 8.312 0.000 0.000 0.75
2019-05-04_23:55:25 00812 11.592 153.200 1775.894 8.328 0.000 0.000 0.75
2019-05-04_23:55:26 00813 11.584 153.200 1774.669 8.336 0.400 3.334 0.75
2019-05-04_23:55:27 00814 11.576 170.800 1977.181 8.344 0.400 3.338 0.75
2019-05-04_23:55:28 00815 11.584 160.400 1858.074 8.360 0.400 3.344 0.75
2019-05-04_23:55:29 00816 11.576 169.600 1963.290 8.360 0.400 3.344 0.76
2019-05-04_23:55:30 00817 11.584 154.400 1788.570 8.376 0.400 3.350 0.76
2019-05-04_23:55:31 00818 11.584 153.600 1779.302 8.392 0.000 0.000 0.76
2019-05-04_23:55:32 00819 11.584 153.200 1774.669 8.400 0.400 3.360 0.76
2019-05-04_23:55:33 00820 11.584 155.200 1797.837 8.416 0.400 3.366 0.75
2019-05-04_23:55:34 00821 11.576 174.400 2018.854 8.304 0.000 0.000 0.75
2019-05-04_23:55:35 00822 11.584 162.800 1885.875 8.320 0.000 0.000 0.75
2019-05-04_23:55:36 00823 11.592 164.400 1905.725 8.328 0.400 3.331 0.75
2019-05-04_23:55:37 00824 11.584 169.600 1964.646 8.328 0.000 0.000 0.75
2019-05-04_23:55:38 00825 11.592 153.200 1775.894 8.352 0.000 0.000 0.75
2019-05-04_23:55:39 00826 11.576 170.400 1972.550 8.352 0.400 3.341 0.75
2019-05-04_23:55:40 00827 11.592 153.200 1775.894 8.368 0.000 0.000 0.76
2019-05-04_23:55:41 00828 11.584 153.200 1774.669 8.376 0.400 3.350 0.76
2019-05-04_23:55:42 00829 11.568 168.800 1952.678 8.384 0.000 0.000 0.76
2019-05-04_23:55:43 00830 11.576 153.600 1778.074 8.400 0.400 3.360 0.76
2019-05-04_23:55:44 00831 11.576 181.600 2102.202 8.400 0.400 3.360 0.76
2019-05-04_23:55:45 00832 11.584 164.000 1899.776 8.424 0.400 3.370 0.75
2019-05-04_23:55:46 00833 11.592 153.200 1775.894 8.320 0.000 0.000 0.75
2019-05-04_23:55:47 00834 11.560 201.600 2330.496 8.320 0.000 0.000 0.75
2019-05-04_23:55:48 00835 11.584 154.400 1788.570 8.336 0.400 3.334 0.75
2019-05-04_23:55:49 00836 11.584 162.400 1881.242 8.352 0.400 3.341 0.75
2019-05-04_23:55:50 00837 11.592 152.800 1771.258 8.360 0.400 3.344 0.75
2019-05-04_23:55:51 00838 11.592 153.600 1780.531 8.368 0.000 0.000 0.76
2019-05-04_23:55:52 00839 11.592 153.600 1780.531 8.384 0.400 3.354 0.76
2019-05-04_23:55:53 00840 11.576 156.800 1815.117 8.392 0.000 0.000 0.76
2019-05-04_23:55:54 00841 11.576 170.000 1967.920 8.392 0.000 0.000 0.76
2019-05-04_23:55:55 00842 11.584 153.600 1779.302 8.408 0.400 3.363 0.75
2019-05-04_23:55:56 00843 11.592 153.600 1780.531 8.304 0.000 0.000 0.75
2019-05-04_23:55:57 00844 11.584 185.200 2145.357 8.312 0.000 0.000 0.75
2019-05-04_23:55:58 00845 11.584 156.000 1807.104 8.328 0.000 0.000 0.75
2019-05-04_23:55:59 00846 11.584 172.000 1992.448 8.328 0.400 3.331 0.75
2019-05-04_23:56:00 00847 11.584 153.600 1779.302 8.352 0.400 3.341 0.75
2019-05-04_23:56:01 00848 11.592 153.600 1780.531 8.360 0.400 3.344 0.75
2019-05-04_23:56:02 00849 11.576 169.200 1958.659 8.360 0.400 3.344 0.76
2019-05-04_23:56:03 00850 11.592 153.600 1780.531 8.376 0.400 3.350 0.76
2019-05-04_23:56:04 00851 11.560 173.600 2006.816 8.384 0.400 3.354 0.76
2019-05-04_23:56:05 00852 11.576 155.200 1796.595 8.400 0.000 0.000 0.76
2019-05-04_23:56:06 00853 11.584 153.200 1774.669 8.408 0.400 3.363 0.75
2019-05-04_23:56:07 00854 11.584 183.200 2122.189 8.304 0.000 0.000 0.75
2019-05-04_23:56:08 00855 11.592 164.000 1901.088 8.320 0.000 0.000 0.75
2019-05-04_23:56:09 00856 11.584 169.600 1964.646 8.320 0.400 3.328 0.75
2019-05-04_23:56:10 00857 11.592 153.600 1780.531 8.336 0.000 0.000 0.75
2019-05-04_23:56:11 00858 11.592 164.000 1901.088 8.352 0.000 0.000 0.75
2019-05-04_23:56:12 00859 11.584 160.000 1853.440 8.360 0.000 0.000 0.75
2019-05-04_23:56:13 00860 11.592 154.000 1785.168 8.368 0.400 3.347 0.76
2019-05-04_23:56:14 00861 11.592 153.200 1775.894 8.384 0.000 0.000 0.76
2019-05-04_23:56:15 00862 11.584 153.200 1774.669 8.392 0.400 3.357 0.76
2019-05-04_23:56:16 00863 11.584 153.200 1774.669 8.400 0.000 0.000 0.76
2019-05-04_23:56:17 00864 11.568 170.000 1966.560 8.400 0.000 0.000 0.76
2019-05-04_23:56:18 00865 11.576 153.200 1773.443 8.416 0.000 0.000 0.75
2019-05-04_23:56:19 00866 11.576 168.800 1954.029 8.312 0.000 0.000 0.75
2019-05-04_23:56:20 00867 11.592 153.200 1775.894 8.328 0.400 3.331 0.75
2019-05-04_23:56:21 00868 11.584 160.800 1862.707 8.336 0.400 3.334 0.75
2019-05-04_23:56:22 00869 11.592 153.200 1775.894 8.352 0.400 3.341 0.75
2019-05-04_23:56:23 00870 11.592 153.600 1780.531 8.360 0.400 3.344 0.75
2019-05-04_23:56:24 00871 11.576 184.800 2139.245 8.360 0.000 0.000 0.76
2019-05-04_23:56:25 00872 11.592 153.600 1780.531 8.384 0.000 0.000 0.76
2019-05-04_23:56:26 00873 11.584 153.200 1774.669 8.392 0.400 3.357 0.76
2019-05-04_23:56:27 00874 11.576 169.200 1958.659 8.392 0.400 3.357 0.76
2019-05-04_23:56:28 00875 11.584 152.800 1770.035 8.408 0.400 3.363 0.75
2019-05-04_23:56:29 00876 11.584 169.600 1964.646 8.304 0.000 0.000 0.75
2019-05-04_23:56:30 00877 11.592 153.200 1775.894 8.320 0.000 0.000 0.75
2019-05-04_23:56:31 00878 11.592 153.200 1775.894 8.328 0.000 0.000 0.75
2019-05-04_23:56:32 00879 11.584 161.600 1871.974 8.336 0.000 0.000 0.75
2019-05-04_23:56:33 00880 11.592 153.200 1775.894 8.352 0.000 0.000 0.75
2019-05-04_23:56:34 00881 11.592 153.200 1775.894 8.360 0.400 3.344 0.75
2019-05-04_23:56:35 00882 11.576 162.000 1875.312 8.368 0.400 3.347 0.76
2019-05-04_23:56:36 00883 11.584 153.200 1774.669 8.384 0.000 0.000 0.76
2019-05-04_23:56:37 00884 11.576 168.800 1954.029 8.384 0.400 3.354 0.76
2019-05-04_23:56:38 00885 11.584 152.800 1770.035 8.400 0.000 0.000 0.76
2019-05-04_23:56:39 00886 11.560 174.400 2016.064 8.400 0.400 3.360 0.76
2019-05-04_23:56:40 00887 11.576 162.000 1875.312 8.424 0.400 3.370 0.75
2019-05-04_23:56:41 00888 11.592 153.600 1780.531 8.320 0.000 0.000 0.75
2019-05-04_23:56:42 00889 11.568 172.800 1998.950 8.320 0.000 0.000 0.75
2019-05-04_23:56:43 00890 11.592 164.000 1901.088 8.336 0.400 3.334 0.75
2019-05-04_23:56:44 00891 11.584 169.600 1964.646 8.344 0.000 0.000 0.75
2019-05-04_23:56:45 00892 11.584 153.200 1774.669 8.360 0.000 0.000 0.75
2019-05-04_23:56:46 00893 11.576 161.600 1870.682 8.376 0.400 3.350 0.76
2019-05-04_23:56:47 00894 11.576 169.200 1958.659 8.368 0.400 3.347 0.76
2019-05-04_23:56:48 00895 11.584 153.200 1774.669 8.392 0.000 0.000 0.76
2019-05-04_23:56:49 00896 11.568 169.600 1961.933 8.392 0.400 3.357 0.76
2019-05-04_23:56:50 00897 11.584 163.200 1890.509 8.408 0.000 0.000 0.75
2019-05-04_23:56:51 00898 11.600 153.200 1777.120 8.312 0.000 0.000 0.75
2019-05-04_23:56:52 00899 11.600 153.600 1781.760 8.320 0.000 0.000 0.75
2019-05-04_23:56:53 00900 11.584 162.400 1881.242 8.328 0.000 0.000 0.75
2019-05-04_23:56:54 00901 11.584 169.600 1964.646 8.328 0.000 0.000 0.75
2019-05-04_23:56:55 00902 11.584 153.200 1774.669 8.352 0.400 3.341 0.75
2019-05-04_23:56:56 00903 11.584 162.800 1885.875 8.360 0.400 3.344 0.75
2019-05-04_23:56:57 00904 11.592 154.800 1794.442 8.368 0.400 3.347 0.76
2019-05-04_23:56:58 00905 11.584 154.800 1793.203 8.376 0.000 0.000 0.76
2019-05-04_23:56:59 00906 11.568 168.800 1952.678 8.384 0.400 3.354 0.76
2019-05-04_23:57:00 00907 11.576 166.400 1926.246 8.400 0.000 0.000 0.76
2019-05-04_23:57:01 00908 11.584 152.800 1770.035 8.408 0.400 3.363 0.75
2019-05-04_23:57:02 00909 11.584 172.400 1997.082 8.304 0.000 0.000 0.75