2019-05-05_23:28:52 07071 11.336 450.400 5105.734 8.408 -331.200 -2784.730 0.81
2019-05-05_23:28:53 07072 11.376 399.600 4545.850 8.352 -264.800 -2211.610 0.81
2019-05-05_23:28:54 07073 11.368 402.400 4574.483 8.360 -272.800 -2280.608 0.81
2019-05-05_23:28:55 07074 11.368 404.000 4592.672 8.360 -277.200 -2317.392 0.81
2019-05-05_23:28:56 07075 11.368 404.800 4601.766 8.368 -287.600 -2406.637 0.82
2019-05-05_23:28:57 07076 11.360 419.200 4762.112 8.376 -293.600 -2459.194 0.82
2019-05-05_23:28:58 07077 11.352 426.000 4835.952 8.376 -298.400 -2499.398 0.82
2019-05-05_23:28:59 07078 11.360 429.200 4875.712 8.384 -311.200 -2609.101 0.82
2019-05-05_23:29:00 07079 11.352 426.400 4840.493 8.392 -313.600 -2631.731 0.82
2019-05-05_23:29:01 07080 11.344 431.200 4891.533 8.392 -316.400 -2655.229 0.82
2019-05-05_23:29:02 07081 11.336 445.200 5046.787 8.400 -321.200 -2698.080 0.82
2019-05-05_23:29:03 07082 11.336 448.000 5078.528 8.400 -327.600 -2751.840 0.82
2019-05-05_23:29:04 07083 11.336 450.400 5105.734 8.408 -334.400 -2811.635 0.81
2019-05-05_23:29:05 07084 11.368 404.800 4601.766 8.360 -272.000 -2273.920 0.81
2019-05-05_23:29:06 07085 11.368 410.800 4669.974 8.360 -277.600 -2320.736 0.81
2019-05-05_23:29:07 07086 11.360 415.200 4716.672 8.368 -282.400 -2363.123 0.82
2019-05-05_23:29:08 07087 11.360 420.000 4771.200 8.368 -289.200 -2420.026 0.82
2019-05-05_23:29:09 07088 11.360 414.800 4712.128 8.376 -297.600 -2492.698 0.82
2019-05-05_23:29:10 07089 11.352 424.000 4813.248 8.384 -303.200 -2542.029 0.82
2019-05-05_23:29:11 07090 11.352 432.000 4904.064 8.392 -309.200 -2594.806 0.82
2019-05-05_23:29:12 07091 11.344 441.200 5004.973 8.400 -319.600 -2684.640 0.82
2019-05-05_23:29:13 07092 11.336 444.000 5033.184 8.400 -322.000 -2704.800 0.82
2019-05-05_23:29:14 07093 11.336 435.200 4933.427 8.408 -326.400 -2744.371 0.81
2019-05-05_23:29:15 07094 11.392 366.400 4174.029 8.352 -282.000 -2355.264 0.81
2019-05-05_23:29:16 07095 11.392 370.800 4224.154 8.360 -288.000 -2407.680 0.81
2019-05-05_23:29:17 07096 11.384 376.000 4280.384 8.368 -294.400 -2463.539 0.81
2019-05-05_23:29:18 07097 11.376 387.600 4409.338 8.368 -300.400 -2513.747 0.82
2019-05-05_23:29:19 07098 11.376 394.400 4486.694 8.376 -304.400 -2549.654 0.82
2019-05-05_23:29:20 07099 11.376 392.000 4459.392 8.384 -314.000 -2632.576 0.82
2019-05-05_23:29:21 07100 11.368 397.200 4515.370 8.392 -320.800 -2692.154 0.82
2019-05-05_23:29:22 07101 11.360 405.200 4603.072 8.392 -327.200 -2745.862 0.82
2019-05-05_23:29:23 07102 11.360 407.200 4625.792 8.400 -332.800 -2795.520 0.82
2019-05-05_23:29:24 07103 11.360 416.000 4725.760 8.408 -339.600 -2855.357 0.81
2019-05-05_23:29:25 07104 11.400 361.200 4117.680 8.352 -275.600 -2301.811 0.81
2019-05-05_23:29:26 07105 11.392 372.400 4242.381 8.360 -282.000 -2357.520 0.81
2019-05-05_23:29:27 07106 11.392 370.800 4224.154 8.360 -287.600 -2404.336 0.81
2019-05-05_23:29:28 07107 11.384 376.000 4280.384 8.368 -294.000 -2460.192 0.81
2019-05-05_23:29:29 07108 11.384 382.400 4353.242 8.368 -299.200 -2503.706 0.82
2019-05-05_23:29:30 07109 11.376 388.000 4413.888 8.376 -306.400 -2566.406 0.82
2019-05-05_23:29:31 07110 11.376 392.400 4463.942 8.384 -314.000 -2632.576 0.82
2019-05-05_23:29:32 07111 11.368 397.200 4515.370 8.392 -320.800 -2692.154 0.82
2019-05-05_23:29:33 07112 11.360 403.200 4580.352 8.392 -326.800 -2742.506 0.82
2019-05-05_23:29:34 07113 11.360 409.200 4648.512 8.400 -332.800 -2795.520 0.82
2019-05-05_23:29:35 07114 11.360 412.000 4680.320 8.408 -339.600 -2855.357 0.81
2019-05-05_23:29:36 07115 11.392 374.000 4260.608 8.352 -269.600 -2251.699 0.81
2019-05-05_23:29:37 07116 11.392 370.800 4224.154 8.360 -281.600 -2354.176 0.81
2019-05-05_23:29:38 07117 11.392 371.200 4228.710 8.360 -287.600 -2404.336 0.81
2019-05-05_23:29:39 07118 11.384 375.600 4275.830 8.368 -292.800 -2450.150 0.81
2019-05-05_23:29:40 07119 11.376 380.800 4331.981 8.376 -299.600 -2509.450 0.82
2019-05-05_23:29:41 07120 11.376 392.400 4463.942 8.376 -305.600 -2559.706 0.82
2019-05-05_23:29:42 07121 11.376 392.000 4459.392 8.384 -313.600 -2629.222 0.82
2019-05-05_23:29:43 07122 11.368 396.800 4510.822 8.392 -319.600 -2682.083 0.82
2019-05-05_23:29:44 07123 11.360 407.600 4630.336 8.392 -325.600 -2732.435 0.82
2019-05-05_23:29:45 07124 11.360 413.200 4693.952 8.400 -332.800 -2795.520 0.82
2019-05-05_23:29:46 07125 11.360 413.200 4693.952 8.408 -332.000 -2791.456 0.81
2019-05-05_23:29:47 07126 11.392 368.000 4192.256 8.352 -270.000 -2255.040 0.81
2019-05-05_23:29:48 07127 11.392 377.200 4297.062 8.352 -280.800 -2345.242 0.81
2019-05-05_23:29:49 07128 11.392 382.000 4351.744 8.360 -287.200 -2400.992 0.81
2019-05-05_23:29:50 07129 11.384 376.800 4289.491 8.368 -286.800 -2399.942 0.81
2019-05-05_23:29:51 07130 11.376 387.200 4404.787 8.368 -293.200 -2453.498 0.82
2019-05-05_23:29:52 07131 11.376 384.800 4377.485 8.376 -306.000 -2563.056 0.82
2019-05-05_23:29:53 07132 11.376 391.600 4454.842 8.384 -314.400 -2635.930 0.82
2019-05-05_23:29:54 07133 11.368 403.200 4583.578 8.392 -320.000 -2685.440 0.82
2019-05-05_23:29:55 07134 11.368 401.200 4560.842 8.400 -326.800 -2745.120 0.82
2019-05-05_23:29:56 07135 11.360 406.000 4612.160 8.400 -332.800 -2795.520 0.82
2019-05-05_23:29:57 07136 11.352 413.200 4690.646 8.408 -338.800 -2848.630 0.81
2019-05-05_23:29:58 07137 11.400 368.400 4199.760 8.352 -275.200 -2298.470 0.81
2019-05-05_23:29:59 07138 11.392 365.600 4164.915 8.360 -281.200 -2350.832 0.81
2019-05-05_23:30:00 07139 11.384 371.600 4230.294 8.360 -287.200 -2400.992 0.81
2019-05-05_23:30:01 07140 11.384 376.000 4280.384 8.368 -293.600 -2456.845 0.81
2019-05-05_23:30:02 07141 11.360 414.000 4703.040 8.368 -281.600 -2356.429 0.82
2019-05-05_23:30:03 07142 11.360 417.200 4739.392 8.376 -288.400 -2415.638 0.82
2019-05-05_23:30:04 07143 11.360 424.800 4825.728 8.376 -296.400 -2482.646 0.82
2019-05-05_23:30:05 07144 11.352 429.200 4872.278 8.384 -302.800 -2538.675 0.82
2019-05-05_23:30:06 07145 11.344 434.000 4923.296 8.392 -310.000 -2601.520 0.82
2019-05-05_23:30:07 07146 11.344 440.000 4991.360 8.392 -312.800 -2625.018 0.82
2019-05-05_23:30:08 07147 11.344 443.200 5027.661 8.400 -320.800 -2694.720 0.82
2019-05-05_23:30:09 07148 11.336 444.000 5033.184 8.408 -327.200 -2751.098 0.81
2019-05-05_23:30:10 07149 11.376 399.200 4541.299 8.352 -264.000 -2204.928 0.81
2019-05-05_23:30:11 07150 11.376 402.000 4573.152 8.360 -269.200 -2250.512 0.81
2019-05-05_23:30:12 07151 11.368 405.600 4610.861 8.360 -278.400 -2327.424 0.81
2019-05-05_23:30:13 07152 11.360 412.800 4689.408 8.368 -282.400 -2363.123 0.82
2019-05-05_23:30:14 07153 11.360 419.200 4762.112 8.376 -289.200 -2422.339 0.82
2019-05-05_23:30:15 07154 11.360 422.800 4803.008 8.384 -297.200 -2491.725 0.82
2019-05-05_23:30:16 07155 11.352 429.200 4872.278 8.384 -303.600 -2545.382 0.82
2019-05-05_23:30:17 07156 11.352 433.600 4922.227 8.392 -308.400 -2588.093 0.82
2019-05-05_23:30:18 07157 11.344 437.200 4959.597 8.392 -314.800 -2641.802 0.82
2019-05-05_23:30:19 07158 11.344 445.200 5050.349 8.400 -321.200 -2698.080 0.82
2019-05-05_23:30:20 07159 11.344 447.600 5077.574 8.408 -332.800 -2798.182 0.81
2019-05-05_23:30:21 07160 11.376 398.400 4532.198 8.352 -264.000 -2204.928 0.81
2019-05-05_23:30:22 07161 11.376 398.400 4532.198 8.360 -271.200 -2267.232 0.81
2019-05-05_23:30:23 07162 11.368 409.200 4651.786 8.360 -275.200 -2300.672 0.81
2019-05-05_23:30:24 07163 11.368 412.400 4688.163 8.368 -288.800 -2416.678 0.82
2019-05-05_23:30:25 07164 11.360 418.400 4753.024 8.376 -288.000 -2412.288 0.82
2019-05-05_23:30:26 07165 11.360 411.600 4675.776 8.376 -295.600 -2475.946 0.82
2019-05-05_23:30:27 07166 11.352 419.600 4763.299 8.384 -302.400 -2535.322 0.82
2019-05-05_23:30:28 07167 11.352 433.200 4917.686 8.392 -314.000 -2635.088 0.82
2019-05-05_23:30:29 07168 11.344 437.200 4959.597 8.392 -314.800 -2641.802 0.82
2019-05-05_23:30:30 07169 11.344 440.800 5000.435 8.400 -323.600 -2718.240 0.82
2019-05-05_23:30:31 07170 11.336 448.800 5087.597 8.408 -326.000 -2741.008 0.81
2019-05-05_23:30:32 07171 11.384 394.400 4489.850 8.352 -263.200 -2198.246 0.81