2019-05-05_00:32:28 03031 11.584 169.600 1964.646 8.320 0.400 3.328 0.75
2019-05-05_00:32:29 03032 11.584 158.800 1839.539 8.336 0.400 3.334 0.75
2019-05-05_00:32:30 03033 11.584 174.400 2020.250 8.352 0.400 3.341 0.75
2019-05-05_00:32:31 03034 11.592 153.200 1775.894 8.360 0.400 3.344 0.75
2019-05-05_00:32:32 03035 11.592 163.200 1891.814 8.368 0.400 3.347 0.76
2019-05-05_00:32:33 03036 11.584 153.200 1774.669 8.376 0.400 3.350 0.76
2019-05-05_00:32:34 03037 11.584 152.800 1770.035 8.392 0.400 3.357 0.76
2019-05-05_00:32:35 03038 11.576 161.200 1866.051 8.400 0.400 3.360 0.76
2019-05-05_00:32:36 03039 11.584 153.200 1774.669 8.408 0.400 3.363 0.75
2019-05-05_00:32:37 03040 11.600 153.200 1777.120 8.304 0.000 0.000 0.75
2019-05-05_00:32:38 03041 11.576 169.600 1963.290 8.312 0.000 0.000 0.75
2019-05-05_00:32:39 03042 11.584 157.600 1825.638 8.328 0.000 0.000 0.75
2019-05-05_00:32:40 03043 11.584 169.600 1964.646 8.328 0.400 3.331 0.75
2019-05-05_00:32:41 03044 11.592 153.200 1775.894 8.352 0.400 3.341 0.75
2019-05-05_00:32:42 03045 11.584 153.200 1774.669 8.360 0.400 3.344 0.75
2019-05-05_00:32:43 03046 11.576 169.600 1963.290 8.360 0.400 3.344 0.76
2019-05-05_00:32:44 03047 11.592 153.200 1775.894 8.376 0.400 3.350 0.76
2019-05-05_00:32:45 03048 11.576 169.200 1958.659 8.384 0.400 3.354 0.76
2019-05-05_00:32:46 03049 11.576 159.600 1847.530 8.400 0.400 3.360 0.76
2019-05-05_00:32:47 03050 11.584 163.600 1895.142 8.408 0.400 3.363 0.75
2019-05-05_00:32:48 03051 11.584 169.200 1960.013 8.296 0.000 0.000 0.77
2019-05-05_00:32:49 03052 11.584 153.200 1774.669 8.544 0.000 0.000 0.76
2019-05-05_00:32:50 03053 11.568 169.200 1957.306 8.400 0.000 0.000 0.76
2019-05-05_00:32:51 03054 11.584 162.400 1881.242 8.424 0.000 0.000 0.75
2019-05-05_00:32:52 03055 11.592 153.200 1775.894 8.320 0.400 3.328 0.75
2019-05-05_00:32:53 03056 11.584 169.600 1964.646 8.320 0.000 0.000 0.75
2019-05-05_00:32:54 03057 11.584 161.600 1871.974 8.336 0.000 0.000 0.75
2019-05-05_00:32:55 03058 11.592 153.200 1775.894 8.352 0.400 3.341 0.75
2019-05-05_00:32:56 03059 11.584 153.200 1774.669 8.360 0.400 3.344 0.75
2019-05-05_00:32:57 03060 11.584 161.200 1867.341 8.368 0.000 0.000 0.76
2019-05-05_00:32:58 03061 11.576 170.000 1967.920 8.368 0.000 0.000 0.76
2019-05-05_00:32:59 03062 11.592 154.400 1789.805 8.392 0.400 3.357 0.76
2019-05-05_00:33:00 03063 11.568 170.800 1975.814 8.392 0.400 3.357 0.76
2019-05-05_00:33:01 03064 11.584 162.800 1885.875 8.408 0.400 3.363 0.75
2019-05-05_00:33:02 03065 11.600 153.200 1777.120 8.312 0.000 0.000 0.75
2019-05-05_00:33:03 03066 11.584 169.600 1964.646 8.312 0.400 3.325 0.75
2019-05-05_00:33:04 03067 11.584 156.000 1807.104 8.328 0.000 0.000 0.75
2019-05-05_00:33:05 03068 11.584 170.800 1978.547 8.328 0.000 0.000 0.75
2019-05-05_00:33:06 03069 11.592 154.000 1785.168 8.344 0.400 3.338 0.75
2019-05-05_00:33:07 03070 11.584 153.600 1779.302 8.360 0.400 3.344 0.75
2019-05-05_00:33:08 03071 11.568 183.200 2119.258 8.360 0.400 3.344 0.76
2019-05-05_00:33:09 03072 11.584 166.800 1932.211 8.376 0.400 3.350 0.76
2019-05-05_00:33:10 03073 11.576 170.400 1972.550 8.376 0.400 3.350 0.76
2019-05-05_00:33:11 03074 11.576 160.400 1856.790 8.392 0.400 3.357 0.76
2019-05-05_00:33:12 03075 11.576 166.800 1930.877 8.400 0.400 3.360 0.76
2019-05-05_00:33:13 03076 11.552 194.400 2245.709 8.392 0.000 0.000 0.76
2019-05-05_00:33:14 03077 11.568 170.400 1971.187 8.424 0.000 0.000 0.75
2019-05-05_00:33:15 03078 11.584 169.600 1964.646 8.320 0.000 0.000 0.75
2019-05-05_00:33:16 03079 11.584 170.800 1978.547 8.328 0.000 0.000 0.75
2019-05-05_00:33:17 03080 11.576 170.800 1977.181 8.344 0.400 3.338 0.75
2019-05-05_00:33:18 03081 11.584 168.800 1955.379 8.352 0.000 0.000 0.75
2019-05-05_00:33:19 03082 11.576 168.000 1944.768 8.360 0.400 3.344 0.76
2019-05-05_00:33:20 03083 11.576 169.600 1963.290 8.368 0.400 3.347 0.76
2019-05-05_00:33:21 03084 11.576 170.000 1967.920 8.376 0.000 0.000 0.76
2019-05-05_00:33:22 03085 11.576 170.800 1977.181 8.392 0.000 0.000 0.76
2019-05-05_00:33:23 03086 11.576 170.400 1972.550 8.400 0.400 3.360 0.76
2019-05-05_00:33:24 03087 11.576 167.600 1940.138 8.408 0.000 0.000 0.75
2019-05-05_00:33:25 03088 11.560 192.400 2224.144 8.296 0.000 0.000 0.77
2019-05-05_00:33:26 03089 11.568 169.600 1961.933 8.544 0.000 0.000 0.76
2019-05-05_00:33:27 03090 11.568 170.400 1971.187 8.416 0.000 0.000 0.75
2019-05-05_00:33:28 03091 11.576 171.600 1986.442 8.288 0.000 0.000 0.77
2019-05-05_00:33:29 03092 11.576 162.000 1875.312 8.552 0.000 0.000 0.76
2019-05-05_00:33:30 03093 11.560 198.000 2288.880 8.416 0.000 0.000 0.75
2019-05-05_00:33:31 03094 11.584 170.800 1978.547 8.312 0.000 0.000 0.75
2019-05-05_00:33:32 03095 11.584 170.000 1969.280 8.320 0.000 0.000 0.75
2019-05-05_00:33:33 03096 11.560 192.800 2228.768 8.312 0.000 0.000 0.75
2019-05-05_00:33:34 03097 11.584 170.000 1969.280 8.336 0.400 3.334 0.75
2019-05-05_00:33:35 03098 11.552 195.200 2254.950 8.344 0.000 0.000 0.75
2019-05-05_00:33:36 03099 11.576 169.200 1958.659 8.360 0.400 3.344 0.76
2019-05-05_00:33:37 03100 11.576 169.200 1958.659 8.376 0.400 3.350 0.76
2019-05-05_00:33:38 03101 11.576 172.000 1991.072 8.384 0.000 0.000 0.76
2019-05-05_00:33:39 03102 11.576 170.400 1972.550 8.392 0.400 3.357 0.76
2019-05-05_00:33:40 03103 11.576 168.400 1949.398 8.400 0.000 0.000 0.76
2019-05-05_00:33:41 03104 11.576 166.800 1930.877 8.408 0.000 0.000 0.75
2019-05-05_00:33:42 03105 11.584 168.800 1955.379 8.312 0.000 0.000 0.75
2019-05-05_00:33:43 03106 11.584 168.800 1955.379 8.320 0.000 0.000 0.75
2019-05-05_00:33:44 03107 11.576 170.400 1972.550 8.328 0.400 3.331 0.75
2019-05-05_00:33:45 03108 11.568 198.000 2290.464 8.328 0.000 0.000 0.75
2019-05-05_00:33:46 03109 11.576 170.800 1977.181 8.352 0.400 3.341 0.75
2019-05-05_00:33:47 03110 11.576 170.800 1977.181 8.360 0.000 0.000 0.76
2019-05-05_00:33:48 03111 11.576 170.400 1972.550 8.368 0.400 3.347 0.76
2019-05-05_00:33:49 03112 11.576 170.400 1972.550 8.384 0.000 0.000 0.76
2019-05-05_00:33:50 03113 11.552 195.200 2254.950 8.376 0.000 0.000 0.76
2019-05-05_00:33:51 03114 11.576 170.400 1972.550 8.400 0.000 0.000 0.76
2019-05-05_00:33:52 03115 11.576 170.400 1972.550 8.408 0.000 0.000 0.75
2019-05-05_00:33:53 03116 11.584 168.800 1955.379 8.304 0.000 0.000 0.75
2019-05-05_00:33:54 03117 11.584 170.000 1969.280 8.320 0.000 0.000 0.75
2019-05-05_00:33:55 03118 11.576 170.000 1967.920 8.312 0.000 0.000 0.75
2019-05-05_00:33:56 03119 11.584 170.000 1969.280 8.336 0.400 3.334 0.75
2019-05-05_00:33:57 03120 11.576 170.000 1967.920 8.352 0.400 3.341 0.75
2019-05-05_00:33:58 03121 11.552 193.600 2236.467 8.360 0.400 3.344 0.76
2019-05-05_00:33:59 03122 11.576 168.800 1954.029 8.368 0.400 3.347 0.76
2019-05-05_00:34:00 03123 11.576 170.400 1972.550 8.376 0.400 3.350 0.76
2019-05-05_00:34:01 03124 11.576 169.600 1963.290 8.392 0.400 3.357 0.76
2019-05-05_00:34:02 03125 11.576 167.600 1940.138 8.400 0.400 3.360 0.76
2019-05-05_00:34:03 03126 11.568 169.200 1957.306 8.408 0.000 0.000 0.75
2019-05-05_00:34:04 03127 11.584 169.600 1964.646 8.312 0.000 0.000 0.75
2019-05-05_00:34:05 03128 11.568 194.400 2248.819 8.304 0.000 0.000 0.75
2019-05-05_00:34:06 03129 11.584 169.200 1960.013 8.328 0.000 0.000 0.75
2019-05-05_00:34:07 03130 11.584 169.600 1964.646 8.336 0.400 3.334 0.75
2019-05-05_00:34:08 03131 11.576 166.400 1926.246 8.352 0.400 3.341 0.75