2019-05-05_22:29:54 03536 2.240 -0.800 -1.792 7.864 201.200 1582.237 0.00
2019-05-05_22:29:55 03537 2.240 -0.800 -1.792 7.864 193.600 1522.470 0.00
2019-05-05_22:29:56 03538 2.240 -0.800 -1.792 7.864 195.600 1538.198 0.00
2019-05-05_22:29:57 03539 2.240 -0.800 -1.792 7.864 193.600 1522.470 0.00
2019-05-05_22:29:58 03540 2.240 -0.800 -1.792 7.864 194.400 1528.762 0.00
2019-05-05_22:29:59 03541 2.240 -0.800 -1.792 7.856 194.000 1524.064 0.00
2019-05-05_22:30:00 03542 2.240 -0.800 -1.792 7.864 194.400 1528.762 0.00
2019-05-05_22:30:01 03543 2.240 -0.800 -1.792 7.864 194.400 1528.762 0.00
2019-05-05_22:30:02 03544 2.240 -0.800 -1.792 7.864 194.400 1528.762 0.00
2019-05-05_22:30:03 03545 2.240 -0.800 -1.792 7.864 194.000 1525.616 0.00
2019-05-05_22:30:04 03546 2.240 -0.800 -1.792 7.864 198.800 1563.363 0.00
2019-05-05_22:30:05 03547 2.240 -0.800 -1.792 7.864 198.400 1560.218 0.00
2019-05-05_22:30:06 03548 2.240 -0.800 -1.792 7.864 194.000 1525.616 0.00
2019-05-05_22:30:07 03549 2.240 -0.800 -1.792 7.856 194.000 1524.064 0.00
2019-05-05_22:30:08 03550 2.240 -0.800 -1.792 7.864 194.400 1528.762 0.00
2019-05-05_22:30:09 03551 2.240 -0.800 -1.792 7.864 193.600 1522.470 0.00
2019-05-05_22:30:10 03552 2.240 -0.800 -1.792 7.864 193.200 1519.325 0.00
2019-05-05_22:30:11 03553 2.240 -0.800 -1.792 7.864 202.400 1591.674 0.00
2019-05-05_22:30:12 03554 2.240 -0.800 -1.792 7.864 194.000 1525.616 0.00
2019-05-05_22:30:13 03555 2.240 -0.800 -1.792 7.864 194.000 1525.616 0.00
2019-05-05_22:30:14 03556 2.240 -0.800 -1.792 7.856 194.000 1524.064 0.00
2019-05-05_22:30:15 03557 2.240 -0.800 -1.792 7.864 194.000 1525.616 0.00
2019-05-05_22:30:16 03558 2.240 -0.800 -1.792 7.864 194.800 1531.907 0.00
2019-05-05_22:30:17 03559 2.240 -0.800 -1.792 7.864 194.000 1525.616 0.00
2019-05-05_22:30:18 03560 2.240 -0.800 -1.792 7.864 193.600 1522.470 0.00
2019-05-05_22:30:19 03561 2.240 -0.800 -1.792 7.864 194.400 1528.762 0.00
2019-05-05_22:30:20 03562 2.240 -0.800 -1.792 7.864 194.000 1525.616 0.00
2019-05-05_22:30:21 03563 2.240 -0.800 -1.792 7.864 194.800 1531.907 0.00
2019-05-05_22:30:22 03564 2.240 -0.800 -1.792 7.864 194.000 1525.616 0.00
2019-05-05_22:30:23 03565 2.240 -0.800 -1.792 7.864 194.000 1525.616 0.00
2019-05-05_22:30:24 03566 2.240 -0.800 -1.792 7.864 194.000 1525.616 0.00
2019-05-05_22:30:25 03567 2.240 -0.800 -1.792 7.864 193.600 1522.470 0.00
2019-05-05_22:30:26 03568 2.240 -0.800 -1.792 7.864 194.000 1525.616 0.00
2019-05-05_22:30:27 03569 2.240 -0.800 -1.792 7.848 218.400 1714.003 0.00
2019-05-05_22:30:28 03570 2.240 -0.800 -1.792 7.864 194.000 1525.616 0.00
2019-05-05_22:30:29 03571 2.240 -0.800 -1.792 7.864 194.000 1525.616 0.00
2019-05-05_22:30:30 03572 2.240 -0.800 -1.792 7.864 194.000 1525.616 0.00
2019-05-05_22:30:31 03573 2.240 -0.800 -1.792 7.864 193.200 1519.325 0.00
2019-05-05_22:30:32 03574 2.240 -0.800 -1.792 7.864 193.600 1522.470 0.00
2019-05-05_22:30:33 03575 2.240 -0.800 -1.792 7.864 193.600 1522.470 0.00
2019-05-05_22:30:34 03576 2.240 -0.800 -1.792 7.848 194.000 1522.512 0.00
2019-05-05_22:30:35 03577 2.240 -0.800 -1.792 7.864 194.000 1525.616 0.00
2019-05-05_22:30:36 03578 2.240 -0.800 -1.792 7.864 194.000 1525.616 0.00
2019-05-05_22:30:37 03579 2.240 -0.800 -1.792 7.864 195.200 1535.053 0.00
2019-05-05_22:30:38 03580 2.240 -0.800 -1.792 7.856 195.200 1533.491 0.00
2019-05-05_22:30:39 03581 2.240 -0.800 -1.792 7.864 193.200 1519.325 0.00
2019-05-05_22:30:40 03582 2.240 -0.800 -1.792 7.864 194.000 1525.616 0.00
2019-05-05_22:30:41 03583 2.240 -0.800 -1.792 7.848 218.400 1714.003 0.00
2019-05-05_22:30:42 03584 2.240 -0.800 -1.792 7.856 193.600 1520.922 0.00
2019-05-05_22:30:43 03585 2.240 -0.800 -1.792 7.864 194.000 1525.616 0.00
2019-05-05_22:30:44 03586 2.240 -0.800 -1.792 7.864 194.000 1525.616 0.00
2019-05-05_22:30:45 03587 2.240 -0.800 -1.792 7.864 194.000 1525.616 0.00
2019-05-05_22:30:46 03588 2.240 -0.800 -1.792 7.856 196.000 1539.776 0.00
2019-05-05_22:30:47 03589 2.240 -0.800 -1.792 7.864 193.600 1522.470 0.00
2019-05-05_22:30:48 03590 2.240 -0.800 -1.792 7.864 194.000 1525.616 0.00
2019-05-05_22:30:49 03591 2.240 -0.800 -1.792 7.864 193.200 1519.325 0.00
2019-05-05_22:30:50 03592 2.240 -0.800 -1.792 7.864 194.000 1525.616 0.00
2019-05-05_22:30:51 03593 2.240 -0.800 -1.792 7.864 194.800 1531.907 0.00
2019-05-05_22:30:52 03594 2.240 -0.800 -1.792 7.864 194.400 1528.762 0.00
2019-05-05_22:30:53 03595 2.240 -0.400 -0.896 7.864 193.600 1522.470 0.00
2019-05-05_22:30:54 03596 2.240 -0.800 -1.792 7.864 194.000 1525.616 0.00
2019-05-05_22:30:55 03597 2.240 -0.800 -1.792 7.864 193.600 1522.470 0.00
2019-05-05_22:30:56 03598 2.240 -0.800 -1.792 7.864 194.400 1528.762 0.00
2019-05-05_22:30:57 03599 2.240 -0.800 -1.792 7.864 194.400 1528.762 0.00
2019-05-05_22:30:58 03600 2.240 -0.800 -1.792 7.864 193.200 1519.325 0.00
2019-05-05_22:30:59 03601 2.240 -0.800 -1.792 7.864 194.400 1528.762 0.00
2019-05-05_22:31:00 03602 2.240 -0.800 -1.792 7.864 195.600 1538.198 0.00
2019-05-05_22:31:01 03603 2.240 -0.800 -1.792 7.864 193.200 1519.325 0.00
2019-05-05_22:31:02 03604 2.240 -0.800 -1.792 7.864 194.000 1525.616 0.00
2019-05-05_22:31:03 03605 2.240 -0.800 -1.792 7.856 194.000 1524.064 0.00
2019-05-05_22:31:04 03606 2.240 -0.800 -1.792 7.864 194.800 1531.907 0.00
2019-05-05_22:31:05 03607 2.240 -0.800 -1.792 7.864 193.600 1522.470 0.00
2019-05-05_22:31:06 03608 2.240 -0.400 -0.896 7.864 194.400 1528.762 0.00
2019-05-05_22:31:07 03609 2.240 -0.800 -1.792 7.864 194.000 1525.616 0.00
2019-05-05_22:31:08 03610 2.240 -0.400 -0.896 7.864 204.000 1604.256 0.00
2019-05-05_22:31:09 03611 2.240 -0.800 -1.792 7.864 194.000 1525.616 0.00
2019-05-05_22:31:10 03612 2.240 -0.800 -1.792 7.864 194.800 1531.907 0.00
2019-05-05_22:31:11 03613 2.240 -0.800 -1.792 7.840 227.600 1784.384 0.00
2019-05-05_22:31:12 03614 2.240 -0.800 -1.792 7.848 194.000 1522.512 0.00
2019-05-05_22:31:13 03615 2.240 -0.800 -1.792 7.864 194.400 1528.762 0.00
2019-05-05_22:31:14 03616 2.240 -0.800 -1.792 7.864 194.000 1525.616 0.00
2019-05-05_22:31:15 03617 2.240 -0.800 -1.792 7.864 194.000 1525.616 0.00
2019-05-05_22:31:16 03618 2.240 -0.800 -1.792 7.848 194.400 1525.651 0.00
2019-05-05_22:31:17 03619 2.240 -0.800 -1.792 7.864 194.400 1528.762 0.00
2019-05-05_22:31:18 03620 2.240 -0.800 -1.792 7.864 194.000 1525.616 0.00
2019-05-05_22:31:19 03621 2.240 -0.800 -1.792 7.864 194.000 1525.616 0.00
2019-05-05_22:31:20 03622 2.240 -0.800 -1.792 7.856 193.600 1520.922 0.00
2019-05-05_22:31:21 03623 2.240 -0.800 -1.792 7.864 194.000 1525.616 0.00
2019-05-05_22:31:22 03624 2.240 -0.800 -1.792 7.856 194.400 1527.206 0.00
2019-05-05_22:31:23 03625 2.240 -0.800 -1.792 7.856 194.400 1527.206 0.00
2019-05-05_22:31:24 03626 2.240 -0.800 -1.792 7.864 194.000 1525.616 0.00
2019-05-05_22:31:25 03627 2.240 -0.800 -1.792 7.864 194.000 1525.616 0.00
2019-05-05_22:31:26 03628 2.240 -0.800 -1.792 7.864 201.600 1585.382 0.00
2019-05-05_22:31:27 03629 2.240 -0.800 -1.792 7.840 218.400 1712.256 0.00
2019-05-05_22:31:28 03630 2.240 -0.800 -1.792 7.864 193.600 1522.470 0.00
2019-05-05_22:31:29 03631 2.240 -0.800 -1.792 7.848 196.000 1538.208 0.00
2019-05-05_22:31:30 03632 2.240 -0.800 -1.792 7.864 194.000 1525.616 0.00
2019-05-05_22:31:31 03633 2.240 -0.800 -1.792 7.864 193.600 1522.470 0.00
2019-05-05_22:31:32 03634 2.240 -0.800 -1.792 7.864 194.000 1525.616 0.00
2019-05-05_22:31:33 03635 2.240 -0.800 -1.792 7.864 194.400 1528.762 0.00
2019-05-05_22:31:34 03636 2.240 -0.800 -1.792 7.864 195.200 1535.053 0.00