2019-05-05_22:14:44 02627 2.240 -0.800 -1.792 7.896 193.200 1525.507 0.00
2019-05-05_22:14:45 02628 2.240 -0.800 -1.792 7.896 193.600 1528.666 0.00
2019-05-05_22:14:46 02629 2.240 -0.800 -1.792 7.896 201.600 1591.834 0.00
2019-05-05_22:14:47 02630 2.240 -0.800 -1.792 7.904 192.400 1520.730 0.00
2019-05-05_22:14:48 02631 2.240 -0.800 -1.792 7.896 194.800 1538.141 0.00
2019-05-05_22:14:49 02632 2.240 -0.800 -1.792 7.888 194.000 1530.272 0.00
2019-05-05_22:14:50 02633 2.240 -0.800 -1.792 7.896 192.800 1522.349 0.00
2019-05-05_22:14:51 02634 2.240 -0.800 -1.792 7.896 193.200 1525.507 0.00
2019-05-05_22:14:52 02635 2.240 -0.800 -1.792 7.896 193.600 1528.666 0.00
2019-05-05_22:14:53 02636 2.240 -0.800 -1.792 7.896 193.200 1525.507 0.00
2019-05-05_22:14:54 02637 2.240 -0.800 -1.792 7.896 193.200 1525.507 0.00
2019-05-05_22:14:55 02638 2.240 -0.800 -1.792 7.896 193.600 1528.666 0.00
2019-05-05_22:14:56 02639 2.240 -0.800 -1.792 7.896 205.200 1620.259 0.00
2019-05-05_22:14:57 02640 2.240 -0.800 -1.792 7.896 193.200 1525.507 0.00
2019-05-05_22:14:58 02641 2.240 -0.800 -1.792 7.896 193.200 1525.507 0.00
2019-05-05_22:14:59 02642 2.240 -0.800 -1.792 7.896 194.400 1534.982 0.00
2019-05-05_22:15:00 02643 2.240 -0.800 -1.792 7.896 193.600 1528.666 0.00
2019-05-05_22:15:01 02644 2.240 -0.800 -1.792 7.896 193.600 1528.666 0.00
2019-05-05_22:15:02 02645 2.240 -0.800 -1.792 7.896 193.600 1528.666 0.00
2019-05-05_22:15:03 02646 2.240 -0.800 -1.792 7.896 193.200 1525.507 0.00
2019-05-05_22:15:04 02647 2.240 -0.800 -1.792 7.896 193.200 1525.507 0.00
2019-05-05_22:15:05 02648 2.240 -0.800 -1.792 7.896 193.200 1525.507 0.00
2019-05-05_22:15:06 02649 2.240 -0.800 -1.792 7.896 193.200 1525.507 0.00
2019-05-05_22:15:07 02650 2.240 -0.800 -1.792 7.896 202.400 1598.150 0.00
2019-05-05_22:15:08 02651 2.240 -0.800 -1.792 7.896 193.600 1528.666 0.00
2019-05-05_22:15:09 02652 2.240 -0.800 -1.792 7.896 193.200 1525.507 0.00
2019-05-05_22:15:10 02653 2.240 -0.800 -1.792 7.896 193.600 1528.666 0.00
2019-05-05_22:15:11 02654 2.240 -0.800 -1.792 7.896 193.600 1528.666 0.00
2019-05-05_22:15:12 02655 2.240 -0.800 -1.792 7.896 193.600 1528.666 0.00
2019-05-05_22:15:13 02656 2.240 -0.800 -1.792 7.896 198.400 1566.566 0.00
2019-05-05_22:15:14 02657 2.240 -0.800 -1.792 7.896 193.200 1525.507 0.00
2019-05-05_22:15:15 02658 2.240 -0.800 -1.792 7.896 193.600 1528.666 0.00
2019-05-05_22:15:16 02659 2.240 -0.800 -1.792 7.896 192.800 1522.349 0.00
2019-05-05_22:15:17 02660 2.240 -0.800 -1.792 7.896 192.800 1522.349 0.00
2019-05-05_22:15:18 02661 2.240 -0.800 -1.792 7.896 194.000 1531.824 0.00
2019-05-05_22:15:19 02662 2.240 -0.800 -1.792 7.896 194.000 1531.824 0.00
2019-05-05_22:15:20 02663 2.240 -0.800 -1.792 7.896 193.600 1528.666 0.00
2019-05-05_22:15:21 02664 2.240 -0.800 -1.792 7.896 193.200 1525.507 0.00
2019-05-05_22:15:22 02665 2.240 -0.800 -1.792 7.896 193.600 1528.666 0.00
2019-05-05_22:15:23 02666 2.240 -0.800 -1.792 7.896 192.800 1522.349 0.00
2019-05-05_22:15:24 02667 2.240 -0.800 -1.792 7.896 193.200 1525.507 0.00
2019-05-05_22:15:25 02668 2.240 -0.800 -1.792 7.888 193.200 1523.962 0.00
2019-05-05_22:15:26 02669 2.240 -0.800 -1.792 7.896 193.200 1525.507 0.00
2019-05-05_22:15:27 02670 2.240 -0.800 -1.792 7.880 217.200 1711.536 0.00
2019-05-05_22:15:28 02671 2.240 -0.800 -1.792 7.896 239.200 1888.723 0.00
2019-05-05_22:15:29 02672 2.240 -0.800 -1.792 7.896 194.000 1531.824 0.00
2019-05-05_22:15:30 02673 2.240 -0.800 -1.792 7.896 193.200 1525.507 0.00
2019-05-05_22:15:31 02674 2.240 -0.800 -1.792 7.896 193.200 1525.507 0.00
2019-05-05_22:15:32 02675 2.240 -0.800 -1.792 7.896 193.600 1528.666 0.00
2019-05-05_22:15:33 02676 2.240 -0.800 -1.792 7.840 253.600 1988.224 0.00
2019-05-05_22:15:34 02677 2.240 -0.800 -1.792 7.896 192.800 1522.349 0.00
2019-05-05_22:15:35 02678 2.240 -0.800 -1.792 7.896 192.800 1522.349 0.00
2019-05-05_22:15:36 02679 2.240 -0.800 -1.792 7.896 193.200 1525.507 0.00
2019-05-05_22:15:37 02680 2.240 -0.800 -1.792 7.896 193.600 1528.666 0.00
2019-05-05_22:15:38 02681 2.240 -0.800 -1.792 7.896 218.800 1727.645 0.00
2019-05-05_22:15:39 02682 2.240 -0.800 -1.792 7.896 192.800 1522.349 0.00
2019-05-05_22:15:40 02683 2.240 -0.800 -1.792 7.896 192.800 1522.349 0.00
2019-05-05_22:15:41 02684 2.240 -0.800 -1.792 7.880 193.600 1525.568 0.00
2019-05-05_22:15:42 02685 2.240 -0.800 -1.792 7.896 193.200 1525.507 0.00
2019-05-05_22:15:43 02686 2.240 -0.800 -1.792 7.896 194.400 1534.982 0.00
2019-05-05_22:15:44 02687 2.240 -0.800 -1.792 7.896 193.200 1525.507 0.00
2019-05-05_22:15:45 02688 2.240 -0.800 -1.792 7.896 194.000 1531.824 0.00
2019-05-05_22:15:46 02689 2.240 -0.800 -1.792 7.896 193.200 1525.507 0.00
2019-05-05_22:15:47 02690 2.240 -0.800 -1.792 7.896 193.200 1525.507 0.00
2019-05-05_22:15:48 02691 2.240 -0.800 -1.792 7.896 193.600 1528.666 0.00
2019-05-05_22:15:49 02692 2.240 -0.800 -1.792 7.888 194.400 1533.427 0.00
2019-05-05_22:15:50 02693 2.240 -0.800 -1.792 7.896 193.200 1525.507 0.00
2019-05-05_22:15:51 02694 2.240 -0.800 -1.792 7.896 193.200 1525.507 0.00
2019-05-05_22:15:52 02695 2.240 -0.800 -1.792 7.896 194.000 1531.824 0.00
2019-05-05_22:15:53 02696 2.240 -0.800 -1.792 7.896 193.600 1528.666 0.00
2019-05-05_22:15:54 02697 2.240 -0.800 -1.792 7.896 193.600 1528.666 0.00
2019-05-05_22:15:55 02698 2.240 -0.800 -1.792 7.896 193.600 1528.666 0.00
2019-05-05_22:15:56 02699 2.240 -0.800 -1.792 7.896 193.200 1525.507 0.00
2019-05-05_22:15:57 02700 2.240 -0.800 -1.792 7.896 193.200 1525.507 0.00
2019-05-05_22:15:58 02701 2.240 -0.800 -1.792 7.896 194.000 1531.824 0.00
2019-05-05_22:15:59 02702 2.240 -0.800 -1.792 7.896 193.600 1528.666 0.00
2019-05-05_22:16:00 02703 2.240 -0.800 -1.792 7.896 193.600 1528.666 0.00
2019-05-05_22:16:01 02704 2.240 -0.800 -1.792 7.896 195.600 1544.458 0.00
2019-05-05_22:16:02 02705 2.240 -0.800 -1.792 7.896 194.400 1534.982 0.00
2019-05-05_22:16:03 02706 2.240 -0.800 -1.792 7.880 217.600 1714.688 0.00
2019-05-05_22:16:04 02707 2.240 -0.800 -1.792 7.896 193.200 1525.507 0.00
2019-05-05_22:16:05 02708 2.240 -0.800 -1.792 7.888 193.200 1523.962 0.00
2019-05-05_22:16:06 02709 2.240 -0.800 -1.792 7.896 193.200 1525.507 0.00
2019-05-05_22:16:07 02710 2.240 -0.800 -1.792 7.896 192.800 1522.349 0.00
2019-05-05_22:16:08 02711 2.240 -0.800 -1.792 7.896 193.600 1528.666 0.00
2019-05-05_22:16:09 02712 2.240 -0.800 -1.792 7.896 202.800 1601.309 0.00
2019-05-05_22:16:10 02713 2.240 -0.800 -1.792 7.896 193.200 1525.507 0.00
2019-05-05_22:16:11 02714 2.240 -0.800 -1.792 7.896 193.200 1525.507 0.00
2019-05-05_22:16:12 02715 2.240 -0.800 -1.792 7.896 193.200 1525.507 0.00
2019-05-05_22:16:13 02716 2.240 -0.800 -1.792 7.880 193.200 1522.416 0.00
2019-05-05_22:16:14 02717 2.240 -0.800 -1.792 7.896 193.600 1528.666 0.00
2019-05-05_22:16:15 02718 2.240 -0.800 -1.792 7.896 193.200 1525.507 0.00
2019-05-05_22:16:16 02719 2.240 -0.800 -1.792 7.896 193.200 1525.507 0.00
2019-05-05_22:16:17 02720 2.240 -0.800 -1.792 7.896 193.200 1525.507 0.00
2019-05-05_22:16:18 02721 2.240 -0.800 -1.792 7.896 193.200 1525.507 0.00
2019-05-05_22:16:19 02722 2.240 -0.800 -1.792 7.896 193.200 1525.507 0.00
2019-05-05_22:16:20 02723 2.240 -0.800 -1.792 7.896 193.200 1525.507 0.00
2019-05-05_22:16:21 02724 2.240 -0.800 -1.792 7.896 193.200 1525.507 0.00
2019-05-05_22:16:22 02725 2.240 -0.800 -1.792 7.896 192.800 1522.349 0.00
2019-05-05_22:16:23 02726 2.240 -0.800 -1.792 7.896 192.800 1522.349 0.00
2019-05-05_22:16:24 02727 2.240 -0.800 -1.792 7.896 192.800 1522.349 0.00