2019-05-05_22:33:16 03738 2.240 -0.800 -1.792 7.848 194.000 1522.512 0.00
2019-05-05_22:33:17 03739 2.240 -0.800 -1.792 7.856 194.000 1524.064 0.00
2019-05-05_22:33:18 03740 2.240 -0.800 -1.792 7.856 194.000 1524.064 0.00
2019-05-05_22:33:19 03741 2.240 -0.800 -1.792 7.848 194.400 1525.651 0.00
2019-05-05_22:33:20 03742 2.240 -0.800 -1.792 7.856 197.600 1552.346 0.00
2019-05-05_22:33:21 03743 2.240 -0.800 -1.792 7.856 194.800 1530.349 0.00
2019-05-05_22:33:22 03744 2.240 -0.800 -1.792 7.856 194.400 1527.206 0.00
2019-05-05_22:33:23 03745 2.240 -0.800 -1.792 7.856 194.000 1524.064 0.00
2019-05-05_22:33:24 03746 2.240 -0.800 -1.792 7.856 194.000 1524.064 0.00
2019-05-05_22:33:25 03747 2.240 -0.800 -1.792 7.856 194.400 1527.206 0.00
2019-05-05_22:33:26 03748 2.240 -0.800 -1.792 7.856 194.400 1527.206 0.00
2019-05-05_22:33:27 03749 2.240 -0.800 -1.792 7.832 218.400 1710.509 0.00
2019-05-05_22:33:28 03750 2.240 -0.800 -1.792 7.856 194.000 1524.064 0.00
2019-05-05_22:33:29 03751 2.240 -0.800 -1.792 7.856 194.000 1524.064 0.00
2019-05-05_22:33:30 03752 2.240 -0.800 -1.792 7.848 193.600 1519.373 0.00
2019-05-05_22:33:31 03753 2.240 -0.800 -1.792 7.856 194.000 1524.064 0.00
2019-05-05_22:33:32 03754 2.240 -0.800 -1.792 7.856 194.400 1527.206 0.00
2019-05-05_22:33:33 03755 2.240 -0.800 -1.792 7.856 194.400 1527.206 0.00
2019-05-05_22:33:34 03756 2.240 -0.800 -1.792 7.856 194.400 1527.206 0.00
2019-05-05_22:33:35 03757 2.240 -0.800 -1.792 7.856 194.000 1524.064 0.00
2019-05-05_22:33:36 03758 2.240 -0.800 -1.792 7.856 194.000 1524.064 0.00
2019-05-05_22:33:37 03759 2.240 -0.800 -1.792 7.856 194.000 1524.064 0.00
2019-05-05_22:33:38 03760 2.240 -0.800 -1.792 7.856 195.200 1533.491 0.00
2019-05-05_22:33:39 03761 2.240 -0.800 -1.792 7.856 194.000 1524.064 0.00
2019-05-05_22:33:40 03762 2.240 -0.800 -1.792 7.856 194.400 1527.206 0.00
2019-05-05_22:33:41 03763 2.240 -0.800 -1.792 7.856 193.600 1520.922 0.00
2019-05-05_22:33:42 03764 2.240 -0.800 -1.792 7.840 218.400 1712.256 0.00
2019-05-05_22:33:43 03765 2.240 -0.800 -1.792 7.856 194.400 1527.206 0.00
2019-05-05_22:33:44 03766 2.240 -0.400 -0.896 7.856 194.400 1527.206 0.00
2019-05-05_22:33:45 03767 2.240 -0.400 -0.896 7.856 194.400 1527.206 0.00
2019-05-05_22:33:46 03768 2.240 -0.800 -1.792 7.856 194.800 1530.349 0.00
2019-05-05_22:33:47 03769 2.240 -0.800 -1.792 7.856 194.000 1524.064 0.00
2019-05-05_22:33:48 03770 2.240 -0.800 -1.792 7.856 197.200 1549.203 0.00
2019-05-05_22:33:49 03771 2.240 -0.800 -1.792 7.856 193.600 1520.922 0.00
2019-05-05_22:33:50 03772 2.240 -0.800 -1.792 7.856 194.000 1524.064 0.00
2019-05-05_22:33:51 03773 2.240 -0.800 -1.792 7.848 194.400 1525.651 0.00
2019-05-05_22:33:52 03774 2.240 -0.800 -1.792 7.856 194.000 1524.064 0.00
2019-05-05_22:33:53 03775 2.240 -0.800 -1.792 7.856 195.600 1536.634 0.00
2019-05-05_22:33:54 03776 2.240 -0.800 -1.792 7.840 198.400 1555.456 0.00
2019-05-05_22:33:55 03777 2.240 -0.800 -1.792 7.856 194.000 1524.064 0.00
2019-05-05_22:33:56 03778 2.240 -0.800 -1.792 7.856 193.600 1520.922 0.00
2019-05-05_22:33:57 03779 2.240 -0.800 -1.792 7.856 194.400 1527.206 0.00
2019-05-05_22:33:58 03780 2.240 -0.800 -1.792 7.856 194.000 1524.064 0.00
2019-05-05_22:33:59 03781 2.240 -0.800 -1.792 7.856 194.400 1527.206 0.00
2019-05-05_22:34:00 03782 2.240 -0.800 -1.792 7.856 194.000 1524.064 0.00
2019-05-05_22:34:01 03783 2.240 -0.800 -1.792 7.848 194.000 1522.512 0.00
2019-05-05_22:34:02 03784 2.240 -0.800 -1.792 7.856 194.000 1524.064 0.00
2019-05-05_22:34:03 03785 2.240 -0.800 -1.792 7.856 194.000 1524.064 0.00
2019-05-05_22:34:04 03786 2.240 -0.800 -1.792 7.848 194.000 1522.512 0.00
2019-05-05_22:34:05 03787 2.240 -0.800 -1.792 7.856 194.400 1527.206 0.00
2019-05-05_22:34:06 03788 2.240 -0.800 -1.792 7.856 194.000 1524.064 0.00
2019-05-05_22:34:07 03789 2.240 -0.800 -1.792 7.856 194.000 1524.064 0.00
2019-05-05_22:34:08 03790 2.240 -0.800 -1.792 7.856 193.600 1520.922 0.00
2019-05-05_22:34:09 03791 2.240 -0.800 -1.792 7.856 194.000 1524.064 0.00
2019-05-05_22:34:10 03792 2.240 -0.800 -1.792 7.856 194.000 1524.064 0.00
2019-05-05_22:34:11 03793 2.240 -0.800 -1.792 7.856 194.000 1524.064 0.00
2019-05-05_22:34:12 03794 2.240 -0.800 -1.792 7.816 220.400 1722.646 0.00
2019-05-05_22:34:13 03795 2.240 -0.800 -1.792 7.856 194.000 1524.064 0.00
2019-05-05_22:34:14 03796 2.240 -0.800 -1.792 7.856 194.000 1524.064 0.00
2019-05-05_22:34:15 03797 2.240 -0.800 -1.792 7.856 194.400 1527.206 0.00
2019-05-05_22:34:16 03798 2.240 -0.800 -1.792 7.856 194.000 1524.064 0.00
2019-05-05_22:34:17 03799 2.240 -0.800 -1.792 7.856 194.800 1530.349 0.00
2019-05-05_22:34:18 03800 2.240 -0.800 -1.792 7.856 194.400 1527.206 0.00
2019-05-05_22:34:19 03801 2.240 -0.800 -1.792 7.856 198.000 1555.488 0.00
2019-05-05_22:34:20 03802 2.240 -0.800 -1.792 7.856 194.000 1524.064 0.00
2019-05-05_22:34:21 03803 2.240 -0.400 -0.896 7.848 194.400 1525.651 0.00
2019-05-05_22:34:22 03804 2.240 -0.800 -1.792 7.856 194.800 1530.349 0.00
2019-05-05_22:34:23 03805 2.240 -0.800 -1.792 7.856 194.400 1527.206 0.00
2019-05-05_22:34:24 03806 2.240 -0.800 -1.792 7.856 194.400 1527.206 0.00
2019-05-05_22:34:25 03807 2.240 -0.800 -1.792 7.848 195.200 1531.930 0.00
2019-05-05_22:34:26 03808 2.240 -0.800 -1.792 7.856 205.200 1612.051 0.00
2019-05-05_22:34:27 03809 2.240 -0.800 -1.792 7.832 218.400 1710.509 0.00
2019-05-05_22:34:28 03810 2.240 -0.800 -1.792 7.856 194.000 1524.064 0.00
2019-05-05_22:34:29 03811 2.240 -0.800 -1.792 7.840 194.400 1524.096 0.00
2019-05-05_22:34:30 03812 2.240 -0.800 -1.792 7.856 194.400 1527.206 0.00
2019-05-05_22:34:31 03813 2.240 -0.800 -1.792 7.856 194.000 1524.064 0.00
2019-05-05_22:34:32 03814 2.240 -0.800 -1.792 7.856 194.000 1524.064 0.00
2019-05-05_22:34:33 03815 2.240 -0.800 -1.792 7.856 194.000 1524.064 0.00
2019-05-05_22:34:34 03816 2.240 -0.800 -1.792 7.856 194.000 1524.064 0.00
2019-05-05_22:34:35 03817 2.240 -0.800 -1.792 7.856 193.600 1520.922 0.00
2019-05-05_22:34:36 03818 2.240 -0.800 -1.792 7.856 194.400 1527.206 0.00
2019-05-05_22:34:37 03819 2.240 -0.800 -1.792 7.848 194.000 1522.512 0.00
2019-05-05_22:34:38 03820 2.240 -0.800 -1.792 7.856 194.800 1530.349 0.00
2019-05-05_22:34:39 03821 2.240 -0.800 -1.792 7.856 194.000 1524.064 0.00
2019-05-05_22:34:40 03822 2.240 -0.400 -0.896 7.848 194.000 1522.512 0.00
2019-05-05_22:34:41 03823 2.240 -0.800 -1.792 7.856 194.000 1524.064 0.00
2019-05-05_22:34:42 03824 2.240 -0.800 -1.792 7.856 194.800 1530.349 0.00
2019-05-05_22:34:43 03825 2.240 -0.800 -1.792 7.856 194.000 1524.064 0.00
2019-05-05_22:34:44 03826 2.240 -0.800 -1.792 7.856 194.400 1527.206 0.00
2019-05-05_22:34:45 03827 2.240 -0.800 -1.792 7.856 193.600 1520.922 0.00
2019-05-05_22:34:46 03828 2.240 -0.800 -1.792 7.856 194.000 1524.064 0.00
2019-05-05_22:34:47 03829 2.240 -0.800 -1.792 7.856 194.400 1527.206 0.00
2019-05-05_22:34:48 03830 2.240 -0.800 -1.792 7.856 194.000 1524.064 0.00
2019-05-05_22:34:49 03831 2.240 -0.800 -1.792 7.856 194.800 1530.349 0.00
2019-05-05_22:34:50 03832 2.240 -0.800 -1.792 7.856 197.200 1549.203 0.00
2019-05-05_22:34:51 03833 2.240 -0.800 -1.792 7.856 197.600 1552.346 0.00
2019-05-05_22:34:52 03834 2.240 -0.800 -1.792 7.856 193.200 1517.779 0.00
2019-05-05_22:34:53 03835 2.240 -0.800 -1.792 7.848 194.400 1525.651 0.00
2019-05-05_22:34:54 03836 2.240 -0.800 -1.792 7.856 194.400 1527.206 0.00
2019-05-05_22:34:55 03837 2.240 -0.800 -1.792 7.856 194.800 1530.349 0.00
2019-05-05_22:34:56 03838 2.240 -0.800 -1.792 7.856 195.200 1533.491 0.00