2019-05-05_01:21:22 05960 11.584 170.400 1973.914 8.312 0.400 3.325 0.75
2019-05-05_01:21:23 05961 11.584 169.600 1964.646 8.328 0.400 3.331 0.75
2019-05-05_01:21:24 05962 11.584 169.600 1964.646 8.336 0.400 3.334 0.75
2019-05-05_01:21:25 05963 11.576 168.000 1944.768 8.352 0.400 3.341 0.75
2019-05-05_01:21:26 05964 11.552 190.400 2199.501 8.344 0.400 3.338 0.76
2019-05-05_01:21:27 05965 11.576 170.800 1977.181 8.368 0.400 3.347 0.76
2019-05-05_01:21:28 05966 11.576 168.400 1949.398 8.376 0.000 0.000 0.76
2019-05-05_01:21:29 05967 11.576 166.000 1921.616 8.392 0.400 3.357 0.76
2019-05-05_01:21:30 05968 11.560 197.600 2284.256 8.384 0.400 3.354 0.76
2019-05-05_01:21:31 05969 11.552 194.400 2245.709 8.400 0.000 0.000 0.76
2019-05-05_01:21:32 05970 11.576 168.400 1949.398 8.424 0.400 3.370 0.75
2019-05-05_01:21:33 05971 11.584 171.200 1983.181 8.312 0.400 3.325 0.75
2019-05-05_01:21:34 05972 11.584 170.400 1973.914 8.328 0.400 3.331 0.75
2019-05-05_01:21:35 05973 11.584 168.400 1950.746 8.336 0.400 3.334 0.75
2019-05-05_01:21:36 05974 11.560 198.400 2293.504 8.336 0.000 0.000 0.75
2019-05-05_01:21:37 05975 11.576 169.600 1963.290 8.360 0.400 3.344 0.76
2019-05-05_01:21:38 05976 11.576 171.200 1981.811 8.368 0.400 3.347 0.76
2019-05-05_01:21:39 05977 11.576 170.400 1972.550 8.376 0.000 0.000 0.76
2019-05-05_01:21:40 05978 11.576 169.600 1963.290 8.392 0.400 3.357 0.76
2019-05-05_01:21:41 05979 11.552 196.000 2264.192 8.384 0.400 3.354 0.76
2019-05-05_01:21:42 05980 11.568 169.600 1961.933 8.408 0.000 0.000 0.75
2019-05-05_01:21:43 05981 11.584 168.800 1955.379 8.304 0.000 0.000 0.75
2019-05-05_01:21:44 05982 11.584 169.200 1960.013 8.312 0.000 0.000 0.75
2019-05-05_01:21:45 05983 11.584 169.200 1960.013 8.328 0.400 3.331 0.75
2019-05-05_01:21:46 05984 11.560 199.200 2302.752 8.328 0.400 3.331 0.75
2019-05-05_01:21:47 05985 11.576 170.400 1972.550 8.344 0.000 0.000 0.75
2019-05-05_01:21:48 05986 11.576 167.200 1935.507 8.360 0.400 3.344 0.76
2019-05-05_01:21:49 05987 11.576 170.800 1977.181 8.368 0.400 3.347 0.76
2019-05-05_01:21:50 05988 11.576 170.000 1967.920 8.384 0.400 3.354 0.76
2019-05-05_01:21:51 05989 11.568 173.200 2003.578 8.376 0.400 3.350 0.76
2019-05-05_01:21:52 05990 11.576 169.600 1963.290 8.400 0.000 0.000 0.76
2019-05-05_01:21:53 05991 11.568 170.000 1966.560 8.408 0.000 0.000 0.75
2019-05-05_01:21:54 05992 11.584 169.600 1964.646 8.304 0.000 0.000 0.75
2019-05-05_01:21:55 05993 11.584 170.400 1973.914 8.312 0.000 0.000 0.75
2019-05-05_01:21:56 05994 11.560 197.600 2284.256 8.312 0.000 0.000 0.75
2019-05-05_01:21:57 05995 11.576 169.200 1958.659 8.336 0.000 0.000 0.75
2019-05-05_01:21:58 05996 11.584 170.400 1973.914 8.352 0.400 3.341 0.75
2019-05-05_01:21:59 05997 11.576 170.000 1967.920 8.360 0.400 3.344 0.76
2019-05-05_01:22:00 05998 11.576 169.200 1958.659 8.368 0.400 3.347 0.76
2019-05-05_01:22:01 05999 11.576 170.000 1967.920 8.376 0.000 0.000 0.76
2019-05-05_01:22:02 06000 11.576 170.000 1967.920 8.392 0.000 0.000 0.76
2019-05-05_01:22:03 06001 11.576 170.000 1967.920 8.400 0.000 0.000 0.76
2019-05-05_01:22:04 06002 11.568 170.800 1975.814 8.416 0.000 0.000 0.75
2019-05-05_01:22:05 06003 11.584 170.000 1969.280 8.304 0.000 0.000 0.75
2019-05-05_01:22:06 06004 11.560 196.400 2270.384 8.296 0.000 0.000 0.77
2019-05-05_01:22:07 06005 11.576 169.200 1958.659 8.568 0.400 3.427 0.76
2019-05-05_01:22:08 06006 11.576 170.400 1972.550 8.416 0.400 3.366 0.75
2019-05-05_01:22:09 06007 11.584 169.600 1964.646 8.312 0.000 0.000 0.75
2019-05-05_01:22:10 06008 11.584 167.200 1936.845 8.328 0.400 3.331 0.75
2019-05-05_01:22:11 06009 11.560 194.800 2251.888 8.320 0.400 3.328 0.75
2019-05-05_01:22:12 06010 11.584 168.800 1955.379 8.352 0.400 3.341 0.75
2019-05-05_01:22:13 06011 11.576 170.400 1972.550 8.360 0.000 0.000 0.76
2019-05-05_01:22:14 06012 11.576 169.600 1963.290 8.368 0.400 3.347 0.76
2019-05-05_01:22:15 06013 11.576 170.400 1972.550 8.376 0.400 3.350 0.76
2019-05-05_01:22:16 06014 11.552 189.200 2185.638 8.376 0.000 0.000 0.76
2019-05-05_01:22:17 06015 11.576 170.000 1967.920 8.400 0.000 0.000 0.76
2019-05-05_01:22:18 06016 11.576 168.800 1954.029 8.408 0.400 3.363 0.75
2019-05-05_01:22:19 06017 11.584 168.800 1955.379 8.304 0.000 0.000 0.75
2019-05-05_01:22:20 06018 11.584 170.000 1969.280 8.320 0.000 0.000 0.75
2019-05-05_01:22:21 06019 11.560 198.400 2293.504 8.312 0.000 0.000 0.75
2019-05-05_01:22:22 06020 11.576 170.400 1972.550 8.336 0.400 3.334 0.75
2019-05-05_01:22:23 06021 11.576 158.000 1829.008 8.352 0.400 3.341 0.75
2019-05-05_01:22:24 06022 11.576 170.000 1967.920 8.360 0.000 0.000 0.76
2019-05-05_01:22:25 06023 11.576 169.200 1958.659 8.368 0.000 0.000 0.76
2019-05-05_01:22:26 06024 11.552 192.800 2227.226 8.376 0.400 3.350 0.76
2019-05-05_01:22:27 06025 11.576 169.600 1963.290 8.392 0.400 3.357 0.76
2019-05-05_01:22:28 06026 11.576 169.200 1958.659 8.400 0.400 3.360 0.76
2019-05-05_01:22:29 06027 11.576 170.800 1977.181 8.416 0.000 0.000 0.75
2019-05-05_01:22:30 06028 11.560 198.400 2293.504 8.288 0.400 3.315 0.77
2019-05-05_01:22:31 06029 11.544 195.200 2253.389 8.552 0.000 0.000 0.76
2019-05-05_01:22:32 06030 11.576 170.400 1972.550 8.408 0.400 3.363 0.75
2019-05-05_01:22:33 06031 11.600 152.800 1772.480 8.312 0.000 0.000 0.75
2019-05-05_01:22:34 06032 11.584 170.800 1978.547 8.320 0.000 0.000 0.75
2019-05-05_01:22:35 06033 11.584 170.400 1973.914 8.320 0.000 0.000 0.75
2019-05-05_01:22:36 06034 11.560 195.200 2256.512 8.320 0.000 0.000 0.75
2019-05-05_01:22:37 06035 11.576 170.400 1972.550 8.344 0.400 3.338 0.75
2019-05-05_01:22:38 06036 11.576 168.800 1954.029 8.360 0.400 3.344 0.76
2019-05-05_01:22:39 06037 11.576 170.000 1967.920 8.368 0.400 3.347 0.76
2019-05-05_01:22:40 06038 11.576 170.000 1967.920 8.376 0.400 3.350 0.76
2019-05-05_01:22:41 06039 11.576 169.600 1963.290 8.384 0.400 3.354 0.76
2019-05-05_01:22:42 06040 11.576 168.800 1954.029 8.400 0.000 0.000 0.76
2019-05-05_01:22:43 06041 11.560 194.000 2242.640 8.400 0.000 0.000 0.76
2019-05-05_01:22:44 06042 11.576 167.600 1940.138 8.424 0.000 0.000 0.75
2019-05-05_01:22:45 06043 11.584 169.600 1964.646 8.320 0.400 3.328 0.75
2019-05-05_01:22:46 06044 11.568 194.400 2248.819 8.312 0.000 0.000 0.75
2019-05-05_01:22:47 06045 11.584 166.800 1932.211 8.336 0.000 0.000 0.75
2019-05-05_01:22:48 06046 11.560 187.200 2164.032 8.336 0.000 0.000 0.75
2019-05-05_01:22:49 06047 11.576 170.800 1977.181 8.360 0.000 0.000 0.76
2019-05-05_01:22:50 06048 11.576 168.400 1949.398 8.368 0.400 3.347 0.76
2019-05-05_01:22:51 06049 11.552 196.800 2273.434 8.360 0.000 0.000 0.76
2019-05-05_01:22:52 06050 11.576 168.400 1949.398 8.392 0.400 3.357 0.76
2019-05-05_01:22:53 06051 11.552 192.400 2222.605 8.400 0.400 3.360 0.76
2019-05-05_01:22:54 06052 11.568 170.400 1971.187 8.416 0.400 3.366 0.75
2019-05-05_01:22:55 06053 11.584 170.800 1978.547 8.304 0.400 3.322 0.75
2019-05-05_01:22:56 06054 11.560 196.800 2275.008 8.304 0.400 3.322 0.75
2019-05-05_01:22:57 06055 11.584 168.000 1946.112 8.328 0.400 3.331 0.75
2019-05-05_01:22:58 06056 11.584 169.200 1960.013 8.336 0.400 3.334 0.75
2019-05-05_01:22:59 06057 11.584 170.000 1969.280 8.344 0.400 3.338 0.75
2019-05-05_01:23:00 06058 11.576 168.000 1944.768 8.360 0.400 3.344 0.76
2019-05-05_01:23:01 06059 11.576 170.400 1972.550 8.368 0.000 0.000 0.76
2019-05-05_01:23:02 06060 11.576 170.400 1972.550 8.376 0.000 0.000 0.76