2019-05-05_01:12:56 05455 11.560 194.000 2242.640 8.304 0.000 0.000 0.75
2019-05-05_01:12:57 05456 11.584 170.400 1973.914 8.312 0.400 3.325 0.75
2019-05-05_01:12:58 05457 11.560 197.600 2284.256 8.312 0.400 3.325 0.75
2019-05-05_01:12:59 05458 11.576 170.000 1967.920 8.336 0.000 0.000 0.75
2019-05-05_01:13:00 05459 11.576 168.000 1944.768 8.352 0.400 3.341 0.75
2019-05-05_01:13:01 05460 11.560 193.600 2238.016 8.344 0.000 0.000 0.76
2019-05-05_01:13:02 05461 11.576 169.600 1963.290 8.368 0.400 3.347 0.76
2019-05-05_01:13:03 05462 11.576 170.000 1967.920 8.376 0.400 3.350 0.76
2019-05-05_01:13:04 05463 11.576 169.600 1963.290 8.392 0.400 3.357 0.76
2019-05-05_01:13:05 05464 11.568 170.000 1966.560 8.400 0.000 0.000 0.76
2019-05-05_01:13:06 05465 11.576 170.400 1972.550 8.408 0.400 3.363 0.75
2019-05-05_01:13:07 05466 11.584 169.200 1960.013 8.304 0.000 0.000 0.75
2019-05-05_01:13:08 05467 11.584 170.400 1973.914 8.320 0.400 3.328 0.75
2019-05-05_01:13:09 05468 11.576 170.800 1977.181 8.328 0.000 0.000 0.75
2019-05-05_01:13:10 05469 11.576 170.000 1967.920 8.344 0.000 0.000 0.75
2019-05-05_01:13:11 05470 11.560 185.600 2145.536 8.328 0.400 3.331 0.75
2019-05-05_01:13:12 05471 11.576 167.200 1935.507 8.360 0.000 0.000 0.76
2019-05-05_01:13:13 05472 11.552 193.600 2236.467 8.360 0.400 3.344 0.76
2019-05-05_01:13:14 05473 11.576 170.000 1967.920 8.376 0.000 0.000 0.76
2019-05-05_01:13:15 05474 11.576 170.000 1967.920 8.392 0.000 0.000 0.76
2019-05-05_01:13:16 05475 11.552 194.800 2250.330 8.392 0.000 0.000 0.76
2019-05-05_01:13:17 05476 11.568 170.400 1971.187 8.408 0.000 0.000 0.75
2019-05-05_01:13:18 05477 11.584 196.400 2275.098 8.296 0.000 0.000 0.77
2019-05-05_01:13:19 05478 11.568 170.000 1966.560 8.552 0.000 0.000 0.76
2019-05-05_01:13:20 05479 11.568 170.400 1971.187 8.408 0.000 0.000 0.75
2019-05-05_01:13:21 05480 11.568 190.800 2207.174 8.296 0.000 0.000 0.77
2019-05-05_01:13:22 05481 11.568 168.400 1948.051 8.552 0.000 0.000 0.76
2019-05-05_01:13:23 05482 11.568 169.600 1961.933 8.408 0.000 0.000 0.75
2019-05-05_01:13:24 05483 11.584 168.800 1955.379 8.312 0.000 0.000 0.75
2019-05-05_01:13:25 05484 11.584 170.400 1973.914 8.320 0.000 0.000 0.75
2019-05-05_01:13:26 05485 11.584 170.000 1969.280 8.328 0.400 3.331 0.75
2019-05-05_01:13:27 05486 11.584 168.800 1955.379 8.336 0.400 3.334 0.75
2019-05-05_01:13:28 05487 11.576 170.000 1967.920 8.352 0.000 0.000 0.75
2019-05-05_01:13:29 05488 11.576 169.200 1958.659 8.360 0.000 0.000 0.76
2019-05-05_01:13:30 05489 11.560 191.600 2214.896 8.360 0.400 3.344 0.76
2019-05-05_01:13:31 05490 11.576 166.800 1930.877 8.376 0.400 3.350 0.76
2019-05-05_01:13:32 05491 11.576 167.200 1935.507 8.392 0.000 0.000 0.76
2019-05-05_01:13:33 05492 11.552 196.000 2264.192 8.392 0.400 3.357 0.76
2019-05-05_01:13:34 05493 11.568 169.200 1957.306 8.408 0.000 0.000 0.75
2019-05-05_01:13:35 05494 11.584 169.200 1960.013 8.312 0.000 0.000 0.75
2019-05-05_01:13:36 05495 11.584 170.000 1969.280 8.320 0.000 0.000 0.75
2019-05-05_01:13:37 05496 11.576 168.000 1944.768 8.328 0.400 3.331 0.75
2019-05-05_01:13:38 05497 11.568 189.600 2193.293 8.328 0.400 3.331 0.75
2019-05-05_01:13:39 05498 11.576 167.200 1935.507 8.344 0.000 0.000 0.75
2019-05-05_01:13:40 05499 11.576 170.000 1967.920 8.360 0.400 3.344 0.76
2019-05-05_01:13:41 05500 11.576 180.800 2092.941 8.352 0.000 0.000 0.76
2019-05-05_01:13:42 05501 11.576 166.000 1921.616 8.376 0.400 3.350 0.76
2019-05-05_01:13:43 05502 11.568 194.000 2244.192 8.376 0.400 3.350 0.76
2019-05-05_01:13:44 05503 11.576 168.800 1954.029 8.400 0.000 0.000 0.76
2019-05-05_01:13:45 05504 11.568 166.000 1920.288 8.408 0.000 0.000 0.75
2019-05-05_01:13:46 05505 11.584 169.600 1964.646 8.304 0.000 0.000 0.75
2019-05-05_01:13:47 05506 11.584 170.000 1969.280 8.320 0.000 0.000 0.75
2019-05-05_01:13:48 05507 11.576 175.600 2032.746 8.312 0.000 0.000 0.75
2019-05-05_01:13:49 05508 11.584 163.200 1890.509 8.336 0.000 0.000 0.75
2019-05-05_01:13:50 05509 11.576 170.400 1972.550 8.344 0.400 3.338 0.75
2019-05-05_01:13:51 05510 11.576 168.400 1949.398 8.360 0.000 0.000 0.76
2019-05-05_01:13:52 05511 11.576 169.200 1958.659 8.368 0.400 3.347 0.76
2019-05-05_01:13:53 05512 11.560 196.000 2265.760 8.368 0.000 0.000 0.76
2019-05-05_01:13:54 05513 11.576 169.200 1958.659 8.392 0.000 0.000 0.76
2019-05-05_01:13:55 05514 11.568 170.400 1971.187 8.400 0.400 3.360 0.76
2019-05-05_01:13:56 05515 11.576 171.200 1981.811 8.408 0.400 3.363 0.75
2019-05-05_01:13:57 05516 11.584 169.600 1964.646 8.304 0.400 3.322 0.75
2019-05-05_01:13:58 05517 11.584 182.000 2108.288 8.304 0.000 0.000 0.75
2019-05-05_01:13:59 05518 11.584 170.400 1973.914 8.328 0.400 3.331 0.75
2019-05-05_01:14:00 05519 11.584 170.000 1969.280 8.336 0.400 3.334 0.75
2019-05-05_01:14:01 05520 11.584 169.200 1960.013 8.352 0.400 3.341 0.75
2019-05-05_01:14:02 05521 11.576 170.400 1972.550 8.360 0.400 3.344 0.76
2019-05-05_01:14:03 05522 11.552 196.800 2273.434 8.368 0.400 3.347 0.76
2019-05-05_01:14:04 05523 11.576 169.600 1963.290 8.384 0.400 3.354 0.76
2019-05-05_01:14:05 05524 11.576 167.200 1935.507 8.392 0.400 3.357 0.76
2019-05-05_01:14:06 05525 11.552 168.800 1949.978 8.384 0.000 0.000 0.76
2019-05-05_01:14:07 05526 11.568 169.600 1961.933 8.408 0.400 3.363 0.75
2019-05-05_01:14:08 05527 11.584 166.000 1922.944 8.304 0.000 0.000 0.75
2019-05-05_01:14:09 05528 11.584 167.200 1936.845 8.312 0.000 0.000 0.75
2019-05-05_01:14:10 05529 11.584 170.400 1973.914 8.328 0.000 0.000 0.75
2019-05-05_01:14:11 05530 11.576 170.000 1967.920 8.344 0.000 0.000 0.75
2019-05-05_01:14:12 05531 11.576 170.400 1972.550 8.352 0.400 3.341 0.75
2019-05-05_01:14:13 05532 11.560 187.200 2164.032 8.344 0.000 0.000 0.76
2019-05-05_01:14:14 05533 11.576 169.200 1958.659 8.368 0.000 0.000 0.76
2019-05-05_01:14:15 05534 11.576 167.600 1940.138 8.376 0.400 3.350 0.76
2019-05-05_01:14:16 05535 11.576 166.000 1921.616 8.392 0.400 3.357 0.76
2019-05-05_01:14:17 05536 11.576 170.400 1972.550 8.400 0.400 3.360 0.76
2019-05-05_01:14:18 05537 11.552 194.800 2250.330 8.408 0.400 3.363 0.75
2019-05-05_01:14:19 05538 11.584 170.000 1969.280 8.312 0.400 3.325 0.75
2019-05-05_01:14:20 05539 11.584 168.000 1946.112 8.312 0.000 0.000 0.75
2019-05-05_01:14:21 05540 11.584 168.400 1950.746 8.328 0.000 0.000 0.75
2019-05-05_01:14:22 05541 11.576 168.800 1954.029 8.336 0.400 3.334 0.75
2019-05-05_01:14:23 05542 11.552 196.000 2264.192 8.352 0.400 3.341 0.75
2019-05-05_01:14:24 05543 11.576 168.000 1944.768 8.368 0.400 3.347 0.76
2019-05-05_01:14:25 05544 11.576 170.400 1972.550 8.368 0.400 3.347 0.76
2019-05-05_01:14:26 05545 11.576 170.800 1977.181 8.384 0.000 0.000 0.76
2019-05-05_01:14:27 05546 11.576 170.000 1967.920 8.392 0.400 3.357 0.76
2019-05-05_01:14:28 05547 11.568 196.400 2271.955 8.384 0.000 0.000 0.76
2019-05-05_01:14:29 05548 11.576 166.800 1930.877 8.408 0.400 3.363 0.75
2019-05-05_01:14:30 05549 11.568 183.600 2123.885 8.288 0.400 3.315 0.77
2019-05-05_01:14:31 05550 11.568 170.400 1971.187 8.552 0.000 0.000 0.76
2019-05-05_01:14:32 05551 11.568 169.200 1957.306 8.408 0.000 0.000 0.75
2019-05-05_01:14:33 05552 11.576 198.000 2292.048 8.296 0.400 3.318 0.77
2019-05-05_01:14:34 05553 11.568 170.000 1966.560 8.552 0.000 0.000 0.76
2019-05-05_01:14:35 05554 11.576 170.000 1967.920 8.408 0.000 0.000 0.75
2019-05-05_01:14:36 05555 11.584 167.600 1941.478 8.304 0.000 0.000 0.75