2019-05-04_23:19:04 00304 11.552 199.600 2305.779 8.352 0.000 0.000 0.76
2019-05-04_23:19:05 00305 11.560 198.400 2293.504 8.360 0.000 0.000 0.76
2019-05-04_23:19:06 00306 11.552 199.200 2301.158 8.376 0.000 0.000 0.76
2019-05-04_23:19:07 00307 11.552 195.200 2254.950 8.384 0.000 0.000 0.76
2019-05-04_23:19:08 00308 11.568 190.800 2207.174 8.392 0.000 0.000 0.76
2019-05-04_23:19:09 00309 11.584 152.800 1770.035 8.424 0.000 0.000 0.75
2019-05-04_23:19:10 00310 11.584 171.200 1983.181 8.320 0.000 0.000 0.75
2019-05-04_23:19:11 00311 11.576 173.600 2009.594 8.328 0.400 3.331 0.75
2019-05-04_23:19:12 00312 11.576 168.400 1949.398 8.336 0.000 0.000 0.75
2019-05-04_23:19:13 00313 11.576 170.800 1977.181 8.352 0.000 0.000 0.75
2019-05-04_23:19:14 00314 11.584 166.000 1922.944 8.352 0.400 3.341 0.75
2019-05-04_23:19:15 00315 11.576 164.400 1903.094 8.368 0.400 3.347 0.76
2019-05-04_23:19:16 00316 11.576 169.200 1958.659 8.376 0.400 3.350 0.76
2019-05-04_23:19:17 00317 11.568 170.000 1966.560 8.384 0.000 0.000 0.76
2019-05-04_23:19:18 00318 11.568 170.400 1971.187 8.392 0.000 0.000 0.76
2019-05-04_23:19:19 00319 11.568 170.400 1971.187 8.408 0.000 0.000 0.75
2019-05-04_23:19:20 00320 11.584 167.200 1936.845 8.312 0.000 0.000 0.75
2019-05-04_23:19:21 00321 11.584 166.800 1932.211 8.320 0.400 3.328 0.75
2019-05-04_23:19:22 00322 11.584 170.400 1973.914 8.328 0.000 0.000 0.75
2019-05-04_23:19:23 00323 11.576 177.200 2051.267 8.320 0.000 0.000 0.75
2019-05-04_23:19:24 00324 11.576 166.800 1930.877 8.344 0.400 3.338 0.75
2019-05-04_23:19:25 00325 11.576 169.200 1958.659 8.360 0.000 0.000 0.75
2019-05-04_23:19:26 00326 11.576 165.200 1912.355 8.368 0.000 0.000 0.76
2019-05-04_23:19:27 00327 11.576 170.400 1972.550 8.376 0.400 3.350 0.76
2019-05-04_23:19:28 00328 11.560 181.600 2099.296 8.368 0.000 0.000 0.76
2019-05-04_23:19:29 00329 11.560 180.000 2080.800 8.376 0.400 3.350 0.76
2019-05-04_23:19:30 00330 11.584 160.000 1853.440 8.408 0.000 0.000 0.75
2019-05-04_23:19:31 00331 11.592 154.400 1789.805 8.304 0.000 0.000 0.75
2019-05-04_23:19:32 00332 11.584 162.400 1881.242 8.320 0.000 0.000 0.75
2019-05-04_23:19:33 00333 11.592 164.400 1905.725 8.336 0.000 0.000 0.75
2019-05-04_23:19:34 00334 11.592 158.000 1831.536 8.344 0.400 3.338 0.75
2019-05-04_23:19:35 00335 11.592 161.600 1873.267 8.344 0.000 0.000 0.75
2019-05-04_23:19:36 00336 11.584 156.000 1807.104 8.352 0.400 3.341 0.75
2019-05-04_23:19:37 00337 11.576 160.400 1856.790 8.368 0.400 3.347 0.76
2019-05-04_23:19:38 00338 11.576 164.800 1907.725 8.384 0.000 0.000 0.76
2019-05-04_23:19:39 00339 11.576 170.000 1967.920 8.392 0.000 0.000 0.76
2019-05-04_23:19:40 00340 11.584 155.600 1802.470 8.392 0.000 0.000 0.76
2019-05-04_23:19:41 00341 11.576 156.800 1815.117 8.408 0.000 0.000 0.75
2019-05-04_23:19:42 00342 11.584 164.000 1899.776 8.312 0.000 0.000 0.75
2019-05-04_23:19:43 00343 11.584 154.000 1783.936 8.328 0.000 0.000 0.75
2019-05-04_23:19:44 00344 11.584 163.200 1890.509 8.336 0.400 3.334 0.75
2019-05-04_23:19:45 00345 11.592 154.400 1789.805 8.344 0.000 0.000 0.75
2019-05-04_23:19:46 00346 11.592 153.200 1775.894 8.360 0.000 0.000 0.75
2019-05-04_23:19:47 00347 11.592 154.000 1785.168 8.368 0.400 3.347 0.75
2019-05-04_23:19:48 00348 11.584 158.000 1830.272 8.376 0.000 0.000 0.76
2019-05-04_23:19:49 00349 11.576 158.800 1838.269 8.384 0.000 0.000 0.76
2019-05-04_23:19:50 00350 11.584 155.200 1797.837 8.392 0.000 0.000 0.76
2019-05-04_23:19:51 00351 11.576 162.000 1875.312 8.408 0.000 0.000 0.75
2019-05-04_23:19:52 00352 11.600 164.400 1907.040 8.312 0.000 0.000 0.75
2019-05-04_23:19:53 00353 11.592 153.600 1780.531 8.320 0.000 0.000 0.75
2019-05-04_23:19:54 00354 11.592 164.800 1910.362 8.328 0.000 0.000 0.75
2019-05-04_23:19:55 00355 11.592 153.600 1780.531 8.336 0.000 0.000 0.75
2019-05-04_23:19:56 00356 11.592 164.800 1910.362 8.344 0.000 0.000 0.75
2019-05-04_23:19:57 00357 11.592 153.600 1780.531 8.360 0.400 3.344 0.75
2019-05-04_23:19:58 00358 11.576 169.200 1958.659 8.352 0.000 0.000 0.75
2019-05-04_23:19:59 00359 11.584 153.200 1774.669 8.376 0.000 0.000 0.76
2019-05-04_23:20:00 00360 11.576 154.000 1782.704 8.384 0.000 0.000 0.76
2019-05-04_23:20:01 00361 11.576 163.200 1889.203 8.392 0.400 3.357 0.76
2019-05-04_23:20:02 00362 11.584 164.000 1899.776 8.408 0.000 0.000 0.75
2019-05-04_23:20:03 00363 11.584 170.000 1969.280 8.296 0.000 0.000 0.77
2019-05-04_23:20:04 00364 11.576 153.200 1773.443 8.512 0.000 0.000 0.76
2019-05-04_23:20:05 00365 11.584 153.200 1774.669 8.408 0.000 0.000 0.75
2019-05-04_23:20:06 00366 11.592 153.200 1775.894 8.312 0.000 0.000 0.75
2019-05-04_23:20:07 00367 11.568 172.000 1989.696 8.312 0.000 0.000 0.75
2019-05-04_23:20:08 00368 11.560 198.800 2298.128 8.304 0.000 0.000 0.75
2019-05-04_23:20:09 00369 11.560 197.600 2284.256 8.320 0.000 0.000 0.75
2019-05-04_23:20:10 00370 11.560 198.400 2293.504 8.320 0.000 0.000 0.75
2019-05-04_23:20:11 00371 11.560 197.200 2279.632 8.336 0.000 0.000 0.75
2019-05-04_23:20:12 00372 11.560 198.800 2298.128 8.344 0.000 0.000 0.75
2019-05-04_23:20:13 00373 11.568 198.000 2290.464 8.352 0.000 0.000 0.76
2019-05-04_23:20:14 00374 11.560 197.200 2279.632 8.360 0.400 3.344 0.76
2019-05-04_23:20:15 00375 11.552 193.200 2231.846 8.376 0.000 0.000 0.76
2019-05-04_23:20:16 00376 11.552 197.600 2282.675 8.376 0.400 3.350 0.76
2019-05-04_23:20:17 00377 11.552 194.800 2250.330 8.392 0.000 0.000 0.76
2019-05-04_23:20:18 00378 11.552 197.600 2282.675 8.400 0.000 0.000 0.76
2019-05-04_23:20:19 00379 11.552 199.200 2301.158 8.416 0.000 0.000 0.75
2019-05-04_23:20:20 00380 11.560 197.600 2284.256 8.312 0.000 0.000 0.75
2019-05-04_23:20:21 00381 11.560 198.400 2293.504 8.320 0.000 0.000 0.75
2019-05-04_23:20:22 00382 11.560 197.200 2279.632 8.336 0.400 3.334 0.75
2019-05-04_23:20:23 00383 11.560 195.200 2256.512 8.344 0.000 0.000 0.75
2019-05-04_23:20:24 00384 11.552 198.000 2287.296 8.352 0.000 0.000 0.76
2019-05-04_23:20:25 00385 11.560 198.000 2288.880 8.368 0.000 0.000 0.76
2019-05-04_23:20:26 00386 11.552 198.000 2287.296 8.368 0.000 0.000 0.76
2019-05-04_23:20:27 00387 11.552 198.000 2287.296 8.384 0.000 0.000 0.76
2019-05-04_23:20:28 00388 11.552 189.600 2190.259 8.392 0.000 0.000 0.76
2019-05-04_23:20:29 00389 11.552 196.400 2268.813 8.400 0.000 0.000 0.76
2019-05-04_23:20:30 00390 11.552 197.600 2282.675 8.416 0.000 0.000 0.75
2019-05-04_23:20:31 00391 11.560 194.400 2247.264 8.320 0.000 0.000 0.75
2019-05-04_23:20:32 00392 11.568 188.800 2184.038 8.320 0.000 0.000 0.75
2019-05-04_23:20:33 00393 11.560 198.400 2293.504 8.336 0.000 0.000 0.75
2019-05-04_23:20:34 00394 11.552 198.000 2287.296 8.344 0.000 0.000 0.75
2019-05-04_23:20:35 00395 11.560 192.400 2224.144 8.360 0.000 0.000 0.76
2019-05-04_23:20:36 00396 11.552 197.600 2282.675 8.360 0.000 0.000 0.76
2019-05-04_23:20:37 00397 11.560 190.800 2205.648 8.376 0.000 0.000 0.76
2019-05-04_23:20:38 00398 11.552 185.600 2144.051 8.384 0.400 3.354 0.76
2019-05-04_23:20:39 00399 11.552 198.400 2291.917 8.392 0.000 0.000 0.76
2019-05-04_23:20:40 00400 11.560 196.800 2275.008 8.400 0.000 0.000 0.76
2019-05-04_23:20:41 00401 11.560 188.400 2177.904 8.416 0.000 0.000 0.75
2019-05-04_23:20:42 00402 11.560 197.200 2279.632 8.312 0.000 0.000 0.75
2019-05-04_23:20:43 00403 11.560 192.800 2228.768 8.328 0.400 3.331 0.75
2019-05-04_23:20:44 00404 11.560 199.200 2302.752 8.336 0.000 0.000 0.75