2019-05-05_23:12:01 06061 11.320 456.000 5161.920 8.400 -376.400 -3161.760 0.82
2019-05-05_23:12:02 06062 11.320 460.800 5216.256 8.400 -382.400 -3212.160 0.83
2019-05-05_23:12:03 06063 11.312 466.400 5275.917 8.408 -386.800 -3252.214 0.82
2019-05-05_23:12:04 06064 11.352 416.000 4722.432 8.352 -324.400 -2709.389 0.82
2019-05-05_23:12:05 06065 11.344 422.000 4787.168 8.360 -330.800 -2765.488 0.82
2019-05-05_23:12:06 06066 11.352 418.800 4754.218 8.360 -337.200 -2818.992 0.82
2019-05-05_23:12:07 06067 11.344 426.800 4841.619 8.368 -342.800 -2868.550 0.82
2019-05-05_23:12:08 06068 11.336 435.200 4933.427 8.376 -349.200 -2924.899 0.82
2019-05-05_23:12:09 06069 11.336 428.800 4860.877 8.384 -362.800 -3041.715 0.82
2019-05-05_23:12:10 06070 11.328 453.600 5138.381 8.384 -362.800 -3041.715 0.82
2019-05-05_23:12:11 06071 11.312 471.200 5330.214 8.392 -357.200 -2997.622 0.82
2019-05-05_23:12:12 06072 11.312 476.000 5384.512 8.392 -366.800 -3078.186 0.82
2019-05-05_23:12:13 06073 11.304 482.800 5457.571 8.400 -371.200 -3118.080 0.83
2019-05-05_23:12:14 06074 11.304 486.400 5498.266 8.408 -380.400 -3198.403 0.82
2019-05-05_23:12:15 06075 11.344 434.800 4932.371 8.352 -312.000 -2605.824 0.82
2019-05-05_23:12:16 06076 11.336 442.800 5019.581 8.352 -321.200 -2682.662 0.82
2019-05-05_23:12:17 06077 11.336 447.200 5069.459 8.360 -326.000 -2725.360 0.82
2019-05-05_23:12:18 06078 11.328 454.400 5147.443 8.368 -332.000 -2778.176 0.82
2019-05-05_23:12:19 06079 11.320 459.600 5202.672 8.368 -338.400 -2831.731 0.82
2019-05-05_23:12:20 06080 11.320 459.200 5198.144 8.376 -346.000 -2898.096 0.82
2019-05-05_23:12:21 06081 11.312 467.200 5284.966 8.384 -350.000 -2934.400 0.82
2019-05-05_23:12:22 06082 11.312 470.000 5316.640 8.384 -358.000 -3001.472 0.82
2019-05-05_23:12:23 06083 11.312 477.600 5402.611 8.392 -364.000 -3054.688 0.82
2019-05-05_23:12:24 06084 11.304 480.400 5430.442 8.400 -370.800 -3114.720 0.83
2019-05-05_23:12:25 06085 11.304 486.000 5493.744 8.408 -378.400 -3181.587 0.82
2019-05-05_23:12:26 06086 11.336 434.800 4928.893 8.352 -310.800 -2595.802 0.82
2019-05-05_23:12:27 06087 11.336 442.400 5015.046 8.360 -324.800 -2715.328 0.82
2019-05-05_23:12:28 06088 11.336 442.000 5010.512 8.360 -326.800 -2732.048 0.82
2019-05-05_23:12:29 06089 11.328 452.800 5129.318 8.368 -332.400 -2781.523 0.82
2019-05-05_23:12:30 06090 11.328 456.800 5174.630 8.368 -338.000 -2828.384 0.82
2019-05-05_23:12:31 06091 11.320 460.000 5207.200 8.376 -344.000 -2881.344 0.82
2019-05-05_23:12:32 06092 11.312 465.600 5266.867 8.384 -351.600 -2947.814 0.82
2019-05-05_23:12:33 06093 11.320 469.600 5315.872 8.384 -359.200 -3011.533 0.82
2019-05-05_23:12:34 06094 11.312 475.600 5379.987 8.392 -362.400 -3041.261 0.82
2019-05-05_23:12:35 06095 11.304 482.800 5457.571 8.400 -372.000 -3124.800 0.83
2019-05-05_23:12:36 06096 11.304 488.400 5520.874 8.408 -377.600 -3174.861 0.82
2019-05-05_23:12:37 06097 11.344 425.200 4823.469 8.352 -311.200 -2599.142 0.82
2019-05-05_23:12:38 06098 11.336 440.800 4996.909 8.352 -320.000 -2672.640 0.82
2019-05-05_23:12:39 06099 11.336 447.200 5069.459 8.360 -332.400 -2778.864 0.82
2019-05-05_23:12:40 06100 11.328 451.200 5111.194 8.368 -337.600 -2825.037 0.82
2019-05-05_23:12:41 06101 11.328 456.000 5165.568 8.368 -338.400 -2831.731 0.82
2019-05-05_23:12:42 06102 11.320 460.800 5216.256 8.376 -346.400 -2901.446 0.82
2019-05-05_23:12:43 06103 11.320 463.200 5243.424 8.384 -350.400 -2937.754 0.82
2019-05-05_23:12:44 06104 11.320 466.000 5275.120 8.384 -356.400 -2988.058 0.82
2019-05-05_23:12:45 06105 11.320 471.600 5338.512 8.400 -363.600 -3054.240 0.82
2019-05-05_23:12:46 06106 11.312 474.800 5370.938 8.400 -374.400 -3144.960 0.83
2019-05-05_23:12:47 06107 11.304 482.400 5453.050 8.408 -377.200 -3171.498 0.82
2019-05-05_23:12:48 06108 11.344 425.200 4823.469 8.352 -310.800 -2595.802 0.82
2019-05-05_23:12:49 06109 11.344 440.800 5000.435 8.352 -319.200 -2665.958 0.82
2019-05-05_23:12:50 06110 11.328 442.000 5006.976 8.368 -328.000 -2744.704 0.82
2019-05-05_23:12:51 06111 11.328 445.600 5047.757 8.368 -332.800 -2784.870 0.82
2019-05-05_23:12:52 06112 11.328 454.800 5151.974 8.368 -337.600 -2825.037 0.82
2019-05-05_23:12:53 06113 11.328 457.600 5183.693 8.376 -346.400 -2901.446 0.82
2019-05-05_23:12:54 06114 11.320 464.800 5261.536 8.384 -356.800 -2991.411 0.82
2019-05-05_23:12:55 06115 11.320 468.800 5306.816 8.392 -358.800 -3011.050 0.82
2019-05-05_23:12:56 06116 11.312 469.600 5312.115 8.392 -369.600 -3101.683 0.82
2019-05-05_23:12:57 06117 11.304 478.400 5407.834 8.400 -369.600 -3104.640 0.83
2019-05-05_23:12:58 06118 11.312 485.200 5488.582 8.408 -381.200 -3205.130 0.82
2019-05-05_23:12:59 06119 11.344 433.600 4918.758 8.352 -311.200 -2599.142 0.82
2019-05-05_23:13:00 06120 11.336 440.400 4992.374 8.352 -318.800 -2662.618 0.82
2019-05-05_23:13:01 06121 11.328 443.200 5020.570 8.360 -328.400 -2745.424 0.82
2019-05-05_23:13:02 06122 11.336 449.600 5096.666 8.368 -334.800 -2801.606 0.82
2019-05-05_23:13:03 06123 11.328 454.000 5142.912 8.376 -343.600 -2877.994 0.82
2019-05-05_23:13:04 06124 11.320 462.400 5234.368 8.376 -342.400 -2867.942 0.82
2019-05-05_23:13:05 06125 11.336 456.800 5178.285 8.384 -362.000 -3035.008 0.82
2019-05-05_23:13:06 06126 11.312 464.800 5257.818 8.384 -354.000 -2967.936 0.82
2019-05-05_23:13:07 06127 11.320 470.000 5320.400 8.392 -363.200 -3047.974 0.82
2019-05-05_23:13:08 06128 11.312 480.400 5434.285 8.400 -369.200 -3101.280 0.83
2019-05-05_23:13:09 06129 11.304 484.000 5471.136 8.408 -380.400 -3198.403 0.82
2019-05-05_23:13:10 06130 11.344 431.200 4891.533 8.352 -313.200 -2615.846 0.82
2019-05-05_23:13:11 06131 11.336 440.400 4992.374 8.360 -318.400 -2661.824 0.82
2019-05-05_23:13:12 06132 11.336 433.200 4910.755 8.368 -336.400 -2814.995 0.82
2019-05-05_23:13:13 06133 11.328 447.600 5070.413 8.368 -331.600 -2774.829 0.82
2019-05-05_23:13:14 06134 11.320 448.800 5080.416 8.376 -348.000 -2914.848 0.82
2019-05-05_23:13:15 06135 11.328 459.200 5201.818 8.376 -345.600 -2894.746 0.82
2019-05-05_23:13:16 06136 11.328 464.800 5265.254 8.384 -355.600 -2981.350 0.82
2019-05-05_23:13:17 06137 11.328 466.400 5283.379 8.392 -356.000 -2987.552 0.82
2019-05-05_23:13:18 06138 11.312 476.000 5384.512 8.392 -362.000 -3037.904 0.82
2019-05-05_23:13:19 06139 11.304 477.200 5394.269 8.408 -376.400 -3164.771 0.81
2019-05-05_23:13:20 06140 11.352 419.600 4763.299 8.344 -304.400 -2539.914 0.82
2019-05-05_23:13:21 06141 11.352 428.000 4858.656 8.352 -312.000 -2605.824 0.82
2019-05-05_23:13:22 06142 11.344 434.800 4932.371 8.360 -323.600 -2705.296 0.82
2019-05-05_23:13:23 06143 11.336 447.200 5069.459 8.360 -325.200 -2718.672 0.82
2019-05-05_23:13:24 06144 11.328 452.000 5120.256 8.368 -331.600 -2774.829 0.82
2019-05-05_23:13:25 06145 11.320 449.600 5089.472 8.376 -342.000 -2864.592 0.82
2019-05-05_23:13:26 06146 11.328 450.400 5102.131 8.376 -343.200 -2874.643 0.82
2019-05-05_23:13:27 06147 11.320 464.400 5257.008 8.384 -350.400 -2937.754 0.82
2019-05-05_23:13:28 06148 11.320 468.800 5306.816 8.392 -360.000 -3021.120 0.82
2019-05-05_23:13:29 06149 11.312 470.800 5325.690 8.392 -362.000 -3037.904 0.82
2019-05-05_23:13:30 06150 11.312 482.000 5452.384 8.400 -372.800 -3131.520 0.83
2019-05-05_23:13:31 06151 11.304 480.000 5425.920 8.408 -376.000 -3161.408 0.82
2019-05-05_23:13:32 06152 11.344 433.600 4918.758 8.352 -314.000 -2622.528 0.82
2019-05-05_23:13:33 06153 11.336 440.800 4996.909 8.360 -318.400 -2661.824 0.82
2019-05-05_23:13:34 06154 11.328 438.000 4961.664 8.360 -324.800 -2715.328 0.82
2019-05-05_23:13:35 06155 11.336 450.000 5101.200 8.368 -334.400 -2798.259 0.82
2019-05-05_23:13:36 06156 11.320 455.600 5157.392 8.368 -337.600 -2825.037 0.82
2019-05-05_23:13:37 06157 11.328 451.600 5115.725 8.376 -343.600 -2877.994 0.82
2019-05-05_23:13:38 06158 11.320 463.600 5247.952 8.384 -353.600 -2964.582 0.82
2019-05-05_23:13:39 06159 11.312 470.800 5325.690 8.384 -353.200 -2961.229 0.82
2019-05-05_23:13:40 06160 11.312 469.200 5307.590 8.400 -364.000 -3057.600 0.82
2019-05-05_23:13:41 06161 11.312 474.800 5370.938 8.400 -370.800 -3114.720 0.83