2019-05-05_22:11:21 02425 2.240 -0.800 -1.792 7.904 203.600 1609.254 0.00
2019-05-05_22:11:22 02426 2.240 -0.800 -1.792 7.904 196.400 1552.346 0.00
2019-05-05_22:11:23 02427 2.240 -0.800 -1.792 7.904 193.600 1530.214 0.00
2019-05-05_22:11:24 02428 2.240 -0.800 -1.792 7.904 192.800 1523.891 0.00
2019-05-05_22:11:25 02429 2.240 -0.800 -1.792 7.896 192.800 1522.349 0.00
2019-05-05_22:11:26 02430 2.240 -0.800 -1.792 7.888 220.400 1738.515 0.00
2019-05-05_22:11:27 02431 2.240 -0.800 -1.792 7.904 193.200 1527.053 0.00
2019-05-05_22:11:28 02432 2.240 -0.400 -0.896 7.896 192.800 1522.349 0.00
2019-05-05_22:11:29 02433 2.240 -0.800 -1.792 7.904 193.200 1527.053 0.00
2019-05-05_22:11:30 02434 2.240 -0.800 -1.792 7.888 218.000 1719.584 0.00
2019-05-05_22:11:31 02435 2.240 -0.800 -1.792 7.904 193.200 1527.053 0.00
2019-05-05_22:11:32 02436 2.240 -0.800 -1.792 7.896 193.200 1525.507 0.00
2019-05-05_22:11:33 02437 2.240 -0.800 -1.792 7.904 194.000 1533.376 0.00
2019-05-05_22:11:34 02438 2.240 -0.800 -1.792 7.904 193.600 1530.214 0.00
2019-05-05_22:11:35 02439 2.240 -0.800 -1.792 7.904 193.200 1527.053 0.00
2019-05-05_22:11:36 02440 2.240 -0.800 -1.792 7.896 193.200 1525.507 0.00
2019-05-05_22:11:38 02441 2.240 -0.800 -1.792 7.904 193.600 1530.214 0.00
2019-05-05_22:11:38 02442 2.240 -0.800 -1.792 7.904 193.200 1527.053 0.00
2019-05-05_22:11:40 02443 2.240 -0.800 -1.792 7.904 194.400 1536.538 0.00
2019-05-05_22:11:41 02444 2.240 -0.800 -1.792 7.904 193.200 1527.053 0.00
2019-05-05_22:11:42 02445 2.240 -0.800 -1.792 7.904 194.400 1536.538 0.00
2019-05-05_22:11:43 02446 2.240 -0.800 -1.792 7.904 193.200 1527.053 0.00
2019-05-05_22:11:44 02447 2.240 -0.800 -1.792 7.904 192.800 1523.891 0.00
2019-05-05_22:11:45 02448 2.240 -0.800 -1.792 7.904 193.200 1527.053 0.00
2019-05-05_22:11:46 02449 2.240 -0.800 -1.792 7.904 193.600 1530.214 0.00
2019-05-05_22:11:47 02450 2.240 -0.800 -1.792 7.904 192.800 1523.891 0.00
2019-05-05_22:11:48 02451 2.240 -0.800 -1.792 7.904 192.800 1523.891 0.00
2019-05-05_22:11:49 02452 2.240 -0.800 -1.792 7.904 193.200 1527.053 0.00
2019-05-05_22:11:50 02453 2.240 -0.800 -1.792 7.904 193.200 1527.053 0.00
2019-05-05_22:11:51 02454 2.240 -0.800 -1.792 7.904 193.200 1527.053 0.00
2019-05-05_22:11:52 02455 2.240 -0.800 -1.792 7.904 199.200 1574.477 0.00
2019-05-05_22:11:53 02456 2.240 -0.800 -1.792 7.904 194.400 1536.538 0.00
2019-05-05_22:11:54 02457 2.240 -0.800 -1.792 7.904 193.200 1527.053 0.00
2019-05-05_22:11:55 02458 2.240 -0.800 -1.792 7.904 193.200 1527.053 0.00
2019-05-05_22:11:56 02459 2.240 -0.800 -1.792 7.904 192.800 1523.891 0.00
2019-05-05_22:11:57 02460 2.240 -0.400 -0.896 7.904 193.600 1530.214 0.00
2019-05-05_22:11:58 02461 2.240 -0.800 -1.792 7.904 192.800 1523.891 0.00
2019-05-05_22:11:59 02462 2.240 -0.800 -1.792 7.904 193.200 1527.053 0.00
2019-05-05_22:12:00 02463 2.240 -0.800 -1.792 7.904 192.800 1523.891 0.00
2019-05-05_22:12:01 02464 2.240 -0.800 -1.792 7.904 192.000 1517.568 0.00
2019-05-05_22:12:02 02465 2.240 -0.800 -1.792 7.904 192.800 1523.891 0.00
2019-05-05_22:12:03 02466 2.240 -0.800 -1.792 7.904 193.200 1527.053 0.00
2019-05-05_22:12:04 02467 2.240 -0.800 -1.792 7.904 193.200 1527.053 0.00
2019-05-05_22:12:05 02468 2.240 -0.800 -1.792 7.904 193.200 1527.053 0.00
2019-05-05_22:12:06 02469 2.240 -0.800 -1.792 7.904 193.600 1530.214 0.00
2019-05-05_22:12:07 02470 2.240 -0.800 -1.792 7.904 193.200 1527.053 0.00
2019-05-05_22:12:08 02471 2.240 -0.800 -1.792 7.904 193.200 1527.053 0.00
2019-05-05_22:12:09 02472 2.240 -0.800 -1.792 7.904 193.200 1527.053 0.00
2019-05-05_22:12:10 02473 2.240 -0.800 -1.792 7.904 193.200 1527.053 0.00
2019-05-05_22:12:11 02474 2.240 -0.800 -1.792 7.904 193.200 1527.053 0.00
2019-05-05_22:12:12 02475 2.240 -0.800 -1.792 7.904 193.200 1527.053 0.00
2019-05-05_22:12:13 02476 2.240 -0.800 -1.792 7.904 194.800 1539.699 0.00
2019-05-05_22:12:14 02477 2.240 -0.800 -1.792 7.904 193.200 1527.053 0.00
2019-05-05_22:12:15 02478 2.240 -0.800 -1.792 7.904 192.800 1523.891 0.00
2019-05-05_22:12:16 02479 2.240 -0.800 -1.792 7.904 192.800 1523.891 0.00
2019-05-05_22:12:17 02480 2.240 -0.800 -1.792 7.904 202.800 1602.931 0.00
2019-05-05_22:12:18 02481 2.240 -0.800 -1.792 7.904 193.200 1527.053 0.00
2019-05-05_22:12:19 02482 2.240 -0.800 -1.792 7.904 192.800 1523.891 0.00
2019-05-05_22:12:20 02483 2.240 -0.800 -1.792 7.904 192.400 1520.730 0.00
2019-05-05_22:12:21 02484 2.240 -0.800 -1.792 7.904 192.800 1523.891 0.00
2019-05-05_22:12:22 02485 2.240 -0.800 -1.792 7.904 192.800 1523.891 0.00
2019-05-05_22:12:23 02486 2.240 -0.800 -1.792 7.904 193.600 1530.214 0.00
2019-05-05_22:12:24 02487 2.240 -0.800 -1.792 7.904 192.800 1523.891 0.00
2019-05-05_22:12:25 02488 2.240 -0.800 -1.792 7.904 196.000 1549.184 0.00
2019-05-05_22:12:26 02489 2.240 -0.800 -1.792 7.904 192.800 1523.891 0.00
2019-05-05_22:12:27 02490 2.240 -0.800 -1.792 7.904 200.400 1583.962 0.00
2019-05-05_22:12:28 02491 2.240 -0.800 -1.792 7.904 193.600 1530.214 0.00
2019-05-05_22:12:29 02492 2.240 -0.800 -1.792 7.904 193.200 1527.053 0.00
2019-05-05_22:12:30 02493 2.240 -0.800 -1.792 7.896 192.800 1522.349 0.00
2019-05-05_22:12:31 02494 2.240 -0.800 -1.792 7.904 193.200 1527.053 0.00
2019-05-05_22:12:32 02495 2.240 -0.800 -1.792 7.904 192.800 1523.891 0.00
2019-05-05_22:12:33 02496 2.240 -0.800 -1.792 7.896 192.800 1522.349 0.00
2019-05-05_22:12:34 02497 2.240 -0.800 -1.792 7.904 193.200 1527.053 0.00
2019-05-05_22:12:35 02498 2.240 -0.800 -1.792 7.904 193.200 1527.053 0.00
2019-05-05_22:12:36 02499 2.240 -0.800 -1.792 7.904 192.800 1523.891 0.00
2019-05-05_22:12:37 02500 2.240 -0.800 -1.792 7.896 192.400 1519.190 0.00
2019-05-05_22:12:38 02501 2.240 -0.800 -1.792 7.904 194.000 1533.376 0.00
2019-05-05_22:12:39 02502 2.240 -0.800 -1.792 7.904 193.200 1527.053 0.00
2019-05-05_22:12:40 02503 2.240 -0.800 -1.792 7.904 192.800 1523.891 0.00
2019-05-05_22:12:41 02504 2.240 -0.800 -1.792 7.904 195.600 1546.022 0.00
2019-05-05_22:12:42 02505 2.240 -0.800 -1.792 7.904 193.200 1527.053 0.00
2019-05-05_22:12:43 02506 2.240 -0.800 -1.792 7.904 192.800 1523.891 0.00
2019-05-05_22:12:44 02507 2.240 -0.800 -1.792 7.904 196.800 1555.507 0.00
2019-05-05_22:12:45 02508 2.240 -0.800 -1.792 7.888 193.200 1523.962 0.00
2019-05-05_22:12:46 02509 2.240 -0.800 -1.792 7.904 192.400 1520.730 0.00
2019-05-05_22:12:47 02510 2.240 -0.800 -1.792 7.904 192.400 1520.730 0.00
2019-05-05_22:12:48 02511 2.240 -0.800 -1.792 7.904 193.200 1527.053 0.00
2019-05-05_22:12:49 02512 2.240 -0.800 -1.792 7.904 193.200 1527.053 0.00
2019-05-05_22:12:50 02513 2.240 -0.800 -1.792 7.904 192.800 1523.891 0.00
2019-05-05_22:12:51 02514 2.240 -0.800 -1.792 7.904 193.200 1527.053 0.00
2019-05-05_22:12:52 02515 2.240 -0.800 -1.792 7.888 192.800 1520.806 0.00
2019-05-05_22:12:53 02516 2.240 -0.800 -1.792 7.904 193.200 1527.053 0.00
2019-05-05_22:12:54 02517 2.240 -0.800 -1.792 7.904 192.800 1523.891 0.00
2019-05-05_22:12:55 02518 2.240 -0.800 -1.792 7.904 193.600 1530.214 0.00
2019-05-05_22:12:56 02519 2.240 -0.800 -1.792 7.904 193.200 1527.053 0.00
2019-05-05_22:12:57 02520 2.240 -0.800 -1.792 7.904 194.800 1539.699 0.00
2019-05-05_22:12:58 02521 2.240 -0.800 -1.792 7.904 192.800 1523.891 0.00
2019-05-05_22:12:59 02522 2.240 -0.400 -0.896 7.904 193.200 1527.053 0.00
2019-05-05_22:13:00 02523 2.240 -0.800 -1.792 7.904 193.200 1527.053 0.00
2019-05-05_22:13:01 02524 2.240 -0.800 -1.792 7.904 192.800 1523.891 0.00
2019-05-05_22:13:02 02525 2.240 -0.800 -1.792 7.888 216.800 1710.118 0.00