2019-05-05_23:17:05 06364 11.336 445.600 5051.322 8.376 -326.000 -2730.576 0.82
2019-05-05_23:17:06 06365 11.328 449.600 5093.069 8.384 -330.800 -2773.427 0.82
2019-05-05_23:17:07 06366 11.328 457.200 5179.162 8.384 -337.200 -2827.085 0.82
2019-05-05_23:17:08 06367 11.328 459.200 5201.818 8.384 -341.600 -2863.974 0.82
2019-05-05_23:17:09 06368 11.320 465.200 5266.064 8.392 -350.800 -2943.914 0.82
2019-05-05_23:17:10 06369 11.320 469.200 5311.344 8.400 -356.000 -2990.400 0.82
2019-05-05_23:17:11 06370 11.312 472.000 5339.264 8.408 -365.200 -3070.602 0.81
2019-05-05_23:17:12 06371 11.352 419.200 4758.758 8.352 -300.000 -2505.600 0.82
2019-05-05_23:17:13 06372 11.352 420.000 4767.840 8.352 -304.800 -2545.690 0.82
2019-05-05_23:17:14 06373 11.344 435.200 4936.909 8.368 -317.600 -2657.677 0.82
2019-05-05_23:17:15 06374 11.344 441.200 5004.973 8.368 -319.200 -2671.066 0.82
2019-05-05_23:17:16 06375 11.336 445.200 5046.787 8.368 -326.800 -2734.662 0.82
2019-05-05_23:17:17 06376 11.328 450.400 5102.131 8.376 -331.600 -2777.482 0.82
2019-05-05_23:17:18 06377 11.328 454.000 5142.912 8.384 -341.200 -2860.621 0.82
2019-05-05_23:17:19 06378 11.328 459.200 5201.818 8.392 -347.200 -2913.702 0.82
2019-05-05_23:17:20 06379 11.320 464.400 5257.008 8.392 -351.200 -2947.270 0.82
2019-05-05_23:17:21 06380 11.320 467.200 5288.704 8.400 -357.600 -3003.840 0.82
2019-05-05_23:17:22 06381 11.320 472.800 5352.096 8.408 -365.200 -3070.602 0.81
2019-05-05_23:17:23 06382 11.352 415.200 4713.350 8.352 -303.600 -2535.667 0.82
2019-05-05_23:17:24 06383 11.352 424.000 4813.248 8.360 -305.200 -2551.472 0.82
2019-05-05_23:17:25 06384 11.352 433.600 4922.227 8.360 -314.400 -2628.384 0.82
2019-05-05_23:17:26 06385 11.344 440.000 4991.360 8.368 -318.400 -2664.371 0.82
2019-05-05_23:17:27 06386 11.336 438.800 4974.237 8.376 -324.000 -2713.824 0.82
2019-05-05_23:17:28 06387 11.336 450.000 5101.200 8.376 -332.800 -2787.533 0.82
2019-05-05_23:17:29 06388 11.328 454.400 5147.443 8.384 -336.800 -2823.731 0.82
2019-05-05_23:17:30 06389 11.328 455.600 5161.037 8.392 -347.600 -2917.059 0.82
2019-05-05_23:17:31 06390 11.320 457.200 5175.504 8.400 -348.800 -2929.920 0.82
2019-05-05_23:17:32 06391 11.320 468.400 5302.288 8.400 -354.400 -2976.960 0.82
2019-05-05_23:17:33 06392 11.312 475.600 5379.987 8.408 -362.400 -3047.059 0.81
2019-05-05_23:17:34 06393 11.352 421.600 4786.003 8.352 -298.800 -2495.578 0.82
2019-05-05_23:17:35 06394 11.344 429.200 4868.845 8.360 -307.600 -2571.536 0.82
2019-05-05_23:17:36 06395 11.344 430.800 4886.995 8.360 -311.600 -2604.976 0.82
2019-05-05_23:17:37 06396 11.336 442.400 5015.046 8.368 -316.400 -2647.635 0.82
2019-05-05_23:17:38 06397 11.336 446.800 5064.925 8.376 -324.400 -2717.174 0.82
2019-05-05_23:17:39 06398 11.328 445.600 5047.757 8.376 -334.000 -2797.584 0.82
2019-05-05_23:17:40 06399 11.328 453.200 5133.850 8.384 -336.800 -2823.731 0.82
2019-05-05_23:17:41 06400 11.328 459.600 5206.349 8.392 -344.000 -2886.848 0.82
2019-05-05_23:17:42 06401 11.320 463.600 5247.952 8.400 -348.000 -2923.200 0.82
2019-05-05_23:17:43 06402 11.320 466.400 5279.648 8.400 -353.600 -2970.240 0.82
2019-05-05_23:17:44 06403 11.312 474.400 5366.413 8.408 -362.400 -3047.059 0.81
2019-05-05_23:17:45 06404 11.352 424.800 4822.330 8.352 -298.000 -2488.896 0.82
2019-05-05_23:17:46 06405 11.344 427.600 4850.694 8.360 -303.200 -2534.752 0.82
2019-05-05_23:17:47 06406 11.344 436.000 4945.984 8.368 -311.600 -2607.469 0.82
2019-05-05_23:17:48 06407 11.336 436.000 4942.496 8.368 -317.200 -2654.330 0.82
2019-05-05_23:17:49 06408 11.336 447.600 5073.994 8.376 -322.800 -2703.773 0.82
2019-05-05_23:17:50 06409 11.328 452.400 5124.787 8.376 -330.400 -2767.430 0.82
2019-05-05_23:17:51 06410 11.328 455.200 5156.506 8.384 -336.000 -2817.024 0.82
2019-05-05_23:17:52 06411 11.328 460.400 5215.411 8.392 -340.800 -2859.994 0.82
2019-05-05_23:17:53 06412 11.320 460.400 5211.728 8.392 -346.400 -2906.989 0.82
2019-05-05_23:17:54 06413 11.320 469.600 5315.872 8.400 -354.400 -2976.960 0.82
2019-05-05_23:17:55 06414 11.312 475.600 5379.987 8.408 -360.400 -3030.243 0.81
2019-05-05_23:17:56 06415 11.352 425.200 4826.870 8.352 -296.400 -2475.533 0.82
2019-05-05_23:17:57 06416 11.344 429.600 4873.382 8.360 -303.200 -2534.752 0.82
2019-05-05_23:17:58 06417 11.344 435.200 4936.909 8.368 -315.200 -2637.594 0.82
2019-05-05_23:17:59 06418 11.344 439.200 4982.285 8.368 -316.000 -2644.288 0.82
2019-05-05_23:18:00 06419 11.336 446.000 5055.856 8.376 -324.000 -2713.824 0.82
2019-05-05_23:18:01 06420 11.328 450.800 5106.662 8.384 -330.000 -2766.720 0.82
2019-05-05_23:18:02 06421 11.328 455.200 5156.506 8.384 -334.400 -2803.610 0.82
2019-05-05_23:18:03 06422 11.328 458.000 5188.224 8.392 -340.000 -2853.280 0.82
2019-05-05_23:18:04 06423 11.320 463.200 5243.424 8.392 -346.400 -2906.989 0.82
2019-05-05_23:18:05 06424 11.320 468.400 5302.288 8.400 -355.200 -2983.680 0.82
2019-05-05_23:18:06 06425 11.312 476.000 5384.512 8.408 -368.000 -3094.144 0.81
2019-05-05_23:18:07 06426 11.360 422.000 4793.920 8.352 -298.800 -2495.578 0.82
2019-05-05_23:18:08 06427 11.352 428.000 4858.656 8.360 -302.400 -2528.064 0.82
2019-05-05_23:18:09 06428 11.352 430.800 4890.442 8.368 -312.400 -2614.163 0.82
2019-05-05_23:18:10 06429 11.344 439.200 4982.285 8.368 -322.400 -2697.843 0.82
2019-05-05_23:18:11 06430 11.344 437.200 4959.597 8.376 -323.600 -2710.474 0.82
2019-05-05_23:18:12 06431 11.336 452.000 5123.872 8.376 -320.400 -2683.670 0.82
2019-05-05_23:18:13 06432 11.328 451.200 5111.194 8.384 -335.200 -2810.317 0.82
2019-05-05_23:18:14 06433 11.328 451.600 5115.725 8.392 -341.600 -2866.707 0.82
2019-05-05_23:18:15 06434 11.320 464.000 5252.480 8.400 -349.600 -2936.640 0.82
2019-05-05_23:18:16 06435 11.320 467.600 5293.232 8.400 -353.200 -2966.880 0.82
2019-05-05_23:18:17 06436 11.312 475.600 5379.987 8.408 -360.000 -3026.880 0.81
2019-05-05_23:18:18 06437 11.352 421.600 4786.003 8.352 -299.200 -2498.918 0.82
2019-05-05_23:18:19 06438 11.352 425.600 4831.411 8.360 -305.600 -2554.816 0.82
2019-05-05_23:18:20 06439 11.352 434.000 4926.768 8.368 -312.000 -2610.816 0.82
2019-05-05_23:18:21 06440 11.336 439.200 4978.771 8.368 -315.200 -2637.594 0.82
2019-05-05_23:18:22 06441 11.336 444.400 5037.718 8.376 -320.400 -2683.670 0.82
2019-05-05_23:18:23 06442 11.336 448.400 5083.062 8.376 -328.000 -2747.328 0.82
2019-05-05_23:18:24 06443 11.328 454.000 5142.912 8.384 -334.400 -2803.610 0.82
2019-05-05_23:18:25 06444 11.328 460.000 5210.880 8.392 -346.000 -2903.632 0.82
2019-05-05_23:18:26 06445 11.320 465.600 5270.592 8.400 -346.400 -2909.760 0.82
2019-05-05_23:18:27 06446 11.320 470.000 5320.400 8.400 -353.600 -2970.240 0.82
2019-05-05_23:18:28 06447 11.328 471.200 5337.754 8.408 -362.800 -3050.422 0.81
2019-05-05_23:18:29 06448 11.352 422.000 4790.544 8.352 -294.800 -2462.170 0.82
2019-05-05_23:18:30 06449 11.352 424.400 4817.789 8.360 -302.400 -2528.064 0.82
2019-05-05_23:18:31 06450 11.344 436.000 4945.984 8.368 -312.800 -2617.510 0.82
2019-05-05_23:18:32 06451 11.344 440.000 4991.360 8.368 -317.600 -2657.677 0.82
2019-05-05_23:18:33 06452 11.336 445.200 5046.787 8.376 -327.200 -2740.627 0.82
2019-05-05_23:18:34 06453 11.328 449.600 5093.069 8.376 -328.800 -2754.029 0.82
2019-05-05_23:18:35 06454 11.336 453.200 5137.475 8.384 -334.800 -2806.963 0.82
2019-05-05_23:18:36 06455 11.328 456.400 5170.099 8.392 -340.400 -2856.637 0.82
2019-05-05_23:18:37 06456 11.320 464.400 5257.008 8.400 -351.200 -2950.080 0.82
2019-05-05_23:18:38 06457 11.320 466.400 5279.648 8.400 -352.800 -2963.520 0.82
2019-05-05_23:18:39 06458 11.320 471.600 5338.512 8.408 -361.200 -3036.970 0.81
2019-05-05_23:18:40 06459 11.360 415.200 4716.672 8.352 -295.600 -2468.851 0.82
2019-05-05_23:18:41 06460 11.352 428.000 4858.656 8.360 -300.800 -2514.688 0.82
2019-05-05_23:18:42 06461 11.344 435.200 4936.909 8.368 -311.600 -2607.469 0.82
2019-05-05_23:18:43 06462 11.344 438.800 4977.747 8.368 -316.000 -2644.288 0.82
2019-05-05_23:18:44 06463 11.336 436.800 4951.565 8.376 -323.200 -2707.123 0.82
2019-05-05_23:18:45 06464 11.336 431.600 4892.618 8.384 -340.400 -2853.914 0.82