2019-05-04_23:50:19 00506 11.584 158.800 1839.539 8.352 0.400 3.341 0.75
2019-05-04_23:50:20 00507 11.576 172.000 1991.072 8.352 0.000 0.000 0.75
2019-05-04_23:50:21 00508 11.584 154.000 1783.936 8.368 0.400 3.347 0.76
2019-05-04_23:50:22 00509 11.576 169.600 1963.290 8.376 0.400 3.350 0.76
2019-05-04_23:50:23 00510 11.584 153.200 1774.669 8.392 0.000 0.000 0.76
2019-05-04_23:50:24 00511 11.576 161.600 1870.682 8.400 0.400 3.360 0.76
2019-05-04_23:50:25 00512 11.576 169.200 1958.659 8.400 0.000 0.000 0.76
2019-05-04_23:50:26 00513 11.584 153.200 1774.669 8.424 0.400 3.370 0.75
2019-05-04_23:50:27 00514 11.584 168.800 1955.379 8.312 0.400 3.325 0.75
2019-05-04_23:50:28 00515 11.592 153.200 1775.894 8.328 0.000 0.000 0.75
2019-05-04_23:50:29 00516 11.584 161.200 1867.341 8.344 0.000 0.000 0.75
2019-05-04_23:50:30 00517 11.592 164.000 1901.088 8.352 0.400 3.341 0.75
2019-05-04_23:50:31 00518 11.592 153.200 1775.894 8.360 0.400 3.344 0.75
2019-05-04_23:50:32 00519 11.568 169.200 1957.306 8.360 0.400 3.344 0.76
2019-05-04_23:50:33 00520 11.576 164.400 1903.094 8.384 0.400 3.354 0.76
2019-05-04_23:50:34 00521 11.592 152.800 1771.258 8.392 0.400 3.357 0.76
2019-05-04_23:50:35 00522 11.584 153.200 1774.669 8.400 0.000 0.000 0.76
2019-05-04_23:50:36 00523 11.576 163.600 1893.834 8.416 0.000 0.000 0.75
2019-05-04_23:50:37 00524 11.600 153.200 1777.120 8.312 0.000 0.000 0.75
2019-05-04_23:50:38 00525 11.592 153.200 1775.894 8.320 0.000 0.000 0.75
2019-05-04_23:50:39 00526 11.592 152.800 1771.258 8.328 0.000 0.000 0.75
2019-05-04_23:50:40 00527 11.552 181.600 2097.843 8.336 0.400 3.334 0.75
2019-05-04_23:50:41 00528 11.584 163.600 1895.142 8.352 0.000 0.000 0.75
2019-05-04_23:50:42 00529 11.576 168.800 1954.029 8.352 0.400 3.341 0.75
2019-05-04_23:50:43 00530 11.592 152.800 1771.258 8.368 0.400 3.347 0.76
2019-05-04_23:50:44 00531 11.584 154.400 1788.570 8.384 0.400 3.354 0.76
2019-05-04_23:50:45 00532 11.576 186.400 2157.766 8.384 0.400 3.354 0.76
2019-05-04_23:50:46 00533 11.584 152.800 1770.035 8.400 0.400 3.360 0.76
2019-05-04_23:50:47 00534 11.576 169.600 1963.290 8.400 0.000 0.000 0.76
2019-05-04_23:50:48 00535 11.576 154.800 1791.965 8.424 0.000 0.000 0.75
2019-05-04_23:50:49 00536 11.584 163.600 1895.142 8.320 0.000 0.000 0.75
2019-05-04_23:50:50 00537 11.584 169.200 1960.013 8.320 0.000 0.000 0.75
2019-05-04_23:50:51 00538 11.592 153.200 1775.894 8.336 0.000 0.000 0.75
2019-05-04_23:50:52 00539 11.592 153.200 1775.894 8.352 0.000 0.000 0.75
2019-05-04_23:50:53 00540 11.584 158.400 1834.906 8.360 0.400 3.344 0.75
2019-05-04_23:50:54 00541 11.576 168.400 1949.398 8.360 0.000 0.000 0.76
2019-05-04_23:50:55 00542 11.592 153.600 1780.531 8.384 0.400 3.354 0.76
2019-05-04_23:50:56 00543 11.584 153.200 1774.669 8.384 0.000 0.000 0.76
2019-05-04_23:50:57 00544 11.584 153.200 1774.669 8.400 0.000 0.000 0.76
2019-05-04_23:50:58 00545 11.576 163.600 1893.834 8.416 0.400 3.366 0.75
2019-05-04_23:50:59 00546 11.600 153.200 1777.120 8.312 0.000 0.000 0.75
2019-05-04_23:51:00 00547 11.600 153.200 1777.120 8.320 0.400 3.328 0.75
2019-05-04_23:51:01 00548 11.592 153.200 1775.894 8.328 0.000 0.000 0.75
2019-05-04_23:51:02 00549 11.568 169.600 1961.933 8.328 0.000 0.000 0.75
2019-05-04_23:51:03 00550 11.584 162.000 1876.608 8.352 0.000 0.000 0.75
2019-05-04_23:51:04 00551 11.592 153.200 1775.894 8.360 0.400 3.344 0.75
2019-05-04_23:51:05 00552 11.576 169.200 1958.659 8.360 0.400 3.344 0.76
2019-05-04_23:51:06 00553 11.584 153.200 1774.669 8.384 0.400 3.354 0.76
2019-05-04_23:51:07 00554 11.576 182.000 2106.832 8.384 0.400 3.354 0.76
2019-05-04_23:51:08 00555 11.584 153.200 1774.669 8.400 0.000 0.000 0.76
2019-05-04_23:51:09 00556 11.584 153.200 1774.669 8.408 0.000 0.000 0.75
2019-05-04_23:51:10 00557 11.568 171.600 1985.069 8.304 0.000 0.000 0.75
2019-05-04_23:51:11 00558 11.584 163.200 1890.509 8.320 0.000 0.000 0.75
2019-05-04_23:51:12 00559 11.584 169.200 1960.013 8.320 0.400 3.328 0.75
2019-05-04_23:51:13 00560 11.592 153.200 1775.894 8.336 0.400 3.334 0.75
2019-05-04_23:51:14 00561 11.584 162.000 1876.608 8.352 0.400 3.341 0.75
2019-05-04_23:51:15 00562 11.576 169.200 1958.659 8.352 0.400 3.341 0.75
2019-05-04_23:51:16 00563 11.592 153.200 1775.894 8.368 0.400 3.347 0.76
2019-05-04_23:51:17 00564 11.576 169.200 1958.659 8.376 0.400 3.350 0.76
2019-05-04_23:51:18 00565 11.584 153.200 1774.669 8.392 0.000 0.000 0.76
2019-05-04_23:51:19 00566 11.584 153.200 1774.669 8.400 0.400 3.360 0.76
2019-05-04_23:51:20 00567 11.568 169.200 1957.306 8.400 0.400 3.360 0.76
2019-05-04_23:51:21 00568 11.576 158.000 1829.008 8.424 0.000 0.000 0.75
2019-05-04_23:51:22 00569 11.584 169.200 1960.013 8.312 0.000 0.000 0.75
2019-05-04_23:51:23 00570 11.592 164.000 1901.088 8.328 0.000 0.000 0.75
2019-05-04_23:51:24 00571 11.592 153.200 1775.894 8.344 0.400 3.338 0.75
2019-05-04_23:51:25 00572 11.576 169.200 1958.659 8.344 0.000 0.000 0.75
2019-05-04_23:51:26 00573 11.592 153.200 1775.894 8.360 0.000 0.000 0.75
2019-05-04_23:51:27 00574 11.576 169.200 1958.659 8.360 0.000 0.000 0.76
2019-05-04_23:51:28 00575 11.584 154.800 1793.203 8.384 0.000 0.000 0.76
2019-05-04_23:51:29 00576 11.584 163.600 1895.142 8.392 0.400 3.357 0.76
2019-05-04_23:51:30 00577 11.584 153.600 1779.302 8.400 0.400 3.360 0.76
2019-05-04_23:51:31 00578 11.584 152.800 1770.035 8.408 0.400 3.363 0.75
2019-05-04_23:51:32 00579 11.584 169.200 1960.013 8.304 0.000 0.000 0.75
2019-05-04_23:51:33 00580 11.584 158.800 1839.539 8.320 0.000 0.000 0.75
2019-05-04_23:51:34 00581 11.584 153.200 1774.669 8.328 0.000 0.000 0.75
2019-05-04_23:51:35 00582 11.584 169.200 1960.013 8.328 0.400 3.331 0.75
2019-05-04_23:51:36 00583 11.584 163.200 1890.509 8.352 0.400 3.341 0.75
2019-05-04_23:51:37 00584 11.584 158.800 1839.539 8.360 0.400 3.344 0.75
2019-05-04_23:51:38 00585 11.576 162.800 1884.573 8.368 0.400 3.347 0.76
2019-05-04_23:51:39 00586 11.584 163.600 1895.142 8.384 0.400 3.354 0.76
2019-05-04_23:51:40 00587 11.584 153.600 1779.302 8.392 0.400 3.357 0.76
2019-05-04_23:51:41 00588 11.584 153.200 1774.669 8.400 0.000 0.000 0.76
2019-05-04_23:51:42 00589 11.560 173.600 2006.816 8.400 0.000 0.000 0.76
2019-05-04_23:51:43 00590 11.584 164.400 1904.410 8.424 0.000 0.000 0.75
2019-05-04_23:51:44 00591 11.592 153.200 1775.894 8.320 0.000 0.000 0.75
2019-05-04_23:51:45 00592 11.576 168.800 1954.029 8.320 0.000 0.000 0.75
2019-05-04_23:51:46 00593 11.592 154.000 1785.168 8.336 0.000 0.000 0.75
2019-05-04_23:51:47 00594 11.576 169.600 1963.290 8.344 0.400 3.338 0.75
2019-05-04_23:51:48 00595 11.592 153.200 1775.894 8.360 0.400 3.344 0.75
2019-05-04_23:51:49 00596 11.592 153.200 1775.894 8.368 0.400 3.347 0.76
2019-05-04_23:51:50 00597 11.568 169.200 1957.306 8.376 0.000 0.000 0.76
2019-05-04_23:51:51 00598 11.576 159.200 1842.899 8.392 0.400 3.357 0.76
2019-05-04_23:51:52 00599 11.584 153.200 1774.669 8.400 0.400 3.360 0.76
2019-05-04_23:51:53 00600 11.584 152.800 1770.035 8.408 0.400 3.363 0.75
2019-05-04_23:51:54 00601 11.592 154.000 1785.168 8.312 0.000 0.000 0.75
2019-05-04_23:51:55 00602 11.592 163.600 1896.451 8.320 0.000 0.000 0.75
2019-05-04_23:51:56 00603 11.592 152.800 1771.258 8.328 0.000 0.000 0.75
2019-05-04_23:51:57 00604 11.584 169.200 1960.013 8.328 0.400 3.331 0.75
2019-05-04_23:51:58 00605 11.584 159.600 1848.806 8.352 0.400 3.341 0.75
2019-05-04_23:51:59 00606 11.592 164.000 1901.088 8.360 0.400 3.344 0.75