2019-05-05_23:30:33 07172 11.376 397.600 4523.098 8.360 -270.800 -2263.888 0.81
2019-05-05_23:30:34 07173 11.376 406.400 4623.206 8.368 -280.000 -2343.040 0.81
2019-05-05_23:30:35 07174 11.360 408.800 4643.968 8.368 -284.400 -2379.859 0.82
2019-05-05_23:30:36 07175 11.360 417.200 4739.392 8.376 -288.000 -2412.288 0.82
2019-05-05_23:30:37 07176 11.360 417.600 4743.936 8.376 -297.600 -2492.698 0.82
2019-05-05_23:30:38 07177 11.360 425.600 4834.816 8.384 -302.400 -2535.322 0.82
2019-05-05_23:30:39 07178 11.352 434.400 4931.309 8.392 -307.200 -2578.022 0.82
2019-05-05_23:30:40 07179 11.344 435.200 4936.909 8.400 -317.600 -2667.840 0.82
2019-05-05_23:30:41 07180 11.344 444.000 5036.736 8.400 -326.800 -2745.120 0.82
2019-05-05_23:30:42 07181 11.344 440.000 4991.360 8.408 -331.600 -2788.093 0.81
2019-05-05_23:30:43 07182 11.384 396.400 4512.618 8.352 -264.000 -2204.928 0.81
2019-05-05_23:30:44 07183 11.376 398.800 4536.749 8.360 -270.400 -2260.544 0.81
2019-05-05_23:30:45 07184 11.368 405.200 4606.314 8.368 -276.400 -2312.915 0.81
2019-05-05_23:30:46 07185 11.360 411.200 4671.232 8.368 -286.000 -2393.248 0.82
2019-05-05_23:30:47 07186 11.360 411.600 4675.776 8.376 -290.800 -2435.741 0.82
2019-05-05_23:30:48 07187 11.360 415.600 4721.216 8.384 -297.600 -2495.078 0.82
2019-05-05_23:30:49 07188 11.352 418.400 4749.677 8.384 -302.000 -2531.968 0.82
2019-05-05_23:30:50 07189 11.352 427.600 4854.115 8.392 -309.200 -2594.806 0.82
2019-05-05_23:30:51 07190 11.344 435.200 4936.909 8.392 -319.600 -2682.083 0.82
2019-05-05_23:30:52 07191 11.344 440.800 5000.435 8.400 -323.200 -2714.880 0.82
2019-05-05_23:30:53 07192 11.336 446.000 5055.856 8.408 -332.000 -2791.456 0.81
2019-05-05_23:30:54 07193 11.384 393.200 4476.189 8.352 -264.400 -2208.269 0.81
2019-05-05_23:30:55 07194 11.376 402.000 4573.152 8.360 -276.800 -2314.048 0.81
2019-05-05_23:30:56 07195 11.384 386.800 4403.331 8.368 -286.400 -2396.595 0.81
2019-05-05_23:30:57 07196 11.368 411.200 4674.522 8.368 -282.000 -2359.776 0.82
2019-05-05_23:30:58 07197 11.360 416.400 4730.304 8.376 -288.800 -2418.989 0.82
2019-05-05_23:30:59 07198 11.352 422.400 4795.085 8.384 -300.400 -2518.554 0.82
2019-05-05_23:31:00 07199 11.352 425.200 4826.870 8.384 -304.800 -2555.443 0.82
2019-05-05_23:31:01 07200 11.344 432.400 4905.146 8.392 -308.400 -2588.093 0.82
2019-05-05_23:31:02 07201 11.344 440.000 4991.360 8.400 -312.000 -2620.800 0.82
2019-05-05_23:31:03 07202 11.344 433.600 4918.758 8.400 -320.400 -2691.360 0.82
2019-05-05_23:31:04 07203 11.344 444.400 5041.274 8.408 -326.400 -2744.371 0.81
2019-05-05_23:31:05 07204 11.384 391.600 4457.974 8.352 -269.600 -2251.699 0.81
2019-05-05_23:31:06 07205 11.376 401.200 4564.051 8.360 -271.600 -2270.576 0.81
2019-05-05_23:31:07 07206 11.376 406.000 4618.656 8.360 -276.000 -2307.360 0.81
2019-05-05_23:31:08 07207 11.368 411.200 4674.522 8.368 -287.200 -2403.290 0.82
2019-05-05_23:31:09 07208 11.360 417.200 4739.392 8.376 -289.600 -2425.690 0.82
2019-05-05_23:31:10 07209 11.360 422.000 4793.920 8.384 -295.200 -2474.957 0.82
2019-05-05_23:31:11 07210 11.352 429.600 4876.819 8.384 -302.400 -2535.322 0.82
2019-05-05_23:31:12 07211 11.344 430.400 4882.458 8.392 -309.600 -2598.163 0.82
2019-05-05_23:31:13 07212 11.344 439.200 4982.285 8.400 -315.600 -2651.040 0.82
2019-05-05_23:31:14 07213 11.344 439.200 4982.285 8.400 -325.200 -2731.680 0.82
2019-05-05_23:31:15 07214 11.344 444.000 5036.736 8.408 -328.000 -2757.824 0.81
2019-05-05_23:31:16 07215 11.376 386.400 4395.686 8.352 -262.800 -2194.906 0.81
2019-05-05_23:31:17 07216 11.368 399.200 4538.106 8.360 -272.400 -2277.264 0.81
2019-05-05_23:31:18 07217 11.368 404.800 4601.766 8.368 -276.400 -2312.915 0.81
2019-05-05_23:31:19 07218 11.368 405.600 4610.861 8.368 -280.800 -2349.734 0.82
2019-05-05_23:31:20 07219 11.360 412.800 4689.408 8.376 -289.600 -2425.690 0.82
2019-05-05_23:31:21 07220 11.352 422.000 4790.544 8.384 -298.000 -2498.432 0.82
2019-05-05_23:31:22 07221 11.360 424.400 4821.184 8.384 -303.600 -2545.382 0.82
2019-05-05_23:31:23 07222 11.352 428.000 4858.656 8.392 -307.200 -2578.022 0.82
2019-05-05_23:31:24 07223 11.352 436.400 4954.013 8.400 -313.600 -2634.240 0.82
2019-05-05_23:31:25 07224 11.344 441.200 5004.973 8.408 -320.800 -2697.286 0.81
2019-05-05_23:31:26 07225 11.384 384.400 4376.010 8.352 -256.800 -2144.794 0.81
2019-05-05_23:31:27 07226 11.384 396.800 4517.171 8.352 -265.200 -2214.950 0.81
2019-05-05_23:31:28 07227 11.376 392.000 4459.392 8.360 -274.000 -2290.640 0.81
2019-05-05_23:31:29 07228 11.368 405.600 4610.861 8.360 -275.200 -2300.672 0.81
2019-05-05_23:31:30 07229 11.368 406.000 4615.408 8.368 -280.400 -2346.387 0.82
2019-05-05_23:31:31 07230 11.360 408.400 4639.424 8.376 -292.400 -2449.142 0.82
2019-05-05_23:31:32 07231 11.360 420.400 4775.744 8.384 -301.200 -2525.261 0.82
2019-05-05_23:31:33 07232 11.352 430.000 4881.360 8.384 -301.600 -2528.614 0.82
2019-05-05_23:31:34 07233 11.352 432.800 4913.146 8.392 -306.400 -2571.309 0.82
2019-05-05_23:31:35 07234 11.344 438.000 4968.672 8.392 -315.600 -2648.515 0.82
2019-05-05_23:31:36 07235 11.344 441.600 5009.510 8.400 -319.200 -2681.280 0.82
2019-05-05_23:31:37 07236 11.336 448.000 5078.528 8.408 -328.000 -2757.824 0.81
2019-05-05_23:31:38 07237 11.376 387.200 4404.787 8.360 -262.800 -2197.008 0.81
2019-05-05_23:31:39 07238 11.368 404.400 4597.219 8.360 -268.400 -2243.824 0.81
2019-05-05_23:31:40 07239 11.368 398.400 4529.011 8.368 -279.200 -2336.346 0.81
2019-05-05_23:31:41 07240 11.360 412.000 4680.320 8.368 -280.800 -2349.734 0.82
2019-05-05_23:31:42 07241 11.360 413.200 4693.952 8.376 -286.800 -2402.237 0.82
2019-05-05_23:31:43 07242 11.360 424.000 4816.640 8.384 -296.000 -2481.664 0.82
2019-05-05_23:31:44 07243 11.352 425.200 4826.870 8.384 -301.200 -2525.261 0.82
2019-05-05_23:31:45 07244 11.344 434.000 4923.296 8.392 -310.800 -2608.234 0.82
2019-05-05_23:31:46 07245 11.352 428.800 4867.738 8.400 -313.200 -2630.880 0.82
2019-05-05_23:31:47 07246 11.344 444.400 5041.274 8.408 -322.000 -2707.376 0.81
2019-05-05_23:31:48 07247 11.384 392.800 4471.635 8.352 -257.200 -2148.134 0.81
2019-05-05_23:31:49 07248 11.376 397.600 4523.098 8.360 -262.400 -2193.664 0.81
2019-05-05_23:31:50 07249 11.376 399.200 4541.299 8.360 -268.400 -2243.824 0.81
2019-05-05_23:31:51 07250 11.368 404.800 4601.766 8.360 -273.600 -2287.296 0.81
2019-05-05_23:31:52 07251 11.368 404.800 4601.766 8.368 -281.200 -2353.082 0.82
2019-05-05_23:31:53 07252 11.360 410.400 4662.144 8.376 -286.000 -2395.536 0.82
2019-05-05_23:31:54 07253 11.360 420.800 4780.288 8.384 -296.400 -2485.018 0.82
2019-05-05_23:31:55 07254 11.352 427.200 4849.574 8.384 -301.600 -2528.614 0.82
2019-05-05_23:31:56 07255 11.352 432.000 4904.064 8.392 -310.800 -2608.234 0.82
2019-05-05_23:31:57 07256 11.352 415.600 4717.891 8.400 -324.400 -2724.960 0.82
2019-05-05_23:31:58 07257 11.360 416.400 4730.304 8.408 -337.200 -2835.178 0.81
2019-05-05_23:31:59 07258 11.400 359.200 4094.880 8.352 -273.200 -2281.766 0.81
2019-05-05_23:32:00 07259 11.392 364.000 4146.688 8.360 -279.200 -2334.112 0.81
2019-05-05_23:32:01 07260 11.392 375.600 4278.835 8.360 -285.200 -2384.272 0.81
2019-05-05_23:32:03 07261 11.392 373.200 4251.494 8.368 -291.200 -2436.762 0.81
2019-05-05_23:32:04 07262 11.376 378.000 4300.128 8.376 -297.600 -2492.698 0.82
2019-05-05_23:32:05 07263 11.384 390.800 4448.867 8.376 -304.000 -2546.304 0.82
2019-05-05_23:32:06 07264 11.376 389.600 4432.090 8.384 -311.600 -2612.454 0.82
2019-05-05_23:32:07 07265 11.368 394.400 4483.539 8.392 -318.000 -2668.656 0.82
2019-05-05_23:32:08 07266 11.360 400.800 4553.088 8.400 -324.000 -2721.600 0.82
2019-05-05_23:32:09 07267 11.368 411.600 4679.069 8.400 -330.400 -2775.360 0.82
2019-05-05_23:32:10 07268 11.360 409.200 4648.512 8.408 -336.400 -2828.451 0.81
2019-05-05_23:32:11 07269 11.400 358.800 4090.320 8.352 -272.800 -2278.426 0.81
2019-05-05_23:32:12 07270 11.392 367.600 4187.699 8.360 -278.800 -2330.768 0.81
2019-05-05_23:32:13 07271 11.392 368.400 4196.813 8.368 -284.800 -2383.206 0.81
2019-05-05_23:32:14 07272 11.384 384.400 4376.010 8.368 -285.200 -2386.554 0.81