2019-05-05_00:17:17 02122 11.576 168.400 1949.398 8.392 0.000 0.000 0.76
2019-05-05_00:17:18 02123 11.576 159.200 1842.899 8.408 0.000 0.000 0.75
2019-05-05_00:17:19 02124 11.600 152.400 1767.840 8.312 0.000 0.000 0.75
2019-05-05_00:17:20 02125 11.600 152.800 1772.480 8.320 0.000 0.000 0.75
2019-05-05_00:17:21 02126 11.584 154.400 1788.570 8.328 0.000 0.000 0.75
2019-05-05_00:17:22 02127 11.584 160.800 1862.707 8.336 0.400 3.334 0.75
2019-05-05_00:17:23 02128 11.592 152.800 1771.258 8.352 0.000 0.000 0.75
2019-05-05_00:17:24 02129 11.592 152.800 1771.258 8.360 0.000 0.000 0.75
2019-05-05_00:17:25 02130 11.584 152.800 1770.035 8.368 0.400 3.347 0.76
2019-05-05_00:17:26 02131 11.584 154.800 1793.203 8.376 0.400 3.350 0.76
2019-05-05_00:17:27 02132 11.576 181.200 2097.571 8.384 0.000 0.000 0.76
2019-05-05_00:17:28 02133 11.584 152.800 1770.035 8.400 0.400 3.360 0.76
2019-05-05_00:17:29 02134 11.576 168.800 1954.029 8.400 0.000 0.000 0.76
2019-05-05_00:17:30 02135 11.576 156.000 1805.856 8.424 0.000 0.000 0.75
2019-05-05_00:17:31 02136 11.592 152.800 1771.258 8.320 0.000 0.000 0.75
2019-05-05_00:17:32 02137 11.584 168.800 1955.379 8.320 0.000 0.000 0.75
2019-05-05_00:17:33 02138 11.584 152.400 1765.402 8.336 0.400 3.334 0.75
2019-05-05_00:17:34 02139 11.592 152.400 1766.621 8.352 0.400 3.341 0.75
2019-05-05_00:17:35 02140 11.584 156.400 1811.738 8.360 0.000 0.000 0.75
2019-05-05_00:17:36 02141 11.584 153.200 1774.669 8.368 0.400 3.347 0.76
2019-05-05_00:17:37 02142 11.576 169.200 1958.659 8.376 0.400 3.350 0.76
2019-05-05_00:17:38 02143 11.584 152.800 1770.035 8.392 0.000 0.000 0.76
2019-05-05_00:17:39 02144 11.584 152.400 1765.402 8.400 0.400 3.360 0.76
2019-05-05_00:17:40 02145 11.576 154.800 1791.965 8.408 0.400 3.363 0.75
2019-05-05_00:17:41 02146 11.600 163.200 1893.120 8.312 0.000 0.000 0.75
2019-05-05_00:17:42 02147 11.592 152.800 1771.258 8.320 0.000 0.000 0.75
2019-05-05_00:17:43 02148 11.592 153.200 1775.894 8.328 0.400 3.331 0.75
2019-05-05_00:17:44 02149 11.592 152.800 1771.258 8.336 0.400 3.334 0.75
2019-05-05_00:17:45 02150 11.584 154.800 1793.203 8.352 0.000 0.000 0.75
2019-05-05_00:17:46 02151 11.584 154.000 1783.936 8.360 0.400 3.344 0.75
2019-05-05_00:17:47 02152 11.560 173.600 2006.816 8.360 0.400 3.344 0.76
2019-05-05_00:17:48 02153 11.592 162.400 1882.541 8.384 0.000 0.000 0.76
2019-05-05_00:17:49 02154 11.576 160.400 1856.790 8.392 0.400 3.357 0.76
2019-05-05_00:17:50 02155 11.584 152.800 1770.035 8.400 0.400 3.360 0.76
2019-05-05_00:17:51 02156 11.576 156.000 1805.856 8.408 0.000 0.000 0.75
2019-05-05_00:17:52 02157 11.584 168.800 1955.379 8.304 0.000 0.000 0.75
2019-05-05_00:17:53 02158 11.600 152.800 1772.480 8.320 0.000 0.000 0.75
2019-05-05_00:17:54 02159 11.592 153.200 1775.894 8.328 0.000 0.000 0.75
2019-05-05_00:17:55 02160 11.592 152.800 1771.258 8.336 0.400 3.334 0.75
2019-05-05_00:17:56 02161 11.584 156.800 1816.371 8.352 0.400 3.341 0.75
2019-05-05_00:17:57 02162 11.576 168.800 1954.029 8.352 0.400 3.341 0.75
2019-05-05_00:17:58 02163 11.592 152.800 1771.258 8.368 0.400 3.347 0.76
2019-05-05_00:17:59 02164 11.592 163.200 1891.814 8.376 0.400 3.350 0.76
2019-05-05_00:18:00 02165 11.592 153.200 1775.894 8.384 0.400 3.354 0.76
2019-05-05_00:18:01 02166 11.584 154.000 1783.936 8.400 0.400 3.360 0.76
2019-05-05_00:18:02 02167 11.576 156.000 1805.856 8.408 0.000 0.000 0.75
2019-05-05_00:18:03 02168 11.584 160.800 1862.707 8.312 0.000 0.000 0.75
2019-05-05_00:18:04 02169 11.584 170.000 1969.280 8.312 0.400 3.325 0.75
2019-05-05_00:18:05 02170 11.592 152.800 1771.258 8.328 0.000 0.000 0.75
2019-05-05_00:18:06 02171 11.592 152.400 1766.621 8.336 0.400 3.334 0.75
2019-05-05_00:18:07 02172 11.568 170.800 1975.814 8.344 0.400 3.338 0.75
2019-05-05_00:18:08 02173 11.592 162.800 1887.178 8.360 0.400 3.344 0.75
2019-05-05_00:18:09 02174 11.576 170.000 1967.920 8.360 0.000 0.000 0.76
2019-05-05_00:18:10 02175 11.592 152.800 1771.258 8.384 0.400 3.354 0.76
2019-05-05_00:18:11 02176 11.584 152.800 1770.035 8.392 0.400 3.357 0.76
2019-05-05_00:18:12 02177 11.568 168.800 1952.678 8.392 0.400 3.357 0.76
2019-05-05_00:18:13 02178 11.576 161.600 1870.682 8.408 0.400 3.363 0.75
2019-05-05_00:18:14 02179 11.584 167.200 1936.845 8.296 0.000 0.000 0.77
2019-05-05_00:18:15 02180 11.584 152.400 1765.402 8.536 0.000 0.000 0.76
2019-05-05_00:18:16 02181 11.584 152.800 1770.035 8.408 0.400 3.363 0.75
2019-05-05_00:18:17 02182 11.584 168.800 1955.379 8.304 0.000 0.000 0.75
2019-05-05_00:18:18 02183 11.592 159.200 1845.446 8.320 0.000 0.000 0.75
2019-05-05_00:18:19 02184 11.584 170.800 1978.547 8.320 0.000 0.000 0.75
2019-05-05_00:18:20 02185 11.584 161.200 1867.341 8.336 0.400 3.334 0.75
2019-05-05_00:18:21 02186 11.584 164.800 1909.043 8.352 0.400 3.341 0.75
2019-05-05_00:18:22 02187 11.592 152.400 1766.621 8.360 0.400 3.344 0.75
2019-05-05_00:18:23 02188 11.584 152.800 1770.035 8.368 0.400 3.347 0.76
2019-05-05_00:18:24 02189 11.576 170.800 1977.181 8.368 0.400 3.347 0.76
2019-05-05_00:18:25 02190 11.592 152.800 1771.258 8.392 0.400 3.357 0.76
2019-05-05_00:18:26 02191 11.584 162.000 1876.608 8.400 0.400 3.360 0.76
2019-05-05_00:18:27 02192 11.576 168.400 1949.398 8.400 0.000 0.000 0.76
2019-05-05_00:18:28 02193 11.584 152.800 1770.035 8.424 0.400 3.370 0.75
2019-05-05_00:18:29 02194 11.568 196.000 2267.328 8.296 0.000 0.000 0.77
2019-05-05_00:18:30 02195 11.584 152.000 1760.768 8.552 0.000 0.000 0.76
2019-05-05_00:18:31 02196 11.584 152.400 1765.402 8.416 0.400 3.366 0.75
2019-05-05_00:18:32 02197 11.584 169.200 1960.013 8.312 0.000 0.000 0.75
2019-05-05_00:18:33 02198 11.584 160.400 1858.074 8.328 0.000 0.000 0.75
2019-05-05_00:18:34 02199 11.584 170.400 1973.914 8.328 0.400 3.331 0.75
2019-05-05_00:18:35 02200 11.592 152.800 1771.258 8.352 0.000 0.000 0.75
2019-05-05_00:18:36 02201 11.592 152.800 1771.258 8.360 0.400 3.344 0.75
2019-05-05_00:18:37 02202 11.576 168.400 1949.398 8.360 0.400 3.344 0.76
2019-05-05_00:18:38 02203 11.592 153.200 1775.894 8.376 0.400 3.350 0.76
2019-05-05_00:18:39 02204 11.576 170.400 1972.550 8.376 0.000 0.000 0.76
2019-05-05_00:18:40 02205 11.576 156.000 1805.856 8.400 0.000 0.000 0.76
2019-05-05_00:18:41 02206 11.584 152.400 1765.402 8.408 0.000 0.000 0.75
2019-05-05_00:18:42 02207 11.592 158.400 1836.173 8.312 0.000 0.000 0.75
2019-05-05_00:18:43 02208 11.600 152.400 1767.840 8.320 0.000 0.000 0.75
2019-05-05_00:18:44 02209 11.560 181.200 2094.672 8.320 0.000 0.000 0.75
2019-05-05_00:18:45 02210 11.592 152.800 1771.258 8.336 0.400 3.334 0.75
2019-05-05_00:18:46 02211 11.584 155.200 1797.837 8.352 0.400 3.341 0.75
2019-05-05_00:18:47 02212 11.576 168.800 1954.029 8.352 0.400 3.341 0.75
2019-05-05_00:18:48 02213 11.592 152.800 1771.258 8.368 0.400 3.347 0.76
2019-05-05_00:18:49 02214 11.576 170.800 1977.181 8.368 0.400 3.347 0.76
2019-05-05_00:18:50 02215 11.584 157.200 1821.005 8.392 0.400 3.357 0.76
2019-05-05_00:18:51 02216 11.576 154.400 1787.334 8.400 0.400 3.360 0.76
2019-05-05_00:18:52 02217 11.576 180.800 2092.941 8.400 0.000 0.000 0.76
2019-05-05_00:18:53 02218 11.584 152.400 1765.402 8.424 0.000 0.000 0.75
2019-05-05_00:18:54 02219 11.600 153.200 1777.120 8.320 0.000 0.000 0.75
2019-05-05_00:18:55 02220 11.584 152.800 1770.035 8.328 0.000 0.000 0.75
2019-05-05_00:18:56 02221 11.592 152.800 1771.258 8.336 0.400 3.334 0.75
2019-05-05_00:18:57 02222 11.584 182.800 2117.555 8.344 0.000 0.000 0.75