2019-05-05_22:16:25 02728 2.240 -0.800 -1.792 7.896 192.800 1522.349 0.00
2019-05-05_22:16:26 02729 2.240 -0.800 -1.792 7.896 201.200 1588.675 0.00
2019-05-05_22:16:27 02730 2.240 -0.800 -1.792 7.880 217.600 1714.688 0.00
2019-05-05_22:16:28 02731 2.240 -0.800 -1.792 7.896 193.200 1525.507 0.00
2019-05-05_22:16:29 02732 2.240 -0.400 -0.896 7.880 192.800 1519.264 0.00
2019-05-05_22:16:30 02733 2.240 -0.800 -1.792 7.896 193.200 1525.507 0.00
2019-05-05_22:16:31 02734 2.240 -0.800 -1.792 7.896 192.800 1522.349 0.00
2019-05-05_22:16:32 02735 2.240 -0.800 -1.792 7.896 193.600 1528.666 0.00
2019-05-05_22:16:33 02736 2.240 -0.800 -1.792 7.896 194.000 1531.824 0.00
2019-05-05_22:16:34 02737 2.240 -0.800 -1.792 7.896 195.200 1541.299 0.00
2019-05-05_22:16:35 02738 2.240 -0.800 -1.792 7.896 193.200 1525.507 0.00
2019-05-05_22:16:36 02739 2.240 -0.800 -1.792 7.896 193.200 1525.507 0.00
2019-05-05_22:16:37 02740 2.240 -0.800 -1.792 7.896 194.000 1531.824 0.00
2019-05-05_22:16:38 02741 2.240 -0.800 -1.792 7.896 193.600 1528.666 0.00
2019-05-05_22:16:39 02742 2.240 -0.800 -1.792 7.896 193.200 1525.507 0.00
2019-05-05_22:16:40 02743 2.240 -0.800 -1.792 7.896 193.600 1528.666 0.00
2019-05-05_22:16:41 02744 2.240 -0.800 -1.792 7.896 202.400 1598.150 0.00
2019-05-05_22:16:42 02745 2.240 -0.800 -1.792 7.896 193.200 1525.507 0.00
2019-05-05_22:16:43 02746 2.240 -0.800 -1.792 7.888 193.200 1523.962 0.00
2019-05-05_22:16:44 02747 2.240 -0.800 -1.792 7.896 193.200 1525.507 0.00
2019-05-05_22:16:45 02748 2.240 -0.800 -1.792 7.896 194.000 1531.824 0.00
2019-05-05_22:16:46 02749 2.240 -0.800 -1.792 7.896 192.800 1522.349 0.00
2019-05-05_22:16:47 02750 2.240 -0.800 -1.792 7.896 193.600 1528.666 0.00
2019-05-05_22:16:48 02751 2.240 -0.800 -1.792 7.896 193.600 1528.666 0.00
2019-05-05_22:16:49 02752 2.240 -0.800 -1.792 7.896 192.800 1522.349 0.00
2019-05-05_22:16:50 02753 2.240 -0.800 -1.792 7.896 193.200 1525.507 0.00
2019-05-05_22:16:51 02754 2.240 -0.800 -1.792 7.896 204.000 1610.784 0.00
2019-05-05_22:16:52 02755 2.240 -0.800 -1.792 7.896 193.200 1525.507 0.00
2019-05-05_22:16:53 02756 2.240 -0.800 -1.792 7.896 193.200 1525.507 0.00
2019-05-05_22:16:54 02757 2.240 -0.800 -1.792 7.896 193.200 1525.507 0.00
2019-05-05_22:16:55 02758 2.240 -0.800 -1.792 7.896 193.600 1528.666 0.00
2019-05-05_22:16:56 02759 2.240 -0.800 -1.792 7.896 193.200 1525.507 0.00
2019-05-05_22:16:57 02760 2.240 -0.800 -1.792 7.888 192.400 1517.651 0.00
2019-05-05_22:16:58 02761 2.240 -0.800 -1.792 7.896 194.400 1534.982 0.00
2019-05-05_22:16:59 02762 2.240 -0.800 -1.792 7.896 193.200 1525.507 0.00
2019-05-05_22:17:00 02763 2.240 -0.800 -1.792 7.896 193.600 1528.666 0.00
2019-05-05_22:17:01 02764 2.240 -0.800 -1.792 7.896 193.200 1525.507 0.00
2019-05-05_22:17:02 02765 2.240 -0.800 -1.792 7.896 193.600 1528.666 0.00
2019-05-05_22:17:03 02766 2.240 -0.800 -1.792 7.896 192.800 1522.349 0.00
2019-05-05_22:17:04 02767 2.240 -0.800 -1.792 7.880 218.800 1724.144 0.00
2019-05-05_22:17:05 02768 2.240 -0.800 -1.792 7.896 193.600 1528.666 0.00
2019-05-05_22:17:06 02769 2.240 -0.800 -1.792 7.896 193.600 1528.666 0.00
2019-05-05_22:17:07 02770 2.240 -0.800 -1.792 7.896 193.200 1525.507 0.00
2019-05-05_22:17:08 02771 2.240 -0.800 -1.792 7.888 193.200 1523.962 0.00
2019-05-05_22:17:09 02772 2.240 -0.800 -1.792 7.896 193.600 1528.666 0.00
2019-05-05_22:17:10 02773 2.240 -0.800 -1.792 7.896 193.600 1528.666 0.00
2019-05-05_22:17:11 02774 2.240 -0.800 -1.792 7.896 192.800 1522.349 0.00
2019-05-05_22:17:12 02775 2.240 -0.800 -1.792 7.896 198.400 1566.566 0.00
2019-05-05_22:17:13 02776 2.240 -0.800 -1.792 7.896 192.800 1522.349 0.00
2019-05-05_22:17:14 02777 2.240 -0.800 -1.792 7.896 193.200 1525.507 0.00
2019-05-05_22:17:15 02778 2.240 -0.800 -1.792 7.896 193.600 1528.666 0.00
2019-05-05_22:17:16 02779 2.240 -0.800 -1.792 7.896 193.600 1528.666 0.00
2019-05-05_22:17:17 02780 2.240 -0.800 -1.792 7.896 193.600 1528.666 0.00
2019-05-05_22:17:18 02781 2.240 -0.800 -1.792 7.896 192.800 1522.349 0.00
2019-05-05_22:17:19 02782 2.240 -0.800 -1.792 7.896 193.200 1525.507 0.00
2019-05-05_22:17:20 02783 2.240 -0.400 -0.896 7.896 192.800 1522.349 0.00
2019-05-05_22:17:21 02784 2.240 -0.800 -1.792 7.896 192.800 1522.349 0.00
2019-05-05_22:17:22 02785 2.240 -0.800 -1.792 7.896 192.800 1522.349 0.00
2019-05-05_22:17:23 02786 2.240 -0.800 -1.792 7.896 195.200 1541.299 0.00
2019-05-05_22:17:24 02787 2.240 -0.800 -1.792 7.896 193.600 1528.666 0.00
2019-05-05_22:17:25 02788 2.240 -0.800 -1.792 7.896 193.200 1525.507 0.00
2019-05-05_22:17:26 02789 2.240 -0.800 -1.792 7.896 193.600 1528.666 0.00
2019-05-05_22:17:27 02790 2.240 -0.800 -1.792 7.872 225.200 1772.774 0.00
2019-05-05_22:17:28 02791 2.240 -0.800 -1.792 7.888 194.000 1530.272 0.00
2019-05-05_22:17:29 02792 2.240 -0.800 -1.792 7.888 193.200 1523.962 0.00
2019-05-05_22:17:30 02793 2.240 -0.800 -1.792 7.896 194.000 1531.824 0.00
2019-05-05_22:17:31 02794 2.240 -0.800 -1.792 7.896 193.200 1525.507 0.00
2019-05-05_22:17:32 02795 2.240 -0.800 -1.792 7.896 193.200 1525.507 0.00
2019-05-05_22:17:33 02796 2.240 -0.800 -1.792 7.896 193.200 1525.507 0.00
2019-05-05_22:17:34 02797 2.240 -0.800 -1.792 7.896 200.000 1579.200 0.00
2019-05-05_22:17:35 02798 2.240 -0.800 -1.792 7.896 193.200 1525.507 0.00
2019-05-05_22:17:36 02799 2.240 -0.800 -1.792 7.896 193.600 1528.666 0.00
2019-05-05_22:17:37 02800 2.240 -0.800 -1.792 7.896 193.600 1528.666 0.00
2019-05-05_22:17:38 02801 2.240 -0.800 -1.792 7.896 193.200 1525.507 0.00
2019-05-05_22:17:39 02802 2.240 -0.800 -1.792 7.896 193.200 1525.507 0.00
2019-05-05_22:17:40 02803 2.240 -0.800 -1.792 7.896 193.600 1528.666 0.00
2019-05-05_22:17:41 02804 2.240 -0.800 -1.792 7.896 193.600 1528.666 0.00
2019-05-05_22:17:42 02805 2.240 -0.800 -1.792 7.896 193.600 1528.666 0.00
2019-05-05_22:17:43 02806 2.240 -0.800 -1.792 7.896 193.200 1525.507 0.00
2019-05-05_22:17:44 02807 2.240 -0.800 -1.792 7.896 192.800 1522.349 0.00
2019-05-05_22:17:45 02808 2.240 -0.800 -1.792 7.896 203.200 1604.467 0.00
2019-05-05_22:17:46 02809 2.240 -0.800 -1.792 7.896 193.600 1528.666 0.00
2019-05-05_22:17:47 02810 2.240 -0.800 -1.792 7.896 194.800 1538.141 0.00
2019-05-05_22:17:48 02811 2.240 -0.800 -1.792 7.896 193.600 1528.666 0.00
2019-05-05_22:17:49 02812 2.240 -0.800 -1.792 7.888 193.600 1527.117 0.00
2019-05-05_22:17:50 02813 2.240 -0.800 -1.792 7.888 193.600 1527.117 0.00
2019-05-05_22:17:51 02814 2.240 -0.800 -1.792 7.896 193.600 1528.666 0.00
2019-05-05_22:17:52 02815 2.240 -0.800 -1.792 7.880 192.800 1519.264 0.00
2019-05-05_22:17:53 02816 2.240 -0.800 -1.792 7.896 193.200 1525.507 0.00
2019-05-05_22:17:54 02817 2.240 -0.800 -1.792 7.896 193.600 1528.666 0.00
2019-05-05_22:17:55 02818 2.240 -0.800 -1.792 7.864 193.600 1522.470 0.00
2019-05-05_22:17:56 02819 2.240 -0.800 -1.792 7.888 193.600 1527.117 0.00
2019-05-05_22:17:57 02820 2.240 -0.800 -1.792 7.896 193.600 1528.666 0.00
2019-05-05_22:17:58 02821 2.240 -0.800 -1.792 7.896 193.200 1525.507 0.00
2019-05-05_22:17:59 02822 2.240 -0.800 -1.792 7.888 193.200 1523.962 0.00
2019-05-05_22:18:00 02823 2.240 -0.800 -1.792 7.896 195.200 1541.299 0.00
2019-05-05_22:18:01 02824 2.240 -0.800 -1.792 7.888 195.200 1539.738 0.00
2019-05-05_22:18:02 02825 2.240 -0.800 -1.792 7.896 193.200 1525.507 0.00
2019-05-05_22:18:03 02826 2.240 -0.800 -1.792 7.880 193.600 1525.568 0.00
2019-05-05_22:18:04 02827 2.240 -0.800 -1.792 7.872 218.000 1716.096 0.00
2019-05-05_22:18:05 02828 2.240 -0.800 -1.792 7.896 193.600 1528.666 0.00