2019-05-04_22:59:26 00001 11.544 222.800 2572.003 3.240 0.000 0.000 0.32
2019-05-04_22:59:27 00002 11.560 196.000 2265.760 3.464 0.000 0.000 0.34
2019-05-04_22:59:28 00003 11.552 202.400 2338.125 3.696 0.400 1.478 0.36
2019-05-04_22:59:29 00004 11.568 196.400 2271.955 3.936 0.000 0.000 0.38
2019-05-04_22:59:30 00005 11.552 201.600 2328.883 4.160 0.000 0.000 0.40
2019-05-04_22:59:31 00006 11.560 199.600 2307.376 4.392 0.000 0.000 0.42
2019-05-04_22:59:32 00007 11.552 215.200 2485.990 4.624 0.000 0.000 0.44
2019-05-04_22:59:33 00008 11.560 210.400 2432.224 4.864 0.000 0.000 0.46
2019-05-04_22:59:34 00009 11.544 205.200 2368.829 5.088 0.000 0.000 0.48
2019-05-04_22:59:35 00010 11.552 200.400 2315.021 5.320 0.000 0.000 0.50
2019-05-04_22:59:36 00011 11.536 225.200 2597.907 5.544 0.000 0.000 0.52
2019-05-04_22:59:37 00012 11.536 220.000 2537.920 5.776 0.000 0.000 0.54
2019-05-04_22:59:38 00013 11.536 220.000 2537.920 5.992 0.000 0.000 0.56
2019-05-04_22:59:39 00014 11.560 204.400 2362.864 6.240 0.000 0.000 0.58
2019-05-04_22:59:40 00015 11.552 201.600 2328.883 6.464 0.000 0.000 0.60
2019-05-04_22:59:41 00016 11.552 206.800 2388.954 6.688 0.000 0.000 0.62
2019-05-04_22:59:42 00017 11.544 203.200 2345.741 6.912 0.000 0.000 0.64
2019-05-04_22:59:43 00018 11.560 207.600 2399.856 7.144 0.000 0.000 0.66
2019-05-04_22:59:44 00019 11.552 217.200 2509.094 7.360 0.000 0.000 0.68
2019-05-04_22:59:45 00020 11.528 216.800 2499.270 7.568 0.000 0.000 0.70
2019-05-04_22:59:46 00021 11.544 200.400 2313.418 7.792 0.000 0.000 0.72
2019-05-04_22:59:47 00022 11.560 201.600 2330.496 8.008 0.400 3.203 0.74
2019-05-04_22:59:48 00023 11.568 198.000 2290.464 8.216 0.000 0.000 0.76
2019-05-04_22:59:49 00024 11.544 199.200 2299.565 8.408 0.000 0.000 0.75
2019-05-04_22:59:50 00025 11.552 202.000 2333.504 8.320 0.000 0.000 0.75
2019-05-04_22:59:51 00026 11.560 198.400 2293.504 8.320 0.000 0.000 0.75
2019-05-04_22:59:52 00027 11.552 210.400 2430.541 8.336 0.400 3.334 0.75
2019-05-04_22:59:53 00028 11.552 196.400 2268.813 8.344 0.000 0.000 0.75
2019-05-04_22:59:54 00029 11.552 201.200 2324.262 8.360 0.400 3.344 0.76
2019-05-04_22:59:55 00030 11.552 201.200 2324.262 8.368 0.400 3.347 0.76
2019-05-04_22:59:56 00031 11.544 201.600 2327.270 8.376 0.000 0.000 0.76
2019-05-04_22:59:57 00032 11.552 201.600 2328.883 8.384 0.000 0.000 0.76
2019-05-04_22:59:58 00033 11.544 197.200 2276.477 8.392 0.000 0.000 0.76
2019-05-04_22:59:59 00034 11.544 200.400 2313.418 8.408 0.000 0.000 0.75
2019-05-04_23:00:00 00035 11.552 208.800 2412.058 8.304 0.400 3.322 0.75
2019-05-04_23:00:01 00036 11.560 204.000 2358.240 8.320 0.000 0.000 0.75
2019-05-04_23:00:02 00037 11.552 201.200 2324.262 8.328 0.400 3.331 0.75
2019-05-04_23:00:04 00038 11.552 204.000 2356.608 8.336 0.000 0.000 0.75
2019-05-04_23:00:04 00039 11.552 175.600 2028.531 8.360 0.400 3.344 0.75
2019-05-04_23:00:05 00040 11.576 164.400 1903.094 8.384 0.400 3.354 0.76
2019-05-04_23:00:06 00041 11.568 166.400 1924.915 8.392 0.400 3.357 0.76
2019-05-04_23:00:07 00042 11.584 153.200 1774.669 8.400 0.400 3.360 0.76
2019-05-04_23:00:08 00043 11.576 153.600 1778.074 8.408 0.400 3.363 0.75
2019-05-04_23:00:09 00044 11.584 164.800 1909.043 8.312 0.000 0.000 0.75
2019-05-04_23:00:10 00045 11.584 166.000 1922.944 8.320 0.000 0.000 0.75
2019-05-04_23:00:11 00046 11.592 153.200 1775.894 8.328 0.000 0.000 0.75
2019-05-04_23:00:12 00047 11.584 154.400 1788.570 8.336 0.000 0.000 0.75
2019-05-04_23:00:13 00048 11.576 157.200 1819.747 8.352 0.000 0.000 0.75
2019-05-04_23:00:14 00049 11.576 164.800 1907.725 8.360 0.400 3.344 0.75
2019-05-04_23:00:15 00050 11.584 152.800 1770.035 8.368 0.400 3.347 0.75
2019-05-04_23:00:16 00051 11.584 153.600 1779.302 8.376 0.400 3.350 0.76
2019-05-04_23:00:17 00052 11.576 154.400 1787.334 8.392 0.400 3.357 0.76
2019-05-04_23:00:18 00053 11.568 163.600 1892.525 8.400 0.400 3.360 0.76
2019-05-04_23:00:19 00054 11.568 166.000 1920.288 8.408 0.400 3.363 0.75
2019-05-04_23:00:20 00055 11.592 154.000 1785.168 8.312 0.000 0.000 0.75
2019-05-04_23:00:21 00056 11.592 154.400 1789.805 8.320 0.000 0.000 0.75
2019-05-04_23:00:22 00057 11.576 163.200 1889.203 8.328 0.000 0.000 0.75
2019-05-04_23:00:24 00058 11.560 200.000 2312.000 8.312 0.400 3.325 0.75
2019-05-04_23:00:25 00059 11.576 170.400 1972.550 8.336 0.400 3.334 0.75
2019-05-04_23:00:26 00060 11.584 154.800 1793.203 8.360 0.000 0.000 0.75
2019-05-04_23:00:27 00061 11.576 157.200 1819.747 8.368 0.400 3.347 0.75
2019-05-04_23:00:28 00062 11.576 166.000 1921.616 8.376 0.400 3.350 0.76
2019-05-04_23:00:29 00063 11.584 154.400 1788.570 8.392 0.400 3.357 0.76
2019-05-04_23:00:30 00064 11.568 162.800 1883.270 8.400 0.400 3.360 0.76
2019-05-04_23:00:31 00065 11.568 166.000 1920.288 8.408 0.400 3.363 0.75
2019-05-04_23:00:32 00066 11.592 152.800 1771.258 8.304 0.000 0.000 0.75
2019-05-04_23:00:33 00067 11.576 178.800 2069.789 8.304 0.000 0.000 0.75
2019-05-04_23:00:34 00068 11.592 154.400 1789.805 8.328 0.000 0.000 0.75
2019-05-04_23:00:35 00069 11.576 158.400 1833.638 8.336 0.400 3.334 0.75
2019-05-04_23:00:36 00070 11.576 165.200 1912.355 8.352 0.400 3.341 0.75
2019-05-04_23:00:37 00071 11.584 166.000 1922.944 8.360 0.400 3.344 0.75
2019-05-04_23:00:38 00072 11.584 154.800 1793.203 8.368 0.400 3.347 0.75
2019-05-04_23:00:39 00073 11.584 154.400 1788.570 8.376 0.400 3.350 0.76
2019-05-04_23:00:40 00074 11.568 157.600 1823.117 8.384 0.400 3.354 0.76
2019-05-04_23:00:41 00075 11.568 170.800 1975.814 8.384 0.400 3.354 0.76
2019-05-04_23:00:42 00076 11.576 154.800 1791.965 8.400 0.000 0.000 0.76
2019-05-04_23:00:43 00077 11.576 154.800 1791.965 8.416 0.400 3.366 0.75
2019-05-04_23:00:44 00078 11.584 159.600 1848.806 8.320 0.400 3.328 0.75
2019-05-04_23:00:45 00079 11.584 164.400 1904.410 8.328 0.000 0.000 0.75
2019-05-04_23:00:46 00080 11.584 154.400 1788.570 8.336 0.400 3.334 0.75
2019-05-04_23:00:47 00081 11.584 154.400 1788.570 8.352 0.400 3.341 0.75
2019-05-04_23:00:48 00082 11.576 160.400 1856.790 8.360 0.000 0.000 0.75
2019-05-04_23:00:49 00083 11.576 165.600 1916.986 8.368 0.400 3.347 0.75
2019-05-04_23:00:50 00084 11.584 154.400 1788.570 8.376 0.400 3.350 0.76
2019-05-04_23:00:51 00085 11.584 154.800 1793.203 8.384 0.000 0.000 0.76
2019-05-04_23:00:52 00086 11.568 160.000 1850.880 8.400 0.400 3.360 0.76
2019-05-04_23:00:53 00087 11.568 165.600 1915.661 8.408 0.000 0.000 0.75
2019-05-04_23:00:54 00088 11.592 155.200 1799.078 8.312 0.000 0.000 0.75
2019-05-04_23:00:55 00089 11.592 154.400 1789.805 8.320 0.400 3.328 0.75
2019-05-04_23:00:56 00090 11.592 154.400 1789.805 8.328 0.000 0.000 0.75
2019-05-04_23:00:57 00091 11.584 154.800 1793.203 8.336 0.400 3.334 0.75
2019-05-04_23:00:58 00092 11.576 160.400 1856.790 8.352 0.000 0.000 0.75
2019-05-04_23:00:59 00093 11.576 164.000 1898.464 8.360 0.400 3.344 0.75
2019-05-04_23:01:00 00094 11.584 154.800 1793.203 8.368 0.400 3.347 0.75
2019-05-04_23:01:01 00095 11.584 154.800 1793.203 8.376 0.400 3.350 0.76
2019-05-04_23:01:02 00096 11.576 154.400 1787.334 8.392 0.400 3.357 0.76
2019-05-04_23:01:03 00097 11.568 160.800 1860.134 8.400 0.400 3.360 0.76
2019-05-04_23:01:04 00098 11.568 165.200 1911.034 8.408 0.000 0.000 0.75
2019-05-04_23:01:05 00099 11.552 209.200 2416.678 8.280 0.000 0.000 0.77
2019-05-04_23:01:06 00100 11.576 153.200 1773.443 8.504 0.000 0.000 0.76
2019-05-04_23:01:07 00101 11.568 155.600 1799.981 8.408 0.400 3.363 0.75