2019-05-04_01:41:10 00064 16.800 162.000 2721.600 8.424 0.000 0.000 0.51
2019-05-04_01:41:11 00065 16.800 163.200 2741.760 8.248 0.000 0.000 0.53
2019-05-04_01:41:12 00066 16.792 162.800 2733.738 8.584 0.400 3.434 0.52
2019-05-04_01:41:13 00067 16.808 160.800 2702.726 8.424 0.000 0.000 0.51
2019-05-04_01:41:14 00068 16.800 162.800 2735.040 8.248 0.000 0.000 0.53
2019-05-04_01:41:15 00069 16.784 162.000 2719.008 8.584 0.400 3.434 0.52
2019-05-04_01:41:16 00070 16.800 162.800 2735.040 8.424 0.000 0.000 0.51
2019-05-04_01:41:17 00071 16.800 159.200 2674.560 8.248 0.000 0.000 0.53
2019-05-04_01:41:18 00072 16.784 163.600 2745.862 8.584 0.400 3.434 0.52
2019-05-04_01:41:19 00073 16.800 162.800 2735.040 8.424 0.000 0.000 0.51
2019-05-04_01:41:20 00074 16.800 162.800 2735.040 8.248 0.000 0.000 0.53
2019-05-04_01:41:21 00075 16.792 162.000 2720.304 8.576 0.400 3.430 0.52
2019-05-04_01:41:22 00076 16.800 162.800 2735.040 8.424 0.000 0.000 0.51
2019-05-04_01:41:23 00077 16.800 161.600 2714.880 8.248 0.000 0.000 0.53
2019-05-04_01:41:24 00078 16.784 162.800 2732.435 8.584 0.400 3.434 0.52
2019-05-04_01:41:25 00079 16.808 160.400 2696.003 8.424 0.400 3.370 0.51
2019-05-04_01:41:26 00080 16.800 163.200 2741.760 8.248 0.000 0.000 0.53
2019-05-04_01:41:28 00081 16.784 164.400 2759.290 8.576 0.400 3.430 0.52
2019-05-04_01:41:29 00082 16.800 162.000 2721.600 8.424 0.000 0.000 0.51
2019-05-04_01:41:30 00083 16.800 162.800 2735.040 8.248 0.000 0.000 0.53
2019-05-04_01:41:31 00084 16.784 163.600 2745.862 8.576 0.400 3.430 0.52