2019-05-05_22:34:57 03839 2.240 -0.800 -1.792 7.848 205.600 1613.549 0.00
2019-05-05_22:34:58 03840 2.240 -0.800 -1.792 7.856 194.000 1524.064 0.00
2019-05-05_22:34:59 03841 2.240 -0.800 -1.792 7.848 194.400 1525.651 0.00
2019-05-05_22:35:00 03842 2.240 -0.800 -1.792 7.856 194.800 1530.349 0.00
2019-05-05_22:35:01 03843 2.240 -0.800 -1.792 7.856 194.000 1524.064 0.00
2019-05-05_22:35:02 03844 2.240 -0.800 -1.792 7.856 194.800 1530.349 0.00
2019-05-05_22:35:03 03845 2.240 -0.800 -1.792 7.848 194.400 1525.651 0.00
2019-05-05_22:35:04 03846 2.240 -0.800 -1.792 7.856 194.000 1524.064 0.00
2019-05-05_22:35:05 03847 2.240 -0.800 -1.792 7.856 193.600 1520.922 0.00
2019-05-05_22:35:06 03848 2.240 -0.800 -1.792 7.848 194.400 1525.651 0.00
2019-05-05_22:35:07 03849 2.240 -0.800 -1.792 7.856 193.600 1520.922 0.00
2019-05-05_22:35:08 03850 2.240 -0.800 -1.792 7.856 194.000 1524.064 0.00
2019-05-05_22:35:09 03851 2.240 -0.800 -1.792 7.848 194.000 1522.512 0.00
2019-05-05_22:35:10 03852 2.240 -0.800 -1.792 7.856 195.200 1533.491 0.00
2019-05-05_22:35:11 03853 2.240 -0.800 -1.792 7.856 194.400 1527.206 0.00
2019-05-05_22:35:12 03854 2.240 -0.800 -1.792 7.848 194.000 1522.512 0.00
2019-05-05_22:35:13 03855 2.240 -0.800 -1.792 7.824 219.200 1715.021 0.00
2019-05-05_22:35:14 03856 2.240 -0.800 -1.792 7.848 194.400 1525.651 0.00
2019-05-05_22:35:15 03857 2.240 -0.800 -1.792 7.856 194.400 1527.206 0.00
2019-05-05_22:35:16 03858 2.240 -0.800 -1.792 7.856 194.000 1524.064 0.00
2019-05-05_22:35:17 03859 2.240 -0.800 -1.792 7.840 194.400 1524.096 0.00
2019-05-05_22:35:18 03860 2.240 -0.800 -1.792 7.856 193.600 1520.922 0.00
2019-05-05_22:35:19 03861 2.240 -0.800 -1.792 7.856 194.000 1524.064 0.00
2019-05-05_22:35:20 03862 2.240 -0.800 -1.792 7.856 194.400 1527.206 0.00
2019-05-05_22:35:21 03863 2.240 -0.800 -1.792 7.856 197.600 1552.346 0.00
2019-05-05_22:35:22 03864 2.240 -0.800 -1.792 7.856 194.400 1527.206 0.00
2019-05-05_22:35:23 03865 2.240 -0.800 -1.792 7.848 194.400 1525.651 0.00
2019-05-05_22:35:24 03866 2.240 -0.800 -1.792 7.848 193.600 1519.373 0.00
2019-05-05_22:35:25 03867 2.240 -0.800 -1.792 7.848 194.400 1525.651 0.00
2019-05-05_22:35:26 03868 2.240 -0.800 -1.792 7.848 194.400 1525.651 0.00
2019-05-05_22:35:27 03869 2.240 -0.800 -1.792 7.824 218.800 1711.891 0.00
2019-05-05_22:35:28 03870 2.240 -0.800 -1.792 7.848 195.600 1535.069 0.00
2019-05-05_22:35:29 03871 2.240 -0.800 -1.792 7.848 194.800 1528.790 0.00
2019-05-05_22:35:30 03872 2.240 -0.800 -1.792 7.848 196.400 1541.347 0.00
2019-05-05_22:35:31 03873 2.240 -0.800 -1.792 7.840 194.400 1524.096 0.00
2019-05-05_22:35:32 03874 2.240 -0.800 -1.792 7.848 193.600 1519.373 0.00
2019-05-05_22:35:33 03875 2.240 -0.800 -1.792 7.848 194.000 1522.512 0.00
2019-05-05_22:35:34 03876 2.240 -0.800 -1.792 7.848 195.200 1531.930 0.00
2019-05-05_22:35:35 03877 2.240 -0.800 -1.792 7.848 194.400 1525.651 0.00
2019-05-05_22:35:36 03878 2.240 -0.800 -1.792 7.848 193.600 1519.373 0.00
2019-05-05_22:35:37 03879 2.240 -0.800 -1.792 7.848 194.400 1525.651 0.00
2019-05-05_22:35:38 03880 2.240 -0.800 -1.792 7.840 194.400 1524.096 0.00
2019-05-05_22:35:39 03881 2.240 -0.800 -1.792 7.848 194.400 1525.651 0.00
2019-05-05_22:35:40 03882 2.240 -0.800 -1.792 7.848 194.400 1525.651 0.00
2019-05-05_22:35:41 03883 2.240 -0.800 -1.792 7.848 194.400 1525.651 0.00
2019-05-05_22:35:42 03884 2.240 -0.800 -1.792 7.848 201.200 1579.018 0.00
2019-05-05_22:35:43 03885 2.240 -0.800 -1.792 7.832 219.200 1716.774 0.00
2019-05-05_22:35:44 03886 2.240 -0.800 -1.792 7.848 194.400 1525.651 0.00
2019-05-05_22:35:45 03887 2.240 -0.800 -1.792 7.848 195.200 1531.930 0.00
2019-05-05_22:35:46 03888 2.240 -0.800 -1.792 7.848 194.800 1528.790 0.00
2019-05-05_22:35:47 03889 2.240 -0.800 -1.792 7.848 194.800 1528.790 0.00
2019-05-05_22:35:48 03890 2.240 -0.800 -1.792 7.848 194.400 1525.651 0.00
2019-05-05_22:35:49 03891 2.240 -0.800 -1.792 7.848 194.400 1525.651 0.00
2019-05-05_22:35:50 03892 2.240 -0.800 -1.792 7.848 194.800 1528.790 0.00
2019-05-05_22:35:51 03893 2.240 -0.800 -1.792 7.848 204.400 1604.131 0.00
2019-05-05_22:35:52 03894 2.240 -0.800 -1.792 7.848 194.000 1522.512 0.00
2019-05-05_22:35:53 03895 2.240 -0.800 -1.792 7.848 199.200 1563.322 0.00
2019-05-05_22:35:54 03896 2.240 -0.800 -1.792 7.848 194.400 1525.651 0.00
2019-05-05_22:35:55 03897 2.240 -0.800 -1.792 7.848 194.800 1528.790 0.00
2019-05-05_22:35:56 03898 2.240 -0.800 -1.792 7.848 194.000 1522.512 0.00
2019-05-05_22:35:57 03899 2.240 -0.800 -1.792 7.840 194.400 1524.096 0.00
2019-05-05_22:35:58 03900 2.240 -0.800 -1.792 7.848 194.400 1525.651 0.00
2019-05-05_22:35:59 03901 2.240 -0.800 -1.792 7.848 194.400 1525.651 0.00
2019-05-05_22:36:00 03902 2.240 -0.800 -1.792 7.848 194.400 1525.651 0.00
2019-05-05_22:36:01 03903 2.240 -0.400 -0.896 7.848 194.800 1528.790 0.00
2019-05-05_22:36:02 03904 2.240 -0.800 -1.792 7.848 194.800 1528.790 0.00
2019-05-05_22:36:03 03905 2.240 -0.800 -1.792 7.848 199.600 1566.461 0.00
2019-05-05_22:36:04 03906 2.240 -0.800 -1.792 7.848 195.600 1535.069 0.00
2019-05-05_22:36:05 03907 2.240 -0.800 -1.792 7.848 194.800 1528.790 0.00
2019-05-05_22:36:06 03908 2.240 -0.800 -1.792 7.848 195.600 1535.069 0.00
2019-05-05_22:36:07 03909 2.240 -0.800 -1.792 7.848 194.400 1525.651 0.00
2019-05-05_22:36:08 03910 2.240 -0.800 -1.792 7.848 194.800 1528.790 0.00
2019-05-05_22:36:09 03911 2.240 -0.800 -1.792 7.848 194.400 1525.651 0.00
2019-05-05_22:36:10 03912 2.240 -0.800 -1.792 7.848 194.800 1528.790 0.00
2019-05-05_22:36:11 03913 2.240 -0.800 -1.792 7.848 194.800 1528.790 0.00
2019-05-05_22:36:12 03914 2.240 -0.800 -1.792 7.848 195.200 1531.930 0.00
2019-05-05_22:36:13 03915 2.240 -0.800 -1.792 7.832 218.800 1713.642 0.00
2019-05-05_22:36:14 03916 2.240 -0.800 -1.792 7.848 194.400 1525.651 0.00
2019-05-05_22:36:15 03917 2.240 -0.800 -1.792 7.840 194.800 1527.232 0.00
2019-05-05_22:36:16 03918 2.240 -0.800 -1.792 7.848 194.000 1522.512 0.00
2019-05-05_22:36:17 03919 2.240 -0.800 -1.792 7.848 195.200 1531.930 0.00
2019-05-05_22:36:18 03920 2.240 -0.800 -1.792 7.848 194.800 1528.790 0.00
2019-05-05_22:36:19 03921 2.240 -0.800 -1.792 7.848 194.400 1525.651 0.00
2019-05-05_22:36:20 03922 2.240 -0.800 -1.792 7.848 194.400 1525.651 0.00
2019-05-05_22:36:21 03923 2.240 -0.800 -1.792 7.848 194.400 1525.651 0.00
2019-05-05_22:36:22 03924 2.240 -0.800 -1.792 7.848 194.400 1525.651 0.00
2019-05-05_22:36:23 03925 2.240 -0.800 -1.792 7.848 194.800 1528.790 0.00
2019-05-05_22:36:24 03926 2.240 -0.800 -1.792 7.848 194.400 1525.651 0.00
2019-05-05_22:36:25 03927 2.240 -0.800 -1.792 7.848 194.400 1525.651 0.00
2019-05-05_22:36:26 03928 2.240 -0.800 -1.792 7.848 194.400 1525.651 0.00
2019-05-05_22:36:27 03929 2.240 -0.800 -1.792 7.832 219.200 1716.774 0.00
2019-05-05_22:36:28 03930 2.240 -0.800 -1.792 7.848 194.400 1525.651 0.00
2019-05-05_22:36:29 03931 2.240 -0.800 -1.792 7.848 194.400 1525.651 0.00
2019-05-05_22:36:30 03932 2.240 -0.800 -1.792 7.848 194.400 1525.651 0.00
2019-05-05_22:36:31 03933 2.240 -0.800 -1.792 7.848 194.000 1522.512 0.00
2019-05-05_22:36:32 03934 2.240 -0.800 -1.792 7.848 194.800 1528.790 0.00
2019-05-05_22:36:33 03935 2.240 -0.800 -1.792 7.840 194.000 1520.960 0.00
2019-05-05_22:36:34 03936 2.240 -0.800 -1.792 7.840 194.000 1520.960 0.00
2019-05-05_22:36:35 03937 2.240 -0.800 -1.792 7.848 194.400 1525.651 0.00
2019-05-05_22:36:36 03938 2.240 -0.800 -1.792 7.848 196.000 1538.208 0.00
2019-05-05_22:36:37 03939 2.240 -0.800 -1.792 7.848 196.800 1544.486 0.00