2019-05-04_01:50:16 00203 16.664 293.200 4885.885 8.352 -299.600 -2502.259 0.56
2019-05-04_01:50:17 00204 16.664 294.000 4899.216 8.352 -311.600 -2602.483 0.56
2019-05-04_01:50:18 00205 16.656 298.800 4976.813 8.360 -315.600 -2638.416 0.56
2019-05-04_01:50:19 00206 16.648 307.600 5120.925 8.368 -319.600 -2674.413 0.57
2019-05-04_01:50:20 00207 16.632 313.600 5215.795 8.368 -325.600 -2724.621 0.57
2019-05-04_01:50:21 00208 16.640 316.000 5258.240 8.376 -333.200 -2790.883 0.57
2019-05-04_01:50:22 00209 16.616 331.200 5503.219 8.376 -348.000 -2914.848 0.57
2019-05-04_01:50:23 00210 16.608 334.000 5547.072 8.384 -356.400 -2988.058 0.57
2019-05-04_01:50:24 00211 16.608 341.600 5673.293 8.400 -380.400 -3195.360 0.57
2019-05-04_01:50:25 00212 16.600 347.600 5770.160 8.408 -388.800 -3269.030 0.56
2019-05-04_01:50:26 00213 16.680 282.400 4710.432 8.344 -288.000 -2403.072 0.56
2019-05-04_01:50:27 00214 16.672 286.800 4781.530 8.352 -297.200 -2482.214 0.56
2019-05-04_01:50:28 00215 16.664 292.400 4872.554 8.352 -310.400 -2592.461 0.56
2019-05-04_01:50:29 00216 16.656 300.000 4996.800 8.360 -314.000 -2625.040 0.56
2019-05-04_01:50:30 00217 16.640 307.200 5111.808 8.368 -310.000 -2594.080 0.57
2019-05-04_01:50:31 00218 16.648 309.600 5154.221 8.368 -326.400 -2731.315 0.57
2019-05-04_01:50:33 00219 16.640 316.000 5258.240 8.376 -335.200 -2807.635 0.57
2019-05-04_01:50:34 00220 16.624 320.400 5326.330 8.384 -338.400 -2837.146 0.57
2019-05-04_01:50:35 00221 16.616 328.400 5456.694 8.392 -354.800 -2977.482 0.57
2019-05-04_01:50:36 00222 16.608 338.800 5626.790 8.392 -374.400 -3141.965 0.57
2019-05-04_01:50:37 00223 16.600 347.600 5770.160 8.400 -384.000 -3225.600 0.57
2019-05-04_01:50:38 00224 16.600 346.400 5750.240 8.408 -407.200 -3423.738 0.56
2019-05-04_01:50:39 00225 16.672 286.400 4774.861 8.352 -298.000 -2488.896 0.56
2019-05-04_01:50:40 00226 16.664 296.400 4939.210 8.352 -310.000 -2589.120 0.56
2019-05-04_01:50:41 00227 16.648 303.200 5047.674 8.360 -313.200 -2618.352 0.56
2019-05-04_01:50:42 00228 16.656 302.800 5043.437 8.368 -314.000 -2627.552 0.57
2019-05-04_01:50:43 00229 16.648 309.200 5147.562 8.376 -339.600 -2844.490 0.57
2019-05-04_01:50:44 00230 16.632 315.600 5249.059 8.376 -335.600 -2810.986 0.57
2019-05-04_01:50:45 00231 16.624 324.800 5399.475 8.384 -335.600 -2813.670 0.57
2019-05-04_01:50:46 00232 16.616 335.200 5569.683 8.392 -361.200 -3031.190 0.57
2019-05-04_01:50:47 00233 16.616 334.800 5563.037 8.392 -374.800 -3145.322 0.57
2019-05-04_01:50:48 00234 16.600 341.200 5663.920 8.400 -382.800 -3215.520 0.57
2019-05-04_01:50:49 00235 16.592 352.400 5847.021 8.408 -407.600 -3427.101 0.56
2019-05-04_01:50:50 00236 16.672 292.400 4874.893 8.352 -298.400 -2492.237 0.56
2019-05-04_01:50:51 00237 16.672 292.400 4874.893 8.352 -311.600 -2602.483 0.56
2019-05-04_01:50:52 00238 16.656 298.000 4963.488 8.360 -314.400 -2628.384 0.56
2019-05-04_01:50:53 00239 16.648 307.200 5114.266 8.360 -316.400 -2645.104 0.57
2019-05-04_01:50:54 00240 16.648 313.600 5220.813 8.368 -326.400 -2731.315 0.57
2019-05-04_01:50:55 00241 16.640 315.200 5244.928 8.376 -336.400 -2817.686 0.57
2019-05-04_01:50:56 00242 16.624 321.200 5339.629 8.384 -336.400 -2820.378 0.57
2019-05-04_01:50:57 00243 16.616 334.400 5556.390 8.392 -348.800 -2927.130 0.57
2019-05-04_01:50:58 00244 16.608 340.400 5653.363 8.400 -374.000 -3141.600 0.57
2019-05-04_01:50:59 00245 16.608 340.800 5660.006 8.408 -384.800 -3235.398 0.56
2019-05-04_01:51:00 00246 16.672 287.200 4788.198 8.344 -278.800 -2326.307 0.56
2019-05-04_01:51:01 00247 16.672 286.400 4774.861 8.352 -297.200 -2482.214 0.56
2019-05-04_01:51:02 00248 16.664 293.200 4885.885 8.360 -310.000 -2591.600 0.56
2019-05-04_01:51:03 00249 16.656 302.000 5030.112 8.360 -314.000 -2625.040 0.56
2019-05-04_01:51:04 00250 16.648 308.000 5127.584 8.368 -314.400 -2630.899 0.57
2019-05-04_01:51:05 00251 16.648 309.200 5147.562 8.368 -328.800 -2751.398 0.57
2019-05-04_01:51:06 00252 16.640 315.600 5251.584 8.376 -344.400 -2884.694 0.57
2019-05-04_01:51:07 00253 16.632 320.800 5335.546 8.384 -335.200 -2810.317 0.57
2019-05-04_01:51:08 00254 16.616 333.600 5543.098 8.392 -355.600 -2984.195 0.57
2019-05-04_01:51:09 00255 16.608 340.000 5646.720 8.400 -374.400 -3144.960 0.57
2019-05-04_01:51:10 00256 16.608 341.200 5666.650 8.408 -379.200 -3188.314 0.56
2019-05-04_01:51:11 00257 16.688 280.400 4679.315 8.344 -285.200 -2379.709 0.56
2019-05-04_01:51:12 00258 16.672 289.200 4821.542 8.352 -297.600 -2485.555 0.56
2019-05-04_01:51:13 00259 16.664 296.400 4939.210 8.352 -311.200 -2599.142 0.56
2019-05-04_01:51:14 00260 16.648 298.000 4961.104 8.360 -313.600 -2621.696 0.56
2019-05-04_01:51:15 00261 16.656 303.200 5050.099 8.368 -317.200 -2654.330 0.57
2019-05-04_01:51:16 00262 16.640 309.600 5151.744 8.368 -323.600 -2707.885 0.57
2019-05-04_01:51:17 00263 16.632 318.400 5295.629 8.376 -334.800 -2804.285 0.57
2019-05-04_01:51:18 00264 16.624 324.800 5399.475 8.384 -341.200 -2860.621 0.57
2019-05-04_01:51:19 00265 16.616 334.800 5563.037 8.384 -346.400 -2904.218 0.57
2019-05-04_01:51:20 00266 16.616 334.000 5549.744 8.400 -376.000 -3158.400 0.57
2019-05-04_01:51:21 00267 16.600 340.000 5644.000 8.400 -381.200 -3202.080 0.57
2019-05-04_01:51:22 00268 16.592 348.400 5780.653 8.416 -403.600 -3396.698 0.56
2019-05-04_01:51:23 00269 16.672 304.000 5068.288 8.352 -294.000 -2455.488 0.56
2019-05-04_01:51:24 00270 16.672 292.000 4868.224 8.352 -310.800 -2595.802 0.56
2019-05-04_01:51:25 00271 16.664 297.200 4952.541 8.360 -314.400 -2628.384 0.56
2019-05-04_01:51:26 00272 16.648 306.400 5100.947 8.368 -314.400 -2630.899 0.57
2019-05-04_01:51:27 00273 16.640 312.800 5204.992 8.368 -330.400 -2764.787 0.57
2019-05-04_01:51:28 00274 16.640 314.400 5231.616 8.376 -330.400 -2767.430 0.57
2019-05-04_01:51:29 00275 16.632 319.200 5308.934 8.384 -346.000 -2900.864 0.57
2019-05-04_01:51:30 00276 16.616 328.400 5456.694 8.392 -332.000 -2786.144 0.57
2019-05-04_01:51:31 00277 16.608 338.800 5626.790 8.392 -381.200 -3199.030 0.57
2019-05-04_01:51:32 00278 16.600 346.400 5750.240 8.408 -386.800 -3252.214 0.56
2019-05-04_01:51:33 00279 16.688 280.400 4679.315 8.344 -283.600 -2366.358 0.56
2019-05-04_01:51:34 00280 16.680 285.600 4763.808 8.352 -296.000 -2472.192 0.56
2019-05-04_01:51:35 00281 16.664 292.000 4865.888 8.360 -309.200 -2584.912 0.56
2019-05-04_01:51:36 00282 16.656 299.200 4983.475 8.360 -314.000 -2625.040 0.56
2019-05-04_01:51:37 00283 16.648 313.600 5220.813 8.368 -313.600 -2624.205 0.57
2019-05-04_01:51:38 00284 16.640 311.600 5185.024 8.368 -325.200 -2721.274 0.57
2019-05-04_01:51:39 00285 16.640 314.800 5238.272 8.376 -331.600 -2777.482 0.57
2019-05-04_01:51:40 00286 16.632 319.600 5315.587 8.384 -342.800 -2874.035 0.57
2019-05-04_01:51:41 00287 16.616 331.600 5509.866 8.392 -359.200 -3014.406 0.57
2019-05-04_01:51:42 00288 16.608 339.600 5640.077 8.400 -372.000 -3124.800 0.57
2019-05-04_01:51:43 00289 16.600 340.000 5644.000 8.400 -378.800 -3181.920 0.57
2019-05-04_01:51:44 00290 16.592 346.400 5747.469 8.408 -401.200 -3373.290 0.56
2019-05-04_01:51:45 00291 16.672 288.400 4808.205 8.352 -294.800 -2462.170 0.56
2019-05-04_01:51:46 00292 16.672 296.400 4941.581 8.360 -310.000 -2591.600 0.56
2019-05-04_01:51:47 00293 16.664 297.600 4959.206 8.360 -313.200 -2618.352 0.56
2019-05-04_01:51:48 00294 16.656 302.800 5043.437 8.368 -311.600 -2607.469 0.57
2019-05-04_01:51:49 00295 16.640 309.200 5145.088 8.368 -330.000 -2761.440 0.57
2019-05-04_01:51:50 00296 16.632 318.000 5288.976 8.376 -332.400 -2784.182 0.57
2019-05-04_01:51:51 00297 16.632 318.800 5302.282 8.384 -346.400 -2904.218 0.57
2019-05-04_01:51:52 00298 16.616 328.000 5450.048 8.392 -346.800 -2910.346 0.57
2019-05-04_01:51:53 00299 16.608 335.200 5567.002 8.392 -374.000 -3138.608 0.57
2019-05-04_01:51:54 00300 16.600 345.600 5736.960 8.408 -380.000 -3195.040 0.56
2019-05-04_01:51:55 00301 16.688 279.600 4665.965 8.344 -284.000 -2369.696 0.56
2019-05-04_01:51:56 00302 16.680 285.600 4763.808 8.352 -294.000 -2455.488 0.56
2019-05-04_01:51:57 00303 16.672 291.200 4854.886 8.360 -308.400 -2578.224 0.56