2019-05-05_00:05:29 01415 11.560 198.000 2288.880 8.352 0.400 3.341 0.76
2019-05-05_00:05:30 01416 11.576 170.400 1972.550 8.368 0.400 3.347 0.76
2019-05-05_00:05:31 01417 11.576 170.400 1972.550 8.384 0.000 0.000 0.76
2019-05-05_00:05:32 01418 11.560 176.000 2034.560 8.376 0.000 0.000 0.76
2019-05-05_00:05:33 01419 11.576 164.000 1898.464 8.408 0.000 0.000 0.75
2019-05-05_00:05:34 01420 11.584 167.600 1941.478 8.304 0.000 0.000 0.75
2019-05-05_00:05:35 01421 11.592 156.800 1817.626 8.312 0.000 0.000 0.75
2019-05-05_00:05:36 01422 11.584 159.200 1844.173 8.320 0.400 3.328 0.75
2019-05-05_00:05:37 01423 11.584 166.400 1927.578 8.328 0.000 0.000 0.75
2019-05-05_00:05:38 01424 11.576 168.800 1954.029 8.344 0.000 0.000 0.75
2019-05-05_00:05:39 01425 11.576 170.800 1977.181 8.352 0.400 3.341 0.75
2019-05-05_00:05:40 01426 11.576 170.000 1967.920 8.360 0.000 0.000 0.76
2019-05-05_00:05:41 01427 11.576 170.400 1972.550 8.368 0.400 3.347 0.76
2019-05-05_00:05:42 01428 11.552 190.800 2204.122 8.368 0.000 0.000 0.76
2019-05-05_00:05:43 01429 11.576 166.400 1926.246 8.392 0.400 3.357 0.76
2019-05-05_00:05:44 01430 11.576 171.600 1986.442 8.400 0.000 0.000 0.76
2019-05-05_00:05:45 01431 11.576 168.400 1949.398 8.416 0.000 0.000 0.75
2019-05-05_00:05:46 01432 11.584 170.400 1973.914 8.312 0.000 0.000 0.75
2019-05-05_00:05:47 01433 11.568 179.600 2077.613 8.304 0.000 0.000 0.75
2019-05-05_00:05:48 01434 11.584 167.600 1941.478 8.328 0.400 3.331 0.75
2019-05-05_00:05:49 01435 11.576 169.600 1963.290 8.344 0.400 3.338 0.75
2019-05-05_00:05:50 01436 11.576 169.200 1958.659 8.352 0.000 0.000 0.75
2019-05-05_00:05:51 01437 11.576 170.400 1972.550 8.360 0.000 0.000 0.76
2019-05-05_00:05:52 01438 11.560 190.400 2201.024 8.360 0.400 3.344 0.76
2019-05-05_00:05:53 01439 11.576 170.400 1972.550 8.384 0.400 3.354 0.76
2019-05-05_00:05:54 01440 11.576 169.200 1958.659 8.392 0.400 3.357 0.76
2019-05-05_00:05:55 01441 11.576 169.200 1958.659 8.400 0.400 3.360 0.76
2019-05-05_00:05:56 01442 11.568 166.800 1929.542 8.408 0.400 3.363 0.75
2019-05-05_00:05:57 01443 11.584 167.600 1941.478 8.312 0.400 3.325 0.75
2019-05-05_00:05:58 01444 11.584 170.400 1973.914 8.320 0.000 0.000 0.75
2019-05-05_00:05:59 01445 11.560 199.600 2307.376 8.312 0.000 0.000 0.75
2019-05-05_00:06:00 01446 11.576 170.400 1972.550 8.344 0.000 0.000 0.75
2019-05-05_00:06:01 01447 11.584 168.000 1946.112 8.352 0.400 3.341 0.75
2019-05-05_00:06:02 01448 11.552 201.200 2324.262 8.360 0.000 0.000 0.76
2019-05-05_00:06:03 01449 11.576 168.400 1949.398 8.368 0.000 0.000 0.76
2019-05-05_00:06:04 01450 11.576 169.600 1963.290 8.384 0.000 0.000 0.76
2019-05-05_00:06:05 01451 11.576 170.400 1972.550 8.392 0.000 0.000 0.76
2019-05-05_00:06:06 01452 11.576 170.400 1972.550 8.400 0.000 0.000 0.76
2019-05-05_00:06:07 01453 11.552 180.800 2088.602 8.400 0.000 0.000 0.76
2019-05-05_00:06:08 01454 11.576 170.000 1967.920 8.424 0.000 0.000 0.75
2019-05-05_00:06:09 01455 11.584 167.200 1936.845 8.320 0.000 0.000 0.75
2019-05-05_00:06:10 01456 11.584 170.000 1969.280 8.328 0.000 0.000 0.75
2019-05-05_00:06:11 01457 11.584 163.200 1890.509 8.344 0.400 3.338 0.75
2019-05-05_00:06:12 01458 11.568 198.000 2290.464 8.352 0.000 0.000 0.75
2019-05-05_00:06:13 01459 11.576 170.000 1967.920 8.360 0.400 3.344 0.76
2019-05-05_00:06:14 01460 11.576 169.200 1958.659 8.368 0.400 3.347 0.76
2019-05-05_00:06:15 01461 11.576 167.600 1940.138 8.384 0.400 3.354 0.76
2019-05-05_00:06:16 01462 11.576 170.000 1967.920 8.392 0.000 0.000 0.76
2019-05-05_00:06:17 01463 11.576 169.600 1963.290 8.400 0.400 3.360 0.76
2019-05-05_00:06:18 01464 11.584 166.000 1922.944 8.408 0.000 0.000 0.75
2019-05-05_00:06:19 01465 11.600 158.800 1842.080 8.312 0.000 0.000 0.75
2019-05-05_00:06:20 01466 11.592 154.800 1794.442 8.320 0.400 3.328 0.75
2019-05-05_00:06:21 01467 11.584 159.600 1848.806 8.328 0.000 0.000 0.75
2019-05-05_00:06:22 01468 11.576 169.600 1963.290 8.344 0.400 3.338 0.75
2019-05-05_00:06:23 01469 11.576 168.800 1954.029 8.352 0.400 3.341 0.75
2019-05-05_00:06:24 01470 11.560 196.000 2265.760 8.352 0.400 3.341 0.76
2019-05-05_00:06:25 01471 11.576 170.400 1972.550 8.376 0.400 3.350 0.76
2019-05-05_00:06:26 01472 11.576 170.400 1972.550 8.384 0.000 0.000 0.76
2019-05-05_00:06:27 01473 11.560 194.000 2242.640 8.376 0.000 0.000 0.76
2019-05-05_00:06:28 01474 11.576 170.000 1967.920 8.400 0.000 0.000 0.76
2019-05-05_00:06:29 01475 11.560 196.400 2270.384 8.400 0.000 0.000 0.76
2019-05-05_00:06:30 01476 11.568 170.800 1975.814 8.424 0.000 0.000 0.75
2019-05-05_00:06:31 01477 11.584 170.000 1969.280 8.320 0.000 0.000 0.75
2019-05-05_00:06:32 01478 11.560 186.800 2159.408 8.312 0.000 0.000 0.75
2019-05-05_00:06:33 01479 11.576 170.400 1972.550 8.344 0.000 0.000 0.75
2019-05-05_00:06:34 01480 11.584 168.800 1955.379 8.352 0.000 0.000 0.75
2019-05-05_00:06:35 01481 11.576 170.000 1967.920 8.368 0.400 3.347 0.76
2019-05-05_00:06:36 01482 11.576 170.000 1967.920 8.376 0.000 0.000 0.76
2019-05-05_00:06:37 01483 11.552 196.800 2273.434 8.376 0.000 0.000 0.76
2019-05-05_00:06:38 01484 11.568 170.800 1975.814 8.392 0.400 3.357 0.76
2019-05-05_00:06:39 01485 11.576 154.800 1791.965 8.400 0.400 3.360 0.76
2019-05-05_00:06:40 01486 11.568 166.800 1929.542 8.408 0.000 0.000 0.75
2019-05-05_00:06:41 01487 11.584 169.200 1960.013 8.312 0.000 0.000 0.75
2019-05-05_00:06:42 01488 11.568 197.200 2281.210 8.312 0.000 0.000 0.75
2019-05-05_00:06:43 01489 11.576 170.400 1972.550 8.328 0.000 0.000 0.75
2019-05-05_00:06:44 01490 11.560 187.200 2164.032 8.328 0.000 0.000 0.75
2019-05-05_00:06:45 01491 11.576 169.200 1958.659 8.352 0.000 0.000 0.75
2019-05-05_00:06:46 01492 11.576 169.200 1958.659 8.360 0.400 3.344 0.76
2019-05-05_00:06:47 01493 11.576 186.800 2162.397 8.360 0.400 3.344 0.76
2019-05-05_00:06:48 01494 11.576 170.400 1972.550 8.384 0.400 3.354 0.76
2019-05-05_00:06:49 01495 11.552 179.200 2070.118 8.376 0.400 3.350 0.76
2019-05-05_00:06:50 01496 11.576 170.400 1972.550 8.400 0.000 0.000 0.76
2019-05-05_00:06:51 01497 11.568 169.200 1957.306 8.416 0.000 0.000 0.75
2019-05-05_00:06:52 01498 11.568 198.000 2290.464 8.296 0.000 0.000 0.77
2019-05-05_00:06:53 01499 11.568 170.000 1966.560 8.544 0.000 0.000 0.76
2019-05-05_00:06:54 01500 11.552 186.800 2157.914 8.392 0.000 0.000 0.76
2019-05-05_00:06:55 01501 11.576 168.400 1949.398 8.424 0.000 0.000 0.75
2019-05-05_00:06:56 01502 11.584 166.800 1932.211 8.320 0.000 0.000 0.75
2019-05-05_00:06:57 01503 11.576 195.200 2259.635 8.320 0.000 0.000 0.75
2019-05-05_00:06:58 01504 11.576 169.200 1958.659 8.344 0.000 0.000 0.75
2019-05-05_00:06:59 01505 11.576 166.800 1930.877 8.352 0.000 0.000 0.75
2019-05-05_00:07:00 01506 11.576 169.200 1958.659 8.360 0.000 0.000 0.76
2019-05-05_00:07:01 01507 11.576 169.600 1963.290 8.376 0.400 3.350 0.76
2019-05-05_00:07:02 01508 11.576 170.000 1967.920 8.376 0.400 3.350 0.76
2019-05-05_00:07:03 01509 11.576 167.600 1940.138 8.392 0.400 3.357 0.76
2019-05-05_00:07:04 01510 11.560 194.800 2251.888 8.384 0.000 0.000 0.76
2019-05-05_00:07:05 01511 11.576 170.000 1967.920 8.408 0.000 0.000 0.75
2019-05-05_00:07:06 01512 11.584 168.000 1946.112 8.312 0.000 0.000 0.75
2019-05-05_00:07:07 01513 11.560 198.800 2298.128 8.304 0.000 0.000 0.75
2019-05-05_00:07:08 01514 11.584 170.000 1969.280 8.328 0.000 0.000 0.75
2019-05-05_00:07:09 01515 11.560 186.800 2159.408 8.328 0.000 0.000 0.75