2019-05-04_23:32:16 00001 11.576 170.400 1972.550 3.232 0.000 0.000 0.32
2019-05-04_23:32:17 00002 11.592 166.000 1924.272 3.456 0.000 0.000 0.34
2019-05-04_23:32:18 00003 11.592 154.000 1785.168 3.696 0.400 1.478 0.36
2019-05-04_23:32:19 00004 11.600 154.400 1791.040 3.944 0.000 0.000 0.38
2019-05-04_23:32:20 00005 11.576 160.000 1852.160 4.168 0.000 0.000 0.40
2019-05-04_23:32:21 00006 11.584 166.400 1927.578 4.400 0.000 0.000 0.42
2019-05-04_23:32:22 00007 11.584 168.400 1950.746 4.640 0.000 0.000 0.44
2019-05-04_23:32:23 00008 11.600 156.400 1814.240 4.880 0.000 0.000 0.46
2019-05-04_23:32:24 00009 11.584 157.200 1821.005 5.096 0.000 0.000 0.48
2019-05-04_23:32:25 00010 11.592 157.200 1822.262 5.336 0.000 0.000 0.50
2019-05-04_23:32:26 00011 11.584 158.800 1839.539 5.560 0.000 0.000 0.52
2019-05-04_23:32:27 00012 11.584 167.200 1936.845 5.800 0.000 0.000 0.54
2019-05-04_23:32:28 00013 11.576 168.800 1954.029 6.016 0.000 0.000 0.56
2019-05-04_23:32:29 00014 11.584 173.200 2006.349 6.248 0.000 0.000 0.58
2019-05-04_23:32:30 00015 11.592 157.200 1822.262 6.472 0.000 0.000 0.60
2019-05-04_23:32:31 00016 11.592 157.600 1826.899 6.712 0.000 0.000 0.62
2019-05-04_23:32:32 00017 11.576 156.400 1810.486 6.928 0.000 0.000 0.64
2019-05-04_23:32:33 00018 11.592 165.200 1914.998 7.160 0.400 2.864 0.66
2019-05-04_23:32:34 00019 11.584 166.400 1927.578 7.376 0.000 0.000 0.68
2019-05-04_23:32:35 00020 11.584 156.800 1816.371 7.592 0.000 0.000 0.70
2019-05-04_23:32:36 00021 11.568 170.800 1975.814 7.792 0.000 0.000 0.72
2019-05-04_23:32:37 00022 11.584 162.000 1876.608 8.024 0.400 3.210 0.74
2019-05-04_23:32:38 00023 11.592 164.800 1910.362 8.232 0.000 0.000 0.76
2019-05-04_23:32:39 00024 11.584 154.000 1783.936 8.432 0.000 0.000 0.75
2019-05-04_23:32:40 00025 11.584 155.600 1802.470 8.336 0.000 0.000 0.75
2019-05-04_23:32:41 00026 11.576 163.200 1889.203 8.344 0.000 0.000 0.75
2019-05-04_23:32:42 00027 11.592 166.400 1928.909 8.352 0.000 0.000 0.75
2019-05-04_23:32:43 00028 11.592 152.800 1771.258 8.368 0.000 0.000 0.75
2019-05-04_23:32:44 00029 11.576 170.400 1972.550 8.368 0.400 3.347 0.76
2019-05-04_23:32:45 00030 11.576 166.400 1926.246 8.384 0.000 0.000 0.76
2019-05-04_23:32:46 00031 11.576 164.400 1903.094 8.392 0.400 3.357 0.76
2019-05-04_23:32:47 00032 11.576 170.400 1972.550 8.400 0.000 0.000 0.76
2019-05-04_23:32:48 00033 11.576 159.600 1847.530 8.416 0.000 0.000 0.75
2019-05-04_23:32:49 00034 11.584 164.000 1899.776 8.312 0.000 0.000 0.75
2019-05-04_23:32:50 00035 11.584 170.400 1973.914 8.312 0.000 0.000 0.75
2019-05-04_23:32:51 00036 11.592 154.000 1785.168 8.336 0.000 0.000 0.75
2019-05-04_23:32:52 00037 11.576 168.400 1949.398 8.336 0.000 0.000 0.75
2019-05-04_23:32:53 00038 11.560 177.200 2048.432 8.344 0.400 3.338 0.75
2019-05-04_23:32:54 00039 11.584 164.800 1909.043 8.368 0.000 0.000 0.75
2019-05-04_23:32:55 00040 11.592 153.600 1780.531 8.376 0.400 3.350 0.76
2019-05-04_23:32:56 00041 11.576 169.600 1963.290 8.376 0.000 0.000 0.76
2019-05-04_23:32:57 00042 11.576 156.800 1815.117 8.392 0.000 0.000 0.76
2019-05-04_23:32:58 00043 11.576 164.400 1903.094 8.400 0.000 0.000 0.76
2019-05-04_23:32:59 00044 11.584 153.200 1774.669 8.408 0.400 3.363 0.75
2019-05-04_23:33:00 00045 11.592 153.200 1775.894 8.312 0.000 0.000 0.75
2019-05-04_23:33:01 00046 11.592 153.600 1780.531 8.320 0.000 0.000 0.75
2019-05-04_23:33:02 00047 11.584 161.200 1867.341 8.336 0.000 0.000 0.75
2019-05-04_23:33:03 00048 11.584 164.800 1909.043 8.344 0.000 0.000 0.75
2019-05-04_23:33:04 00049 11.592 153.600 1780.531 8.352 0.000 0.000 0.75
2019-05-04_23:33:05 00050 11.592 153.600 1780.531 8.360 0.000 0.000 0.75
2019-05-04_23:33:06 00051 11.584 153.600 1779.302 8.376 0.000 0.000 0.76
2019-05-04_23:33:07 00052 11.576 156.000 1805.856 8.384 0.000 0.000 0.76
2019-05-04_23:33:08 00053 11.576 162.000 1875.312 8.392 0.400 3.357 0.76
2019-05-04_23:33:09 00054 11.576 162.800 1884.573 8.400 0.400 3.360 0.76
2019-05-04_23:33:10 00055 11.576 164.800 1907.725 8.416 0.000 0.000 0.75
2019-05-04_23:33:11 00056 11.592 153.200 1775.894 8.312 0.000 0.000 0.75
2019-05-04_23:33:12 00057 11.592 153.200 1775.894 8.328 0.000 0.000 0.75
2019-05-04_23:33:13 00058 11.592 154.000 1785.168 8.328 0.000 0.000 0.75
2019-05-04_23:33:14 00059 11.584 154.800 1793.203 8.344 0.400 3.338 0.75
2019-05-04_23:33:15 00060 11.584 163.600 1895.142 8.352 0.400 3.341 0.75
2019-05-04_23:33:16 00061 11.576 164.800 1907.725 8.360 0.000 0.000 0.75
2019-05-04_23:33:17 00062 11.592 153.200 1775.894 8.368 0.000 0.000 0.76
2019-05-04_23:33:18 00063 11.584 153.200 1774.669 8.384 0.400 3.354 0.76
2019-05-04_23:33:19 00064 11.576 155.200 1796.595 8.392 0.000 0.000 0.76
2019-05-04_23:33:20 00065 11.576 161.600 1870.682 8.400 0.000 0.000 0.76
2019-05-04_23:33:21 00066 11.576 188.800 2185.549 8.408 0.000 0.000 0.75
2019-05-04_23:33:22 00067 11.592 153.200 1775.894 8.312 0.000 0.000 0.75
2019-05-04_23:33:23 00068 11.592 153.200 1775.894 8.320 0.000 0.000 0.75
2019-05-04_23:33:24 00069 11.584 158.400 1834.906 8.336 0.000 0.000 0.75
2019-05-04_23:33:25 00070 11.584 165.200 1913.677 8.344 0.000 0.000 0.75
2019-05-04_23:33:26 00071 11.592 165.200 1914.998 8.352 0.000 0.000 0.75
2019-05-04_23:33:27 00072 11.592 153.600 1780.531 8.368 0.400 3.347 0.75
2019-05-04_23:33:28 00073 11.576 155.200 1796.595 8.376 0.400 3.350 0.76
2019-05-04_23:33:29 00074 11.576 169.200 1958.659 8.376 0.000 0.000 0.76
2019-05-04_23:33:30 00075 11.584 153.200 1774.669 8.392 0.000 0.000 0.76
2019-05-04_23:33:31 00076 11.584 153.200 1774.669 8.400 0.400 3.360 0.76
2019-05-04_23:33:32 00077 11.584 153.200 1774.669 8.416 0.400 3.366 0.75
2019-05-04_23:33:33 00078 11.584 170.800 1978.547 8.312 0.000 0.000 0.75
2019-05-04_23:33:34 00079 11.584 156.000 1807.104 8.320 0.000 0.000 0.75
2019-05-04_23:33:35 00080 11.584 161.600 1871.974 8.336 0.400 3.334 0.75
2019-05-04_23:33:36 00081 11.584 163.600 1895.142 8.344 0.400 3.338 0.75
2019-05-04_23:33:37 00082 11.584 164.800 1909.043 8.352 0.000 0.000 0.75
2019-05-04_23:33:38 00083 11.584 166.400 1927.578 8.352 0.000 0.000 0.75
2019-05-04_23:33:39 00084 11.584 152.800 1770.035 8.368 0.000 0.000 0.76
2019-05-04_23:33:40 00085 11.584 153.600 1779.302 8.384 0.000 0.000 0.76
2019-05-04_23:33:41 00086 11.576 162.800 1884.573 8.392 0.400 3.357 0.76
2019-05-04_23:33:42 00087 11.584 164.800 1909.043 8.400 0.400 3.360 0.76
2019-05-04_23:33:43 00088 11.568 170.400 1971.187 8.408 0.400 3.363 0.75
2019-05-04_23:33:44 00089 11.600 153.200 1777.120 8.312 0.000 0.000 0.75
2019-05-04_23:33:45 00090 11.592 153.200 1775.894 8.328 0.000 0.000 0.75
2019-05-04_23:33:46 00091 11.568 178.800 2068.358 8.320 0.000 0.000 0.75
2019-05-04_23:33:47 00092 11.584 164.400 1904.410 8.344 0.400 3.338 0.75
2019-05-04_23:33:48 00093 11.576 171.200 1981.811 8.344 0.000 0.000 0.75
2019-05-04_23:33:49 00094 11.592 153.200 1775.894 8.360 0.000 0.000 0.75
2019-05-04_23:33:50 00095 11.592 153.200 1775.894 8.376 0.400 3.350 0.76
2019-05-04_23:33:51 00096 11.576 156.800 1815.117 8.384 0.400 3.354 0.76
2019-05-04_23:33:52 00097 11.576 164.400 1903.094 8.392 0.000 0.000 0.76
2019-05-04_23:33:53 00098 11.576 170.000 1967.920 8.392 0.000 0.000 0.76
2019-05-04_23:33:54 00099 11.584 154.400 1788.570 8.408 0.000 0.000 0.75
2019-05-04_23:33:55 00100 11.592 153.600 1780.531 8.312 0.000 0.000 0.75
2019-05-04_23:33:56 00101 11.584 156.400 1811.738 8.320 0.000 0.000 0.75