2019-05-05_00:13:55 01920 11.584 168.400 1950.746 8.304 0.000 0.000 0.75
2019-05-05_00:13:56 01921 11.592 152.400 1766.621 8.320 0.000 0.000 0.75
2019-05-05_00:13:57 01922 11.584 182.400 2112.922 8.320 0.000 0.000 0.75
2019-05-05_00:13:58 01923 11.592 152.400 1766.621 8.336 0.400 3.334 0.75
2019-05-05_00:13:59 01924 11.592 152.800 1771.258 8.352 0.000 0.000 0.75
2019-05-05_00:14:00 01925 11.576 168.400 1949.398 8.352 0.400 3.341 0.75
2019-05-05_00:14:01 01926 11.592 152.800 1771.258 8.368 0.400 3.347 0.76
2019-05-05_00:14:02 01927 11.592 152.800 1771.258 8.384 0.400 3.354 0.76
2019-05-05_00:14:03 01928 11.584 152.400 1765.402 8.392 0.400 3.357 0.76
2019-05-05_00:14:04 01929 11.576 160.800 1861.421 8.400 0.000 0.000 0.76
2019-05-05_00:14:05 01930 11.576 168.400 1949.398 8.400 0.400 3.360 0.76
2019-05-05_00:14:06 01931 11.584 152.400 1765.402 8.424 0.000 0.000 0.75
2019-05-05_00:14:07 01932 11.568 175.200 2026.714 8.312 0.000 0.000 0.75
2019-05-05_00:14:08 01933 11.592 162.800 1887.178 8.328 0.400 3.331 0.75
2019-05-05_00:14:09 01934 11.592 152.000 1761.984 8.336 0.400 3.334 0.75
2019-05-05_00:14:10 01935 11.592 153.200 1775.894 8.352 0.400 3.341 0.75
2019-05-05_00:14:11 01936 11.584 152.800 1770.035 8.360 0.000 0.000 0.75
2019-05-05_00:14:12 01937 11.576 169.600 1963.290 8.360 0.000 0.000 0.76
2019-05-05_00:14:13 01938 11.592 152.800 1771.258 8.376 0.400 3.350 0.76
2019-05-05_00:14:14 01939 11.584 154.000 1783.936 8.392 0.400 3.357 0.76
2019-05-05_00:14:15 01940 11.576 181.600 2102.202 8.392 0.400 3.357 0.76
2019-05-05_00:14:16 01941 11.584 152.800 1770.035 8.408 0.000 0.000 0.75
2019-05-05_00:14:17 01942 11.576 170.800 1977.181 8.304 0.000 0.000 0.75
2019-05-05_00:14:18 01943 11.600 164.000 1902.400 8.320 0.000 0.000 0.75
2019-05-05_00:14:19 01944 11.592 152.800 1771.258 8.328 0.000 0.000 0.75
2019-05-05_00:14:20 01945 11.584 168.400 1950.746 8.328 0.000 0.000 0.75
2019-05-05_00:14:21 01946 11.584 162.800 1885.875 8.352 0.000 0.000 0.75
2019-05-05_00:14:22 01947 11.592 152.800 1771.258 8.360 0.400 3.344 0.75
2019-05-05_00:14:23 01948 11.592 154.000 1785.168 8.368 0.400 3.347 0.76
2019-05-05_00:14:24 01949 11.584 152.800 1770.035 8.376 0.400 3.350 0.76
2019-05-05_00:14:25 01950 11.576 181.600 2102.202 8.384 0.400 3.354 0.76
2019-05-05_00:14:26 01951 11.584 152.400 1765.402 8.400 0.400 3.360 0.76
2019-05-05_00:14:27 01952 11.576 168.800 1954.029 8.400 0.400 3.360 0.76
2019-05-05_00:14:28 01953 11.576 158.000 1829.008 8.424 0.400 3.370 0.75
2019-05-05_00:14:29 01954 11.584 168.400 1950.746 8.312 0.000 0.000 0.75
2019-05-05_00:14:30 01955 11.592 152.400 1766.621 8.328 0.400 3.331 0.75
2019-05-05_00:14:31 01956 11.584 155.600 1802.470 8.336 0.400 3.334 0.75
2019-05-05_00:14:32 01957 11.584 168.800 1955.379 8.344 0.400 3.338 0.75
2019-05-05_00:14:33 01958 11.592 152.400 1766.621 8.360 0.400 3.344 0.75
2019-05-05_00:14:34 01959 11.584 152.800 1770.035 8.368 0.000 0.000 0.76
2019-05-05_00:14:35 01960 11.576 168.400 1949.398 8.368 0.000 0.000 0.76
2019-05-05_00:14:36 01961 11.584 152.800 1770.035 8.392 0.400 3.357 0.76
2019-05-05_00:14:37 01962 11.576 168.800 1954.029 8.392 0.400 3.357 0.76
2019-05-05_00:14:38 01963 11.576 162.000 1875.312 8.408 0.000 0.000 0.75
2019-05-05_00:14:39 01964 11.600 154.000 1786.400 8.312 0.000 0.000 0.75
2019-05-05_00:14:40 01965 11.600 152.400 1767.840 8.320 0.400 3.328 0.75
2019-05-05_00:14:41 01966 11.592 152.800 1771.258 8.328 0.000 0.000 0.75
2019-05-05_00:14:42 01967 11.584 158.000 1830.272 8.336 0.400 3.334 0.75
2019-05-05_00:14:43 01968 11.592 162.400 1882.541 8.352 0.000 0.000 0.75
2019-05-05_00:14:44 01969 11.592 152.400 1766.621 8.360 0.400 3.344 0.75
2019-05-05_00:14:45 01970 11.592 152.800 1771.258 8.368 0.400 3.347 0.76
2019-05-05_00:14:46 01971 11.592 162.800 1887.178 8.376 0.400 3.350 0.76
2019-05-05_00:14:47 01972 11.576 168.800 1954.029 8.384 0.400 3.354 0.76
2019-05-05_00:14:48 01973 11.584 152.800 1770.035 8.400 0.400 3.360 0.76
2019-05-05_00:14:49 01974 11.576 158.000 1829.008 8.408 0.000 0.000 0.75
2019-05-05_00:14:50 01975 11.584 168.400 1950.746 8.304 0.000 0.000 0.75
2019-05-05_00:14:51 01976 11.600 152.800 1772.480 8.320 0.000 0.000 0.75
2019-05-05_00:14:52 01977 11.584 168.800 1955.379 8.320 0.400 3.328 0.75
2019-05-05_00:14:53 01978 11.584 159.200 1844.173 8.336 0.000 0.000 0.75
2019-05-05_00:14:54 01979 11.592 152.400 1766.621 8.352 0.000 0.000 0.75
2019-05-05_00:14:55 01980 11.576 169.200 1958.659 8.352 0.400 3.341 0.75
2019-05-05_00:14:56 01981 11.584 152.800 1770.035 8.368 0.400 3.347 0.76
2019-05-05_00:14:57 01982 11.576 168.800 1954.029 8.368 0.000 0.000 0.76
2019-05-05_00:14:58 01983 11.592 152.800 1771.258 8.392 0.400 3.357 0.76
2019-05-05_00:14:59 01984 11.584 152.400 1765.402 8.400 0.000 0.000 0.76
2019-05-05_00:15:00 01985 11.576 181.200 2097.571 8.400 0.400 3.360 0.76
2019-05-05_00:15:01 01986 11.584 153.200 1774.669 8.424 0.000 0.000 0.75
2019-05-05_00:15:02 01987 11.584 168.400 1950.746 8.312 0.000 0.000 0.75
2019-05-05_00:15:03 01988 11.584 160.400 1858.074 8.328 0.000 0.000 0.75
2019-05-05_00:15:04 01989 11.592 152.800 1771.258 8.336 0.000 0.000 0.75
2019-05-05_00:15:05 01990 11.592 152.800 1771.258 8.352 0.400 3.341 0.75
2019-05-05_00:15:06 01991 11.584 161.200 1867.341 8.360 0.400 3.344 0.75
2019-05-05_00:15:07 01992 11.576 168.400 1949.398 8.360 0.400 3.344 0.76
2019-05-05_00:15:08 01993 11.584 154.000 1783.936 8.384 0.400 3.354 0.76
2019-05-05_00:15:09 01994 11.584 152.800 1770.035 8.392 0.400 3.357 0.76
2019-05-05_00:15:10 01995 11.576 168.400 1949.398 8.392 0.400 3.357 0.76
2019-05-05_00:15:11 01996 11.584 152.800 1770.035 8.408 0.000 0.000 0.75
2019-05-05_00:15:12 01997 11.584 168.800 1955.379 8.296 0.000 0.000 0.77
2019-05-05_00:15:13 01998 11.584 152.400 1765.402 8.536 0.000 0.000 0.76
2019-05-05_00:15:14 01999 11.584 162.000 1876.608 8.408 0.000 0.000 0.75
2019-05-05_00:15:15 02000 11.584 168.800 1955.379 8.304 0.000 0.000 0.75
2019-05-05_00:15:16 02001 11.592 152.800 1771.258 8.320 0.000 0.000 0.75
2019-05-05_00:15:17 02002 11.584 168.400 1950.746 8.320 0.400 3.328 0.75
2019-05-05_00:15:18 02003 11.592 152.800 1771.258 8.336 0.000 0.000 0.75
2019-05-05_00:15:19 02004 11.584 154.800 1793.203 8.352 0.400 3.341 0.75
2019-05-05_00:15:20 02005 11.592 153.600 1780.531 8.360 0.000 0.000 0.75
2019-05-05_00:15:21 02006 11.592 154.400 1789.805 8.368 0.400 3.347 0.76
2019-05-05_00:15:22 02007 11.584 154.000 1783.936 8.376 0.400 3.350 0.76
2019-05-05_00:15:23 02008 11.584 152.400 1765.402 8.392 0.000 0.000 0.76
2019-05-05_00:15:24 02009 11.584 152.800 1770.035 8.400 0.400 3.360 0.76
2019-05-05_00:15:25 02010 11.576 153.200 1773.443 8.408 0.400 3.363 0.75
2019-05-05_00:15:26 02011 11.600 152.800 1772.480 8.312 0.000 0.000 0.75
2019-05-05_00:15:27 02012 11.584 168.400 1950.746 8.312 0.000 0.000 0.75
2019-05-05_00:15:28 02013 11.584 160.000 1853.440 8.328 0.000 0.000 0.75
2019-05-05_00:15:29 02014 11.584 168.800 1955.379 8.328 0.400 3.331 0.75
2019-05-05_00:15:30 02015 11.584 152.800 1770.035 8.352 0.400 3.341 0.75
2019-05-05_00:15:31 02016 11.584 161.600 1871.974 8.360 0.400 3.344 0.75
2019-05-05_00:15:32 02017 11.576 168.800 1954.029 8.360 0.400 3.344 0.76
2019-05-05_00:15:33 02018 11.592 152.800 1771.258 8.384 0.400 3.354 0.76
2019-05-05_00:15:34 02019 11.584 156.400 1811.738 8.392 0.000 0.000 0.76
2019-05-05_00:15:35 02020 11.560 170.800 1974.448 8.392 0.000 0.000 0.76