2019-05-05_23:43:17 00203 11.384 394.400 4489.850 8.368 -262.800 -2199.110 0.81
2019-05-05_23:43:18 00204 11.376 401.600 4568.602 8.376 -265.600 -2224.666 0.81
2019-05-05_23:43:19 00205 11.368 407.200 4629.050 8.376 -272.800 -2284.973 0.82
2019-05-05_23:43:20 00206 11.368 407.600 4633.597 8.384 -277.200 -2324.045 0.82
2019-05-05_23:43:21 00207 11.360 417.600 4743.936 8.392 -289.600 -2430.323 0.82
2019-05-05_23:43:22 00208 11.360 421.200 4784.832 8.400 -294.800 -2476.320 0.82
2019-05-05_23:43:23 00209 11.360 423.200 4807.552 8.400 -304.800 -2560.320 0.82
2019-05-05_23:43:24 00210 11.352 431.200 4894.982 8.400 -303.600 -2550.240 0.82
2019-05-05_23:43:25 00211 11.352 434.400 4931.309 8.408 -309.600 -2603.117 0.81
2019-05-05_23:43:26 00212 11.392 382.800 4360.858 8.360 -250.800 -2096.688 0.81
2019-05-05_23:43:27 00213 11.384 387.200 4407.885 8.360 -253.600 -2120.096 0.81
2019-05-05_23:43:28 00214 11.384 392.800 4471.635 8.368 -260.000 -2175.680 0.81
2019-05-05_23:43:29 00215 11.376 399.200 4541.299 8.376 -265.200 -2221.315 0.81
2019-05-05_23:43:30 00216 11.376 402.400 4577.702 8.376 -274.000 -2295.024 0.82
2019-05-05_23:43:31 00217 11.368 409.600 4656.333 8.384 -277.600 -2327.398 0.82
2019-05-05_23:43:32 00218 11.368 418.000 4751.824 8.384 -290.000 -2431.360 0.82
2019-05-05_23:43:33 00219 11.360 424.400 4821.184 8.400 -296.000 -2486.400 0.82
2019-05-05_23:43:34 00220 11.352 428.400 4863.197 8.400 -296.800 -2493.120 0.82
2019-05-05_23:43:35 00221 11.352 427.600 4854.115 8.400 -306.400 -2573.760 0.82
2019-05-05_23:43:36 00222 11.352 430.400 4885.901 8.408 -309.600 -2603.117 0.81
2019-05-05_23:43:37 00223 11.384 388.800 4426.099 8.360 -247.200 -2066.592 0.81
2019-05-05_23:43:38 00224 11.384 390.400 4444.314 8.368 -253.200 -2118.778 0.81
2019-05-05_23:43:39 00225 11.392 373.600 4256.051 8.368 -270.800 -2266.054 0.81
2019-05-05_23:43:40 00226 11.392 366.800 4178.586 8.376 -282.800 -2368.733 0.81
2019-05-05_23:43:41 00227 11.384 372.400 4239.402 8.384 -288.800 -2421.299 0.82
2019-05-05_23:43:42 00228 11.376 380.800 4331.981 8.384 -294.800 -2471.603 0.82
2019-05-05_23:43:43 00229 11.376 392.800 4468.493 8.392 -296.400 -2487.389 0.82
2019-05-05_23:43:44 00230 11.368 396.800 4510.822 8.400 -309.600 -2600.640 0.82
2019-05-05_23:43:45 00231 11.376 392.000 4459.392 8.408 -315.200 -2650.202 0.81
2019-05-05_23:43:46 00232 11.416 342.800 3913.405 8.352 -252.800 -2111.386 0.81
2019-05-05_23:43:47 00233 11.408 347.600 3965.421 8.360 -258.400 -2160.224 0.81
2019-05-05_23:43:48 00234 11.400 366.400 4176.960 8.360 -258.400 -2160.224 0.81
2019-05-05_23:43:49 00235 11.392 365.200 4160.358 8.368 -270.400 -2262.707 0.81
2019-05-05_23:43:50 00236 11.400 361.200 4117.680 8.376 -276.400 -2315.126 0.81
2019-05-05_23:43:51 00237 11.392 366.400 4174.029 8.376 -282.000 -2362.032 0.81
2019-05-05_23:43:52 00238 11.384 378.400 4307.706 8.384 -288.800 -2421.299 0.82
2019-05-05_23:43:53 00239 11.376 385.200 4382.035 8.384 -294.400 -2468.250 0.82
2019-05-05_23:43:54 00240 11.376 390.800 4445.741 8.392 -302.400 -2537.741 0.82
2019-05-05_23:43:55 00241 11.376 388.800 4422.989 8.400 -309.200 -2597.280 0.82
2019-05-05_23:43:56 00242 11.368 392.000 4456.256 8.408 -314.400 -2643.475 0.81
2019-05-05_23:43:57 00243 11.408 350.400 3997.363 8.352 -252.400 -2108.045 0.81
2019-05-05_23:43:58 00244 11.408 357.200 4074.938 8.360 -253.200 -2116.752 0.81
2019-05-05_23:43:59 00245 11.408 351.600 4011.053 8.360 -264.000 -2207.040 0.81
2019-05-05_23:44:00 00246 11.400 356.800 4067.520 8.368 -270.000 -2259.360 0.81
2019-05-05_23:44:01 00247 11.392 361.600 4119.347 8.376 -276.000 -2311.776 0.81
2019-05-05_23:44:02 00248 11.392 374.000 4260.608 8.376 -282.400 -2365.382 0.81
2019-05-05_23:44:03 00249 11.384 380.000 4325.920 8.384 -288.400 -2417.946 0.82
2019-05-05_23:44:04 00250 11.384 376.000 4280.384 8.392 -294.800 -2473.962 0.82
2019-05-05_23:44:05 00251 11.384 382.000 4348.688 8.392 -300.400 -2520.957 0.82
2019-05-05_23:44:06 00252 11.376 386.800 4400.237 8.400 -308.400 -2590.560 0.82
2019-05-05_23:44:07 00253 11.368 400.000 4547.200 8.408 -314.400 -2643.475 0.81
2019-05-05_23:44:08 00254 11.408 352.000 4015.616 8.352 -252.000 -2104.704 0.81
2019-05-05_23:44:09 00255 11.408 356.000 4061.248 8.360 -258.800 -2163.568 0.81
2019-05-05_23:44:10 00256 11.408 352.000 4015.616 8.360 -264.400 -2210.384 0.81
2019-05-05_23:44:11 00257 11.400 356.800 4067.520 8.368 -270.000 -2259.360 0.81
2019-05-05_23:44:12 00258 11.392 366.400 4174.029 8.376 -276.400 -2315.126 0.81
2019-05-05_23:44:13 00259 11.384 375.600 4275.830 8.376 -282.000 -2362.032 0.81
2019-05-05_23:44:14 00260 11.384 379.600 4321.366 8.384 -288.400 -2417.946 0.82
2019-05-05_23:44:15 00261 11.384 384.400 4376.010 8.384 -294.400 -2468.250 0.82
2019-05-05_23:44:16 00262 11.384 382.400 4353.242 8.392 -302.800 -2541.098 0.82
2019-05-05_23:44:17 00263 11.376 387.600 4409.338 8.400 -308.800 -2593.920 0.82
2019-05-05_23:44:18 00264 11.368 392.800 4465.350 8.400 -314.400 -2640.960 0.82
2019-05-05_23:44:19 00265 11.368 400.800 4556.294 8.408 -321.200 -2700.650 0.81
2019-05-05_23:44:20 00266 11.408 355.200 4052.122 8.360 -258.000 -2156.880 0.81
2019-05-05_23:44:21 00267 11.408 352.000 4015.616 8.368 -264.000 -2209.152 0.81
2019-05-05_23:44:22 00268 11.400 365.200 4163.280 8.368 -267.600 -2239.277 0.81
2019-05-05_23:44:23 00269 11.392 363.600 4142.131 8.376 -274.000 -2295.024 0.81
2019-05-05_23:44:24 00270 11.392 366.000 4169.472 8.376 -280.000 -2345.280 0.81
2019-05-05_23:44:25 00271 11.384 374.000 4257.616 8.384 -288.000 -2414.592 0.82
2019-05-05_23:44:26 00272 11.384 384.000 4371.456 8.392 -294.400 -2470.605 0.82
2019-05-05_23:44:27 00273 11.384 382.400 4353.242 8.392 -302.800 -2541.098 0.82
2019-05-05_23:44:28 00274 11.376 386.800 4400.237 8.400 -309.200 -2597.280 0.82
2019-05-05_23:44:29 00275 11.368 392.800 4465.350 8.408 -314.400 -2643.475 0.81
2019-05-05_23:44:30 00276 11.416 350.400 4000.166 8.360 -252.000 -2106.720 0.81
2019-05-05_23:44:31 00277 11.400 360.000 4104.000 8.360 -252.000 -2106.720 0.81
2019-05-05_23:44:32 00278 11.392 382.000 4351.744 8.360 -247.200 -2066.592 0.81
2019-05-05_23:44:33 00279 11.384 388.400 4421.546 8.360 -253.200 -2116.752 0.81
2019-05-05_23:44:34 00280 11.384 394.000 4485.296 8.368 -258.400 -2162.291 0.81
2019-05-05_23:44:35 00281 11.376 400.400 4554.950 8.376 -269.200 -2254.819 0.81
2019-05-05_23:44:36 00282 11.368 404.800 4601.766 8.384 -271.600 -2277.094 0.82
2019-05-05_23:44:38 00283 11.368 411.600 4679.069 8.384 -276.400 -2317.338 0.82
2019-05-05_23:44:38 00284 11.360 416.000 4725.760 8.392 -286.000 -2400.112 0.82
2019-05-05_23:44:39 00285 11.360 422.000 4793.920 8.392 -290.800 -2440.394 0.82
2019-05-05_23:44:40 00286 11.352 426.800 4845.034 8.400 -296.000 -2486.400 0.82
2019-05-05_23:44:41 00287 11.352 429.200 4872.278 8.408 -303.600 -2552.669 0.81
2019-05-05_23:44:42 00288 11.392 376.400 4287.949 8.360 -241.200 -2016.432 0.81
2019-05-05_23:44:43 00289 11.392 386.400 4401.869 8.360 -247.600 -2069.936 0.81
2019-05-05_23:44:44 00290 11.384 387.600 4412.438 8.368 -254.000 -2125.472 0.81
2019-05-05_23:44:46 00291 11.376 391.600 4454.842 8.368 -259.200 -2168.986 0.81
2019-05-05_23:44:47 00292 11.376 398.000 4527.648 8.376 -265.600 -2224.666 0.81
2019-05-05_23:44:48 00293 11.368 406.000 4615.408 8.376 -272.800 -2284.973 0.82
2019-05-05_23:44:49 00294 11.368 408.000 4638.144 8.384 -276.800 -2320.691 0.82
2019-05-05_23:44:50 00295 11.368 413.200 4697.258 8.392 -284.400 -2386.685 0.82
2019-05-05_23:44:51 00296 11.360 420.800 4780.288 8.400 -291.200 -2446.080 0.82
2019-05-05_23:44:52 00297 11.352 422.800 4799.626 8.400 -296.800 -2493.120 0.82
2019-05-05_23:44:53 00298 11.352 430.400 4885.901 8.408 -304.000 -2556.032 0.81
2019-05-05_23:44:54 00299 11.392 381.600 4347.187 8.360 -242.800 -2029.808 0.81
2019-05-05_23:44:55 00300 11.392 374.400 4265.165 8.368 -247.600 -2071.917 0.81
2019-05-05_23:44:56 00301 11.384 385.600 4389.670 8.368 -257.200 -2152.250 0.81
2019-05-05_23:44:57 00302 11.384 394.400 4489.850 8.368 -259.200 -2168.986 0.81
2019-05-05_23:44:58 00303 11.376 396.800 4513.997 8.376 -268.400 -2248.118 0.81