2019-05-05_01:56:24 00102 11.552 200.400 2315.021 8.416 0.000 0.000 0.75
2019-05-05_01:56:25 00103 11.568 198.000 2290.464 8.304 0.000 0.000 0.75
2019-05-05_01:56:26 00104 11.560 200.800 2321.248 8.312 0.000 0.000 0.75
2019-05-05_01:56:27 00105 11.560 198.000 2288.880 8.328 0.400 3.331 0.75
2019-05-05_01:56:28 00106 11.560 197.200 2279.632 8.344 0.000 0.000 0.75
2019-05-05_01:56:29 00107 11.560 198.000 2288.880 8.344 0.000 0.000 0.76
2019-05-05_01:56:30 00108 11.560 200.400 2316.624 8.352 0.000 0.000 0.76
2019-05-05_01:56:31 00109 11.560 196.000 2265.760 8.368 0.400 3.347 0.76
2019-05-05_01:56:32 00110 11.552 194.800 2250.330 8.376 0.000 0.000 0.76
2019-05-05_01:56:33 00111 11.552 197.600 2282.675 8.384 0.000 0.000 0.76
2019-05-05_01:56:34 00112 11.552 200.000 2310.400 8.400 0.000 0.000 0.76
2019-05-05_01:56:35 00113 11.560 192.800 2228.768 8.416 0.000 0.000 0.75
2019-05-05_01:56:36 00114 11.568 195.600 2262.701 8.304 0.400 3.322 0.75
2019-05-05_01:56:37 00115 11.560 200.800 2321.248 8.312 0.400 3.325 0.75
2019-05-05_01:56:38 00116 11.560 200.800 2321.248 8.328 0.400 3.331 0.75
2019-05-05_01:56:39 00117 11.568 197.200 2281.210 8.336 0.000 0.000 0.75
2019-05-05_01:56:40 00118 11.568 189.200 2188.666 8.344 0.400 3.338 0.76
2019-05-05_01:56:41 00119 11.568 192.400 2225.683 8.352 0.400 3.341 0.76
2019-05-05_01:56:42 00120 11.560 196.000 2265.760 8.368 0.400 3.347 0.76
2019-05-05_01:56:43 00121 11.560 188.000 2173.280 8.384 0.400 3.354 0.76
2019-05-05_01:56:44 00122 11.560 194.000 2242.640 8.392 0.000 0.000 0.76
2019-05-05_01:56:45 00123 11.560 198.400 2293.504 8.400 0.400 3.360 0.76
2019-05-05_01:56:46 00124 11.552 198.400 2291.917 8.416 0.000 0.000 0.75
2019-05-05_01:56:47 00125 11.560 198.000 2288.880 8.296 0.000 0.000 0.77
2019-05-05_01:56:48 00126 11.552 197.600 2282.675 8.560 0.000 0.000 0.76
2019-05-05_01:56:49 00127 11.552 185.600 2144.051 8.416 0.000 0.000 0.75
2019-05-05_01:56:50 00128 11.568 197.200 2281.210 8.304 0.000 0.000 0.75
2019-05-05_01:56:51 00129 11.560 192.000 2219.520 8.312 0.000 0.000 0.75
2019-05-05_01:56:52 00130 11.560 193.200 2233.392 8.328 0.000 0.000 0.75
2019-05-05_01:56:53 00131 11.560 196.800 2275.008 8.336 0.000 0.000 0.75
2019-05-05_01:56:54 00132 11.560 195.600 2261.136 8.344 0.000 0.000 0.76
2019-05-05_01:56:55 00133 11.560 196.800 2275.008 8.360 0.000 0.000 0.76
2019-05-05_01:56:56 00134 11.560 187.600 2168.656 8.368 0.400 3.347 0.76
2019-05-05_01:56:57 00135 11.560 194.000 2242.640 8.384 0.000 0.000 0.76
2019-05-05_01:56:58 00136 11.552 189.600 2190.259 8.392 0.400 3.357 0.76
2019-05-05_01:56:59 00137 11.552 191.200 2208.742 8.400 0.000 0.000 0.76
2019-05-05_01:57:00 00138 11.560 195.200 2256.512 8.416 0.000 0.000 0.75
2019-05-05_01:57:01 00139 11.560 194.400 2247.264 8.304 0.400 3.322 0.75
2019-05-05_01:57:02 00140 11.568 191.200 2211.802 8.312 0.000 0.000 0.75
2019-05-05_01:57:03 00141 11.568 196.800 2276.582 8.328 0.000 0.000 0.75
2019-05-05_01:57:04 00142 11.560 186.400 2154.784 8.336 0.400 3.334 0.75
2019-05-05_01:57:05 00143 11.560 196.400 2270.384 8.344 0.400 3.338 0.76
2019-05-05_01:57:06 00144 11.560 193.600 2238.016 8.360 0.000 0.000 0.76
2019-05-05_01:57:07 00145 11.552 194.000 2241.088 8.376 0.400 3.350 0.76
2019-05-05_01:57:08 00146 11.552 197.200 2278.054 8.376 0.000 0.000 0.76
2019-05-05_01:57:09 00147 11.560 196.000 2265.760 8.384 0.000 0.000 0.76
2019-05-05_01:57:10 00148 11.568 196.400 2271.955 8.400 0.000 0.000 0.76
2019-05-05_01:57:11 00149 11.560 195.200 2256.512 8.416 0.000 0.000 0.75
2019-05-05_01:57:12 00150 11.568 191.200 2211.802 8.304 0.000 0.000 0.75
2019-05-05_01:57:13 00151 11.568 190.000 2197.920 8.312 0.400 3.325 0.75
2019-05-05_01:57:14 00152 11.568 194.400 2248.819 8.320 0.000 0.000 0.75
2019-05-05_01:57:15 00153 11.568 188.400 2179.411 8.344 0.400 3.338 0.75
2019-05-05_01:57:16 00154 11.568 169.600 1961.933 8.360 0.400 3.344 0.76
2019-05-05_01:57:17 00155 11.560 196.400 2270.384 8.360 0.000 0.000 0.76
2019-05-05_01:57:18 00156 11.576 197.600 2287.418 8.368 0.000 0.000 0.76
2019-05-05_01:57:19 00157 11.552 198.000 2287.296 8.376 0.000 0.000 0.76
2019-05-05_01:57:20 00158 11.552 196.400 2268.813 8.384 0.000 0.000 0.76
2019-05-05_01:57:21 00159 11.552 194.400 2245.709 8.400 0.000 0.000 0.76
2019-05-05_01:57:22 00160 11.552 195.200 2254.950 8.416 0.000 0.000 0.75
2019-05-05_01:57:23 00161 11.568 196.400 2271.955 8.304 0.000 0.000 0.75
2019-05-05_01:57:24 00162 11.568 196.400 2271.955 8.312 0.400 3.325 0.75
2019-05-05_01:57:25 00163 11.560 196.000 2265.760 8.320 0.000 0.000 0.75
2019-05-05_01:57:26 00164 11.560 194.800 2251.888 8.336 0.400 3.334 0.75
2019-05-05_01:57:27 00165 11.560 189.200 2187.152 8.352 0.400 3.341 0.76
2019-05-05_01:57:28 00166 11.560 197.600 2284.256 8.352 0.400 3.341 0.76
2019-05-05_01:57:29 00167 11.552 195.600 2259.571 8.368 0.400 3.347 0.76
2019-05-05_01:57:30 00168 11.552 206.000 2379.712 8.376 0.400 3.350 0.76
2019-05-05_01:57:31 00169 11.560 194.400 2247.264 8.392 0.400 3.357 0.76
2019-05-05_01:57:32 00170 11.552 189.600 2190.259 8.408 0.400 3.363 0.75
2019-05-05_01:57:33 00171 11.568 188.800 2184.038 8.296 0.400 3.318 0.77
2019-05-05_01:57:34 00172 11.552 196.000 2264.192 8.544 0.000 0.000 0.76
2019-05-05_01:57:35 00173 11.560 196.400 2270.384 8.400 0.000 0.000 0.76
2019-05-05_01:57:36 00174 11.560 185.600 2145.536 8.424 0.000 0.000 0.75
2019-05-05_01:57:37 00175 11.560 190.000 2196.400 8.304 0.400 3.322 0.75
2019-05-05_01:57:38 00176 11.560 195.200 2256.512 8.320 0.000 0.000 0.75
2019-05-05_01:57:39 00177 11.560 189.200 2187.152 8.328 0.400 3.331 0.75
2019-05-05_01:57:40 00178 11.560 186.000 2150.160 8.336 0.400 3.334 0.75
2019-05-05_01:57:41 00179 11.560 187.200 2164.032 8.352 0.400 3.341 0.76
2019-05-05_01:57:42 00180 11.560 196.000 2265.760 8.360 0.000 0.000 0.76
2019-05-05_01:57:43 00181 11.560 191.200 2210.272 8.360 0.000 0.000 0.76
2019-05-05_01:57:44 00182 11.552 196.800 2273.434 8.376 0.000 0.000 0.76
2019-05-05_01:57:45 00183 11.552 198.400 2291.917 8.392 0.000 0.000 0.76
2019-05-05_01:57:46 00184 11.552 199.200 2301.158 8.408 0.000 0.000 0.75
2019-05-05_01:57:47 00185 11.568 190.000 2197.920 8.288 0.000 0.000 0.77
2019-05-05_01:57:48 00186 11.544 194.000 2239.536 8.544 0.000 0.000 0.76
2019-05-05_01:57:49 00187 11.552 198.800 2296.538 8.400 0.000 0.000 0.76
2019-05-05_01:57:50 00188 11.552 198.000 2287.296 8.408 0.000 0.000 0.75
2019-05-05_01:57:51 00189 11.560 199.600 2307.376 8.304 0.000 0.000 0.75
2019-05-05_01:57:52 00190 11.568 185.200 2142.394 8.320 0.000 0.000 0.75
2019-05-05_01:57:53 00191 11.568 194.800 2253.446 8.328 0.400 3.331 0.75
2019-05-05_01:57:54 00192 11.560 188.800 2182.528 8.336 0.400 3.334 0.75
2019-05-05_01:57:55 00193 11.560 194.000 2242.640 8.344 0.400 3.338 0.76
2019-05-05_01:57:56 00194 11.552 198.000 2287.296 8.360 0.000 0.000 0.76
2019-05-05_01:57:57 00195 11.552 200.000 2310.400 8.368 0.400 3.347 0.76
2019-05-05_01:57:58 00196 11.552 198.000 2287.296 8.384 0.400 3.354 0.76
2019-05-05_01:57:59 00197 11.560 197.600 2284.256 8.384 0.000 0.000 0.76
2019-05-05_01:58:00 00198 11.552 195.600 2259.571 8.400 0.000 0.000 0.76
2019-05-05_01:58:01 00199 11.552 198.800 2296.538 8.408 0.000 0.000 0.75
2019-05-05_01:58:02 00200 11.560 189.200 2187.152 8.296 0.000 0.000 0.77
2019-05-05_01:58:03 00201 11.552 199.600 2305.779 8.552 0.000 0.000 0.76
2019-05-05_01:58:04 00202 11.552 197.600 2282.675 8.416 0.400 3.366 0.75