2019-05-05_23:27:11 06970 11.352 417.600 4740.595 8.392 -328.800 -2759.290 0.82
2019-05-05_23:27:12 06971 11.352 426.000 4835.952 8.400 -334.800 -2812.320 0.82
2019-05-05_23:27:13 06972 11.344 430.000 4877.920 8.408 -343.600 -2888.989 0.81
2019-05-05_23:27:14 06973 11.384 380.800 4335.027 8.352 -280.000 -2338.560 0.81
2019-05-05_23:27:15 06974 11.384 383.600 4366.902 8.360 -283.600 -2370.896 0.81
2019-05-05_23:27:16 06975 11.376 386.400 4395.686 8.360 -289.600 -2421.056 0.81
2019-05-05_23:27:17 06976 11.376 394.000 4482.144 8.368 -296.000 -2476.928 0.82
2019-05-05_23:27:18 06977 11.368 398.800 4533.558 8.376 -301.600 -2526.202 0.82
2019-05-05_23:27:19 06978 11.352 426.800 4845.034 8.376 -299.200 -2506.099 0.82
2019-05-05_23:27:20 06979 11.352 432.000 4904.064 8.384 -305.200 -2558.797 0.82
2019-05-05_23:27:21 06980 11.352 429.600 4876.819 8.384 -313.200 -2625.869 0.82
2019-05-05_23:27:22 06981 11.344 440.800 5000.435 8.392 -321.200 -2695.510 0.82
2019-05-05_23:27:23 06982 11.336 447.600 5073.994 8.400 -322.400 -2708.160 0.82
2019-05-05_23:27:24 06983 11.336 450.400 5105.734 8.400 -329.600 -2768.640 0.82
2019-05-05_23:27:25 06984 11.336 458.000 5191.888 8.408 -336.000 -2825.088 0.81
2019-05-05_23:27:26 06985 11.368 404.000 4592.672 8.352 -272.400 -2275.085 0.81
2019-05-05_23:27:27 06986 11.368 410.000 4660.880 8.360 -281.200 -2350.832 0.81
2019-05-05_23:27:28 06987 11.360 416.000 4725.760 8.368 -285.600 -2389.901 0.82
2019-05-05_23:27:29 06988 11.360 418.400 4753.024 8.368 -291.600 -2440.109 0.82
2019-05-05_23:27:30 06989 11.352 427.600 4854.115 8.376 -299.200 -2506.099 0.82
2019-05-05_23:27:31 06990 11.344 429.600 4873.382 8.384 -306.400 -2568.858 0.82
2019-05-05_23:27:32 06991 11.344 436.000 4945.984 8.392 -312.000 -2618.304 0.82
2019-05-05_23:27:33 06992 11.344 440.800 5000.435 8.392 -318.000 -2668.656 0.82
2019-05-05_23:27:34 06993 11.344 446.400 5063.962 8.400 -323.200 -2714.880 0.82
2019-05-05_23:27:35 06994 11.336 452.000 5123.872 8.400 -332.000 -2788.800 0.82
2019-05-05_23:27:36 06995 11.328 456.800 5174.630 8.408 -336.000 -2825.088 0.81
2019-05-05_23:27:37 06996 11.368 406.800 4624.502 8.352 -273.600 -2285.107 0.81
2019-05-05_23:27:38 06997 11.368 409.600 4656.333 8.360 -278.400 -2327.424 0.81
2019-05-05_23:27:39 06998 11.360 416.000 4725.760 8.368 -284.400 -2379.859 0.82
2019-05-05_23:27:40 06999 11.360 420.000 4771.200 8.368 -292.400 -2446.803 0.82
2019-05-05_23:27:41 07000 11.352 430.000 4881.360 8.376 -302.000 -2529.552 0.82
2019-05-05_23:27:42 07001 11.352 431.200 4894.982 8.384 -305.200 -2558.797 0.82
2019-05-05_23:27:43 07002 11.344 436.400 4950.522 8.384 -311.200 -2609.101 0.82
2019-05-05_23:27:44 07003 11.336 462.400 5241.766 8.384 -308.000 -2582.272 0.82
2019-05-05_23:27:45 07004 11.336 444.800 5042.253 8.400 -324.000 -2721.600 0.82
2019-05-05_23:27:46 07005 11.336 450.400 5105.734 8.408 -324.800 -2730.918 0.81
2019-05-05_23:27:47 07006 11.376 398.800 4536.749 8.352 -266.400 -2224.973 0.81
2019-05-05_23:27:48 07007 11.368 407.200 4629.050 8.352 -277.600 -2318.515 0.81
2019-05-05_23:27:49 07008 11.368 408.000 4638.144 8.360 -278.800 -2330.768 0.81
2019-05-05_23:27:50 07009 11.360 413.600 4698.496 8.368 -284.400 -2379.859 0.82
2019-05-05_23:27:51 07010 11.360 419.200 4762.112 8.376 -290.800 -2435.741 0.82
2019-05-05_23:27:52 07011 11.352 426.800 4845.034 8.376 -299.200 -2506.099 0.82
2019-05-05_23:27:53 07012 11.352 432.000 4904.064 8.384 -305.200 -2558.797 0.82
2019-05-05_23:27:54 07013 11.344 437.200 4959.597 8.384 -310.400 -2602.394 0.82
2019-05-05_23:27:55 07014 11.344 440.800 5000.435 8.392 -317.200 -2661.942 0.82
2019-05-05_23:27:56 07015 11.336 451.600 5119.338 8.400 -322.400 -2708.160 0.82
2019-05-05_23:27:57 07016 11.336 451.600 5119.338 8.400 -327.600 -2751.840 0.82
2019-05-05_23:27:58 07017 11.336 456.400 5173.750 8.408 -335.200 -2818.362 0.81
2019-05-05_23:27:59 07018 11.368 406.800 4624.502 8.352 -271.600 -2268.403 0.81
2019-05-05_23:28:00 07019 11.368 410.800 4669.974 8.360 -278.400 -2327.424 0.81
2019-05-05_23:28:01 07020 11.360 415.600 4721.216 8.368 -283.600 -2373.165 0.82
2019-05-05_23:28:02 07021 11.360 419.200 4762.112 8.368 -289.600 -2423.373 0.82
2019-05-05_23:28:03 07022 11.352 427.600 4854.115 8.376 -298.400 -2499.398 0.82
2019-05-05_23:28:04 07023 11.344 432.400 4905.146 8.384 -304.800 -2555.443 0.82
2019-05-05_23:28:05 07024 11.344 436.000 4945.984 8.384 -311.200 -2609.101 0.82
2019-05-05_23:28:06 07025 11.344 442.000 5014.048 8.392 -316.400 -2655.229 0.82
2019-05-05_23:28:07 07026 11.344 446.800 5068.499 8.400 -323.200 -2714.880 0.82
2019-05-05_23:28:08 07027 11.336 452.000 5123.872 8.400 -329.600 -2768.640 0.82
2019-05-05_23:28:09 07028 11.328 454.400 5147.443 8.408 -336.000 -2825.088 0.81
2019-05-05_23:28:10 07029 11.368 406.800 4624.502 8.352 -271.600 -2268.403 0.81
2019-05-05_23:28:11 07030 11.368 408.800 4647.238 8.360 -278.000 -2324.080 0.81
2019-05-05_23:28:12 07031 11.360 415.600 4721.216 8.368 -284.400 -2379.859 0.82
2019-05-05_23:28:13 07032 11.360 417.200 4739.392 8.368 -288.800 -2416.678 0.82
2019-05-05_23:28:14 07033 11.352 425.200 4826.870 8.376 -299.200 -2506.099 0.82
2019-05-05_23:28:15 07034 11.352 430.800 4890.442 8.384 -303.600 -2545.382 0.82
2019-05-05_23:28:16 07035 11.344 436.800 4955.059 8.384 -310.000 -2599.040 0.82
2019-05-05_23:28:17 07036 11.336 439.600 4983.306 8.392 -316.000 -2651.872 0.82
2019-05-05_23:28:18 07037 11.336 444.400 5037.718 8.400 -322.000 -2704.800 0.82
2019-05-05_23:28:19 07038 11.336 440.000 4987.840 8.408 -328.800 -2764.550 0.81
2019-05-05_23:28:20 07039 11.376 400.400 4554.950 8.352 -269.600 -2251.699 0.81
2019-05-05_23:28:21 07040 11.376 404.000 4595.904 8.360 -282.800 -2364.208 0.81
2019-05-05_23:28:22 07041 11.368 408.800 4647.238 8.360 -284.000 -2374.240 0.81
2019-05-05_23:28:23 07042 11.368 396.400 4506.275 8.368 -285.200 -2386.554 0.82
2019-05-05_23:28:24 07043 11.360 418.400 4753.024 8.368 -293.200 -2453.498 0.82
2019-05-05_23:28:25 07044 11.352 425.600 4831.411 8.376 -299.200 -2506.099 0.82
2019-05-05_23:28:26 07045 11.360 429.200 4875.712 8.384 -306.400 -2568.858 0.82
2019-05-05_23:28:27 07046 11.344 433.200 4914.221 8.392 -313.200 -2628.374 0.82
2019-05-05_23:28:28 07047 11.344 432.400 4905.146 8.392 -319.200 -2678.726 0.82
2019-05-05_23:28:29 07048 11.336 443.600 5028.650 8.400 -328.800 -2761.920 0.82
2019-05-05_23:28:30 07049 11.336 450.400 5105.734 8.408 -333.200 -2801.546 0.81
2019-05-05_23:28:31 07050 11.376 394.800 4491.245 8.352 -270.400 -2258.381 0.81
2019-05-05_23:28:32 07051 11.376 404.000 4595.904 8.360 -274.400 -2293.984 0.81
2019-05-05_23:28:33 07052 11.368 409.200 4651.786 8.360 -280.000 -2340.800 0.81
2019-05-05_23:28:34 07053 11.360 410.800 4666.688 8.368 -287.200 -2403.290 0.82
2019-05-05_23:28:35 07054 11.368 416.000 4729.088 8.368 -290.400 -2430.067 0.82
2019-05-05_23:28:36 07055 11.352 420.000 4767.840 8.376 -304.000 -2546.304 0.82
2019-05-05_23:28:37 07056 11.352 417.200 4736.054 8.384 -304.800 -2555.443 0.82
2019-05-05_23:28:38 07057 11.344 434.800 4932.371 8.384 -310.400 -2602.394 0.82
2019-05-05_23:28:39 07058 11.344 434.400 4927.834 8.400 -321.600 -2701.440 0.82
2019-05-05_23:28:40 07059 11.336 443.600 5028.650 8.400 -329.200 -2765.280 0.82
2019-05-05_23:28:41 07060 11.344 447.200 5073.037 8.408 -329.200 -2767.914 0.81
2019-05-05_23:28:42 07061 11.376 390.000 4436.640 8.352 -269.600 -2251.699 0.81
2019-05-05_23:28:43 07062 11.376 398.000 4527.648 8.352 -271.600 -2268.403 0.81
2019-05-05_23:28:44 07063 11.368 405.200 4606.314 8.360 -280.000 -2340.800 0.81
2019-05-05_23:28:45 07064 11.368 412.000 4683.616 8.368 -284.000 -2376.512 0.82
2019-05-05_23:28:46 07065 11.360 414.400 4707.584 8.376 -291.600 -2442.442 0.82
2019-05-05_23:28:47 07066 11.360 422.000 4793.920 8.376 -298.400 -2499.398 0.82
2019-05-05_23:28:48 07067 11.352 428.400 4863.197 8.384 -304.400 -2552.090 0.82
2019-05-05_23:28:49 07068 11.352 436.800 4958.554 8.392 -310.800 -2608.234 0.82
2019-05-05_23:28:50 07069 11.344 442.000 5014.048 8.392 -322.400 -2705.581 0.82
2019-05-05_23:28:51 07070 11.344 445.600 5054.886 8.400 -322.400 -2708.160 0.82