2019-05-05_21:47:46 01011 2.240 -0.800 -1.792 7.944 192.000 1525.248 0.00
2019-05-05_21:47:47 01012 2.240 -0.800 -1.792 7.952 192.000 1526.784 0.00
2019-05-05_21:47:48 01013 2.240 -0.800 -1.792 7.952 192.800 1533.146 0.00
2019-05-05_21:47:49 01014 2.240 -0.800 -1.792 7.936 215.600 1711.002 0.00
2019-05-05_21:47:50 01015 2.240 -0.800 -1.792 7.952 198.400 1577.677 0.00
2019-05-05_21:47:51 01016 2.240 -0.800 -1.792 7.952 191.600 1523.603 0.00
2019-05-05_21:47:52 01017 2.240 -0.800 -1.792 7.952 192.400 1529.965 0.00
2019-05-05_21:47:53 01018 2.240 -0.800 -1.792 7.952 191.600 1523.603 0.00
2019-05-05_21:47:54 01019 2.240 -0.800 -1.792 7.952 192.000 1526.784 0.00
2019-05-05_21:47:55 01020 2.240 -0.800 -1.792 7.952 192.400 1529.965 0.00
2019-05-05_21:47:56 01021 2.240 -0.800 -1.792 7.952 195.200 1552.230 0.00
2019-05-05_21:47:57 01022 2.240 -0.800 -1.792 7.944 192.400 1528.426 0.00
2019-05-05_21:47:58 01023 2.240 -0.800 -1.792 7.936 191.600 1520.538 0.00
2019-05-05_21:47:59 01024 2.240 -0.800 -1.792 7.952 192.400 1529.965 0.00
2019-05-05_21:48:00 01025 2.240 -0.800 -1.792 7.952 192.000 1526.784 0.00
2019-05-05_21:48:01 01026 2.240 -0.800 -1.792 7.952 191.600 1523.603 0.00
2019-05-05_21:48:02 01027 2.240 -0.800 -1.792 7.936 192.000 1523.712 0.00
2019-05-05_21:48:03 01028 2.240 -0.800 -1.792 7.952 192.000 1526.784 0.00
2019-05-05_21:48:04 01029 2.240 -0.800 -1.792 7.952 192.000 1526.784 0.00
2019-05-05_21:48:05 01030 2.240 -0.800 -1.792 7.952 192.000 1526.784 0.00
2019-05-05_21:48:06 01031 2.240 -0.400 -0.896 7.952 192.400 1529.965 0.00
2019-05-05_21:48:07 01032 2.240 -0.800 -1.792 7.952 192.000 1526.784 0.00
2019-05-05_21:48:08 01033 2.240 -0.800 -1.792 7.952 192.000 1526.784 0.00
2019-05-05_21:48:09 01034 2.240 -0.800 -1.792 7.944 197.200 1566.557 0.00
2019-05-05_21:48:10 01035 2.240 -0.800 -1.792 7.952 191.600 1523.603 0.00
2019-05-05_21:48:11 01036 2.240 -0.800 -1.792 7.952 191.600 1523.603 0.00
2019-05-05_21:48:12 01037 2.240 -0.800 -1.792 7.952 201.200 1599.942 0.00
2019-05-05_21:48:13 01038 2.240 -0.800 -1.792 7.952 192.800 1533.146 0.00
2019-05-05_21:48:14 01039 2.240 -0.800 -1.792 7.952 192.000 1526.784 0.00
2019-05-05_21:48:15 01040 2.240 -0.800 -1.792 7.944 194.000 1541.136 0.00
2019-05-05_21:48:16 01041 2.240 -0.800 -1.792 7.952 202.000 1606.304 0.00
2019-05-05_21:48:17 01042 2.240 -0.800 -1.792 7.952 191.600 1523.603 0.00
2019-05-05_21:48:18 01043 2.240 -0.800 -1.792 7.952 192.800 1533.146 0.00
2019-05-05_21:48:19 01044 2.240 -0.800 -1.792 7.936 215.600 1711.002 0.00
2019-05-05_21:48:20 01045 2.240 -0.800 -1.792 7.952 193.600 1539.507 0.00
2019-05-05_21:48:21 01046 2.240 -0.800 -1.792 7.952 192.400 1529.965 0.00
2019-05-05_21:48:22 01047 2.240 -0.800 -1.792 7.952 191.600 1523.603 0.00
2019-05-05_21:48:23 01048 2.240 -0.800 -1.792 7.952 191.600 1523.603 0.00
2019-05-05_21:48:24 01049 2.240 -0.800 -1.792 7.952 194.800 1549.050 0.00
2019-05-05_21:48:25 01050 2.240 -0.800 -1.792 7.952 192.000 1526.784 0.00
2019-05-05_21:48:26 01051 2.240 -0.800 -1.792 7.952 192.400 1529.965 0.00
2019-05-05_21:48:27 01052 2.240 -0.800 -1.792 7.920 215.200 1704.384 0.00
2019-05-05_21:48:28 01053 2.240 -0.800 -1.792 7.952 192.000 1526.784 0.00
2019-05-05_21:48:29 01054 2.240 -0.800 -1.792 7.952 192.800 1533.146 0.00
2019-05-05_21:48:30 01055 2.240 -0.800 -1.792 7.952 191.600 1523.603 0.00
2019-05-05_21:48:31 01056 2.240 -0.800 -1.792 7.944 192.000 1525.248 0.00
2019-05-05_21:48:32 01057 2.240 -0.800 -1.792 7.952 191.600 1523.603 0.00
2019-05-05_21:48:33 01058 2.240 -0.800 -1.792 7.952 191.600 1523.603 0.00
2019-05-05_21:48:34 01059 2.240 -0.800 -1.792 7.952 191.600 1523.603 0.00
2019-05-05_21:48:35 01060 2.240 -0.800 -1.792 7.944 191.600 1522.070 0.00
2019-05-05_21:48:36 01061 2.240 -0.800 -1.792 7.952 191.600 1523.603 0.00
2019-05-05_21:48:37 01062 2.240 -0.800 -1.792 7.952 191.600 1523.603 0.00
2019-05-05_21:48:38 01063 2.240 -0.800 -1.792 7.936 192.400 1526.886 0.00
2019-05-05_21:48:39 01064 2.240 -0.800 -1.792 7.952 196.400 1561.773 0.00
2019-05-05_21:48:40 01065 2.240 -0.800 -1.792 7.952 192.000 1526.784 0.00
2019-05-05_21:48:41 01066 2.240 -0.800 -1.792 7.952 194.400 1545.869 0.00
2019-05-05_21:48:42 01067 2.240 -0.800 -1.792 7.952 196.400 1561.773 0.00
2019-05-05_21:48:43 01068 2.240 -0.800 -1.792 7.952 192.000 1526.784 0.00
2019-05-05_21:48:44 01069 2.240 -0.800 -1.792 7.952 191.600 1523.603 0.00
2019-05-05_21:48:45 01070 2.240 -0.800 -1.792 7.944 192.000 1525.248 0.00
2019-05-05_21:48:46 01071 2.240 -0.800 -1.792 7.952 192.000 1526.784 0.00
2019-05-05_21:48:47 01072 2.240 -0.800 -1.792 7.952 192.000 1526.784 0.00
2019-05-05_21:48:48 01073 2.240 -0.800 -1.792 7.952 192.000 1526.784 0.00
2019-05-05_21:48:49 01074 2.240 -0.800 -1.792 7.952 192.000 1526.784 0.00
2019-05-05_21:48:50 01075 2.240 -0.800 -1.792 7.952 191.600 1523.603 0.00
2019-05-05_21:48:51 01076 2.240 -0.800 -1.792 7.952 192.400 1529.965 0.00
2019-05-05_21:48:52 01077 2.240 -0.800 -1.792 7.952 192.000 1526.784 0.00
2019-05-05_21:48:53 01078 2.240 -0.800 -1.792 7.952 192.000 1526.784 0.00
2019-05-05_21:48:54 01079 2.240 -0.400 -0.896 7.952 191.600 1523.603 0.00
2019-05-05_21:48:55 01080 2.240 -0.400 -0.896 7.944 192.000 1525.248 0.00
2019-05-05_21:48:56 01081 2.240 -0.800 -1.792 7.952 191.600 1523.603 0.00
2019-05-05_21:48:57 01082 2.240 -0.800 -1.792 7.952 192.000 1526.784 0.00
2019-05-05_21:48:58 01083 2.240 -0.800 -1.792 7.952 192.800 1533.146 0.00
2019-05-05_21:48:59 01084 2.240 -0.800 -1.792 7.936 192.000 1523.712 0.00
2019-05-05_21:49:00 01085 2.240 -0.800 -1.792 7.944 192.000 1525.248 0.00
2019-05-05_21:49:01 01086 2.240 -0.800 -1.792 7.952 192.000 1526.784 0.00
2019-05-05_21:49:02 01087 2.240 -0.800 -1.792 7.952 192.400 1529.965 0.00
2019-05-05_21:49:03 01088 2.240 -0.800 -1.792 7.952 192.800 1533.146 0.00
2019-05-05_21:49:04 01089 2.240 -0.800 -1.792 7.952 192.800 1533.146 0.00
2019-05-05_21:49:05 01090 2.240 -0.800 -1.792 7.952 192.000 1526.784 0.00
2019-05-05_21:49:06 01091 2.240 -0.800 -1.792 7.952 198.800 1580.858 0.00
2019-05-05_21:49:07 01092 2.240 -0.800 -1.792 7.952 192.000 1526.784 0.00
2019-05-05_21:49:08 01093 2.240 -0.800 -1.792 7.952 192.000 1526.784 0.00
2019-05-05_21:49:09 01094 2.240 -0.800 -1.792 7.944 192.400 1528.426 0.00
2019-05-05_21:49:10 01095 2.240 -0.800 -1.792 7.952 192.000 1526.784 0.00
2019-05-05_21:49:11 01096 2.240 -0.800 -1.792 7.952 193.200 1536.326 0.00
2019-05-05_21:49:12 01097 2.240 -0.800 -1.792 7.952 191.600 1523.603 0.00
2019-05-05_21:49:13 01098 2.240 -0.800 -1.792 7.936 192.000 1523.712 0.00
2019-05-05_21:49:14 01099 2.240 -0.800 -1.792 7.936 214.000 1698.304 0.00
2019-05-05_21:49:15 01100 2.240 -0.800 -1.792 7.952 196.000 1558.592 0.00
2019-05-05_21:49:16 01101 2.240 -0.800 -1.792 7.944 191.600 1522.070 0.00
2019-05-05_21:49:17 01102 2.240 -0.800 -1.792 7.952 201.600 1603.123 0.00
2019-05-05_21:49:18 01103 2.240 -0.800 -1.792 7.952 192.000 1526.784 0.00
2019-05-05_21:49:19 01104 2.240 -0.400 -0.896 7.952 192.000 1526.784 0.00
2019-05-05_21:49:20 01105 2.240 -0.800 -1.792 7.952 192.400 1529.965 0.00
2019-05-05_21:49:21 01106 2.240 -0.800 -1.792 7.944 192.400 1528.426 0.00
2019-05-05_21:49:22 01107 2.240 -0.400 -0.896 7.952 191.600 1523.603 0.00
2019-05-05_21:49:23 01108 2.240 -0.800 -1.792 7.952 192.400 1529.965 0.00
2019-05-05_21:49:24 01109 2.240 -0.800 -1.792 7.952 192.000 1526.784 0.00
2019-05-05_21:49:25 01110 2.240 -0.800 -1.792 7.952 192.000 1526.784 0.00
2019-05-05_21:49:26 01111 2.240 -0.800 -1.792 7.952 203.200 1615.846 0.00