2019-05-05_00:35:50 03233 11.560 194.800 2251.888 8.312 0.400 3.325 0.75
2019-05-05_00:35:51 03234 11.576 170.400 1972.550 8.328 0.400 3.331 0.75
2019-05-05_00:35:52 03235 11.576 171.600 1986.442 8.336 0.000 0.000 0.75
2019-05-05_00:35:53 03236 11.576 170.400 1972.550 8.352 0.000 0.000 0.75
2019-05-05_00:35:54 03237 11.576 170.000 1967.920 8.360 0.400 3.344 0.76
2019-05-05_00:35:55 03238 11.560 175.600 2029.936 8.352 0.400 3.341 0.76
2019-05-05_00:35:56 03239 11.576 170.400 1972.550 8.384 0.400 3.354 0.76
2019-05-05_00:35:57 03240 11.576 171.200 1981.811 8.392 0.400 3.357 0.76
2019-05-05_00:35:58 03241 11.576 162.800 1884.573 8.408 0.400 3.363 0.75
2019-05-05_00:35:59 03242 11.584 169.600 1964.646 8.304 0.000 0.000 0.75
2019-05-05_00:36:00 03243 11.584 199.600 2312.166 8.296 0.000 0.000 0.77
2019-05-05_00:36:01 03244 11.568 170.000 1966.560 8.544 0.000 0.000 0.76
2019-05-05_00:36:02 03245 11.576 171.200 1981.811 8.408 0.000 0.000 0.75
2019-05-05_00:36:03 03246 11.584 168.400 1950.746 8.320 0.000 0.000 0.75
2019-05-05_00:36:04 03247 11.584 169.200 1960.013 8.328 0.000 0.000 0.75
2019-05-05_00:36:05 03248 11.576 170.800 1977.181 8.336 0.400 3.334 0.75
2019-05-05_00:36:06 03249 11.576 152.400 1764.182 8.352 0.000 0.000 0.75
2019-05-05_00:36:07 03250 11.584 169.600 1964.646 8.352 0.400 3.341 0.75
2019-05-05_00:36:08 03251 11.592 152.400 1766.621 8.368 0.000 0.000 0.76
2019-05-05_00:36:09 03252 11.592 152.400 1766.621 8.376 0.000 0.000 0.76
2019-05-05_00:36:10 03253 11.584 152.400 1765.402 8.392 0.400 3.357 0.76
2019-05-05_00:36:11 03254 11.584 154.000 1783.936 8.400 0.400 3.360 0.76
2019-05-05_00:36:12 03255 11.576 171.200 1981.811 8.400 0.400 3.360 0.76
2019-05-05_00:36:13 03256 11.584 152.800 1770.035 8.424 0.000 0.000 0.75
2019-05-05_00:36:14 03257 11.592 152.800 1771.258 8.320 0.000 0.000 0.75
2019-05-05_00:36:15 03258 11.584 168.400 1950.746 8.320 0.000 0.000 0.75
2019-05-05_00:36:16 03259 11.592 152.800 1771.258 8.336 0.400 3.334 0.75
2019-05-05_00:36:17 03260 11.576 171.200 1981.811 8.336 0.000 0.000 0.75
2019-05-05_00:36:18 03261 11.584 154.800 1793.203 8.360 0.400 3.344 0.75
2019-05-05_00:36:19 03262 11.592 152.800 1771.258 8.368 0.400 3.347 0.76
2019-05-05_00:36:20 03263 11.576 168.800 1954.029 8.368 0.000 0.000 0.76
2019-05-05_00:36:21 03264 11.584 152.800 1770.035 8.392 0.000 0.000 0.76
2019-05-05_00:36:22 03265 11.576 170.400 1972.550 8.392 0.000 0.000 0.76
2019-05-05_00:36:23 03266 11.584 162.000 1876.608 8.408 0.000 0.000 0.75
2019-05-05_00:36:24 03267 11.600 152.800 1772.480 8.304 0.000 0.000 0.75
2019-05-05_00:36:25 03268 11.584 168.400 1950.746 8.304 0.000 0.000 0.75
2019-05-05_00:36:26 03269 11.584 160.800 1862.707 8.328 0.000 0.000 0.75
2019-05-05_00:36:27 03270 11.584 170.800 1978.547 8.328 0.000 0.000 0.75
2019-05-05_00:36:28 03271 11.592 152.800 1771.258 8.352 0.000 0.000 0.75
2019-05-05_00:36:29 03272 11.576 170.000 1967.920 8.352 0.400 3.341 0.75
2019-05-05_00:36:30 03273 11.592 154.800 1794.442 8.368 0.400 3.347 0.76
2019-05-05_00:36:31 03274 11.584 153.600 1779.302 8.384 0.400 3.354 0.76
2019-05-05_00:36:32 03275 11.568 170.000 1966.560 8.384 0.000 0.000 0.76
2019-05-05_00:36:33 03276 11.584 162.800 1885.875 8.400 0.400 3.360 0.76
2019-05-05_00:36:34 03277 11.584 153.200 1774.669 8.408 0.000 0.000 0.75
2019-05-05_00:36:35 03278 11.584 168.800 1955.379 8.296 0.000 0.000 0.77
2019-05-05_00:36:36 03279 11.576 159.200 1842.899 8.544 0.000 0.000 0.76
2019-05-05_00:36:37 03280 11.576 170.800 1977.181 8.400 0.400 3.360 0.76
2019-05-05_00:36:38 03281 11.584 153.200 1774.669 8.424 0.000 0.000 0.75
2019-05-05_00:36:39 03282 11.592 152.800 1771.258 8.320 0.000 0.000 0.75
2019-05-05_00:36:40 03283 11.584 183.200 2122.189 8.320 0.000 0.000 0.75
2019-05-05_00:36:41 03284 11.592 153.200 1775.894 8.336 0.400 3.334 0.75
2019-05-05_00:36:42 03285 11.592 157.200 1822.262 8.336 0.400 3.334 0.75
2019-05-05_00:36:43 03286 11.584 156.000 1807.104 8.360 0.000 0.000 0.75
2019-05-05_00:36:44 03287 11.592 163.200 1891.814 8.368 0.400 3.347 0.76
2019-05-05_00:36:45 03288 11.576 170.400 1972.550 8.368 0.400 3.347 0.76
2019-05-05_00:36:46 03289 11.584 153.200 1774.669 8.392 0.400 3.357 0.76
2019-05-05_00:36:47 03290 11.576 154.800 1791.965 8.400 0.400 3.360 0.76
2019-05-05_00:36:48 03291 11.584 153.600 1779.302 8.408 0.400 3.363 0.75
2019-05-05_00:36:49 03292 11.600 153.200 1777.120 8.304 0.000 0.000 0.75
2019-05-05_00:36:50 03293 11.600 152.800 1772.480 8.320 0.000 0.000 0.75
2019-05-05_00:36:51 03294 11.592 162.800 1887.178 8.328 0.000 0.000 0.75
2019-05-05_00:36:52 03295 11.584 169.200 1960.013 8.328 0.400 3.331 0.75
2019-05-05_00:36:53 03296 11.584 158.800 1839.539 8.352 0.000 0.000 0.75
2019-05-05_00:36:54 03297 11.592 153.200 1775.894 8.360 0.400 3.344 0.75
2019-05-05_00:36:55 03298 11.576 169.200 1958.659 8.360 0.400 3.344 0.76
2019-05-05_00:36:56 03299 11.584 153.600 1779.302 8.376 0.000 0.000 0.76
2019-05-05_00:36:57 03300 11.552 196.800 2273.434 8.360 0.000 0.000 0.76
2019-05-05_00:36:58 03301 11.584 154.000 1783.936 8.400 0.400 3.360 0.76
2019-05-05_00:36:59 03302 11.584 153.200 1774.669 8.408 0.000 0.000 0.75
2019-05-05_00:37:00 03303 11.576 169.200 1958.659 8.296 0.000 0.000 0.77
2019-05-05_00:37:01 03304 11.576 159.200 1842.899 8.544 0.000 0.000 0.76
2019-05-05_00:37:02 03305 11.584 153.600 1779.302 8.408 0.400 3.363 0.75
2019-05-05_00:37:03 03306 11.592 153.600 1780.531 8.312 0.000 0.000 0.75
2019-05-05_00:37:04 03307 11.600 164.000 1902.400 8.320 0.400 3.328 0.75
2019-05-05_00:37:05 03308 11.584 169.200 1960.013 8.320 0.400 3.328 0.75
2019-05-05_00:37:06 03309 11.592 153.600 1780.531 8.336 0.400 3.334 0.75
2019-05-05_00:37:07 03310 11.584 161.200 1867.341 8.352 0.000 0.000 0.75
2019-05-05_00:37:08 03311 11.592 153.600 1780.531 8.360 0.000 0.000 0.75
2019-05-05_00:37:09 03312 11.584 153.600 1779.302 8.368 0.400 3.347 0.76
2019-05-05_00:37:10 03313 11.584 153.200 1774.669 8.376 0.400 3.350 0.76
2019-05-05_00:37:11 03314 11.576 160.000 1852.160 8.392 0.400 3.357 0.76
2019-05-05_00:37:12 03315 11.584 153.200 1774.669 8.400 0.000 0.000 0.76
2019-05-05_00:37:13 03316 11.584 153.200 1774.669 8.408 0.000 0.000 0.75
2019-05-05_00:37:14 03317 11.592 154.000 1785.168 8.312 0.000 0.000 0.75
2019-05-05_00:37:15 03318 11.584 169.200 1960.013 8.312 0.000 0.000 0.75
2019-05-05_00:37:16 03319 11.592 153.200 1775.894 8.328 0.400 3.331 0.75
2019-05-05_00:37:17 03320 11.576 169.200 1958.659 8.328 0.000 0.000 0.75
2019-05-05_00:37:18 03321 11.584 157.200 1821.005 8.352 0.400 3.341 0.75
2019-05-05_00:37:19 03322 11.592 153.600 1780.531 8.360 0.000 0.000 0.75
2019-05-05_00:37:20 03323 11.576 169.600 1963.290 8.360 0.400 3.344 0.76
2019-05-05_00:37:21 03324 11.584 153.200 1774.669 8.376 0.400 3.350 0.76
2019-05-05_00:37:22 03325 11.576 182.800 2116.093 8.384 0.400 3.354 0.76
2019-05-05_00:37:23 03326 11.584 153.600 1779.302 8.400 0.400 3.360 0.76
2019-05-05_00:37:24 03327 11.584 153.200 1774.669 8.408 0.000 0.000 0.75
2019-05-05_00:37:25 03328 11.584 169.200 1960.013 8.304 0.000 0.000 0.75
2019-05-05_00:37:26 03329 11.584 160.400 1858.074 8.320 0.400 3.328 0.75
2019-05-05_00:37:27 03330 11.592 153.200 1775.894 8.328 0.000 0.000 0.75
2019-05-05_00:37:28 03331 11.592 153.200 1775.894 8.336 0.000 0.000 0.75
2019-05-05_00:37:29 03332 11.576 169.200 1958.659 8.344 0.400 3.338 0.75
2019-05-05_00:37:30 03333 11.584 162.000 1876.608 8.360 0.400 3.344 0.75