2019-05-04_01:40:07 00001 16.792 154.800 2599.402 4.664 0.400 1.866 0.32
2019-05-04_01:40:08 00002 16.792 148.000 2485.216 5.008 0.400 2.003 0.34
2019-05-04_01:40:09 00003 16.808 136.000 2285.888 5.360 0.400 2.144 0.36
2019-05-04_01:40:10 00004 16.808 134.800 2265.718 5.704 0.000 0.000 0.38
2019-05-04_01:40:11 00005 16.792 139.200 2337.446 6.040 0.400 2.416 0.40
2019-05-04_01:40:12 00006 16.800 138.400 2325.120 6.384 0.000 0.000 0.42
2019-05-04_01:40:13 00007 16.808 140.800 2366.566 6.728 0.400 2.691 0.44
2019-05-04_01:40:14 00008 16.808 139.200 2339.674 7.072 0.000 0.000 0.46
2019-05-04_01:40:15 00009 16.784 141.600 2376.614 7.392 0.400 2.957 0.48
2019-05-04_01:40:16 00010 16.800 141.600 2378.880 7.736 0.000 0.000 0.50
2019-05-04_01:40:17 00011 16.808 140.400 2359.843 8.072 0.400 3.229 0.52
2019-05-04_01:40:18 00012 16.808 141.200 2373.290 8.408 0.000 0.000 0.51
2019-05-04_01:40:19 00013 16.800 137.200 2304.960 8.232 0.000 0.000 0.53
2019-05-04_01:40:20 00014 16.792 142.800 2397.898 8.568 0.400 3.427 0.52
2019-05-04_01:40:21 00015 16.808 142.000 2386.736 8.408 0.000 0.000 0.51
2019-05-04_01:40:22 00016 16.808 140.800 2366.566 8.232 0.400 3.293 0.53
2019-05-04_01:40:23 00017 16.792 140.000 2350.880 8.568 0.400 3.427 0.52
2019-05-04_01:40:24 00018 16.816 142.400 2394.598 8.408 0.000 0.000 0.51
2019-05-04_01:40:25 00019 16.808 140.800 2366.566 8.240 0.000 0.000 0.53
2019-05-04_01:40:26 00020 16.800 141.600 2378.880 8.568 0.400 3.427 0.52
2019-05-04_01:40:27 00021 16.808 140.000 2353.120 8.408 0.000 0.000 0.51