2019-05-05_21:46:05 00910 2.240 -0.800 -1.792 7.952 192.000 1526.784 0.00
2019-05-05_21:46:06 00911 2.240 -0.800 -1.792 7.952 192.800 1533.146 0.00
2019-05-05_21:46:07 00912 2.240 -0.800 -1.792 7.952 202.800 1612.666 0.00
2019-05-05_21:46:08 00913 2.240 -0.800 -1.792 7.952 192.000 1526.784 0.00
2019-05-05_21:46:09 00914 2.240 -0.800 -1.792 7.952 192.000 1526.784 0.00
2019-05-05_21:46:10 00915 2.240 -0.800 -1.792 7.944 192.000 1525.248 0.00
2019-05-05_21:46:11 00916 2.240 -0.800 -1.792 7.952 192.000 1526.784 0.00
2019-05-05_21:46:12 00917 2.240 -0.800 -1.792 7.952 192.000 1526.784 0.00
2019-05-05_21:46:13 00918 2.240 -0.800 -1.792 7.952 192.000 1526.784 0.00
2019-05-05_21:46:14 00919 2.240 -0.800 -1.792 7.952 192.400 1529.965 0.00
2019-05-05_21:46:15 00920 2.240 -0.800 -1.792 7.952 192.400 1529.965 0.00
2019-05-05_21:46:16 00921 2.240 -0.800 -1.792 7.952 192.000 1526.784 0.00
2019-05-05_21:46:17 00922 2.240 -0.800 -1.792 7.952 192.400 1529.965 0.00
2019-05-05_21:46:18 00923 2.240 -0.800 -1.792 7.936 216.000 1714.176 0.00
2019-05-05_21:46:19 00924 2.240 -0.800 -1.792 7.952 192.000 1526.784 0.00
2019-05-05_21:46:20 00925 2.240 -0.800 -1.792 7.952 192.000 1526.784 0.00
2019-05-05_21:46:21 00926 2.240 -0.800 -1.792 7.952 192.800 1533.146 0.00
2019-05-05_21:46:22 00927 2.240 -0.800 -1.792 7.952 192.800 1533.146 0.00
2019-05-05_21:46:23 00928 2.240 -0.800 -1.792 7.952 191.600 1523.603 0.00
2019-05-05_21:46:24 00929 2.240 -0.800 -1.792 7.952 191.600 1523.603 0.00
2019-05-05_21:46:25 00930 2.240 -0.800 -1.792 7.952 191.600 1523.603 0.00
2019-05-05_21:46:26 00931 2.240 -0.800 -1.792 7.952 192.000 1526.784 0.00
2019-05-05_21:46:27 00932 2.240 -0.800 -1.792 7.936 215.200 1707.827 0.00
2019-05-05_21:46:28 00933 2.240 -0.800 -1.792 7.952 203.200 1615.846 0.00
2019-05-05_21:46:29 00934 2.240 -0.800 -1.792 7.952 191.600 1523.603 0.00
2019-05-05_21:46:30 00935 2.240 -0.800 -1.792 7.952 191.600 1523.603 0.00
2019-05-05_21:46:31 00936 2.240 -0.800 -1.792 7.944 192.400 1528.426 0.00
2019-05-05_21:46:32 00937 2.240 -0.800 -1.792 7.952 191.600 1523.603 0.00
2019-05-05_21:46:33 00938 2.240 -0.800 -1.792 7.952 193.600 1539.507 0.00
2019-05-05_21:46:34 00939 2.240 -0.800 -1.792 7.952 192.000 1526.784 0.00
2019-05-05_21:46:35 00940 2.240 -0.800 -1.792 7.936 192.400 1526.886 0.00
2019-05-05_21:46:36 00941 2.240 -0.800 -1.792 7.952 192.000 1526.784 0.00
2019-05-05_21:46:37 00942 2.240 -0.800 -1.792 7.952 192.000 1526.784 0.00
2019-05-05_21:46:38 00943 2.240 -0.800 -1.792 7.912 235.200 1860.902 0.00
2019-05-05_21:46:39 00944 2.240 -0.800 -1.792 7.944 192.800 1531.603 0.00
2019-05-05_21:46:40 00945 2.240 -0.800 -1.792 7.952 191.600 1523.603 0.00
2019-05-05_21:46:41 00946 2.240 -0.800 -1.792 7.952 192.000 1526.784 0.00
2019-05-05_21:46:42 00947 2.240 -0.800 -1.792 7.944 192.400 1528.426 0.00
2019-05-05_21:46:43 00948 2.240 -0.800 -1.792 7.952 192.400 1529.965 0.00
2019-05-05_21:46:44 00949 2.240 -0.800 -1.792 7.952 191.600 1523.603 0.00
2019-05-05_21:46:45 00950 2.240 -0.800 -1.792 7.952 192.000 1526.784 0.00
2019-05-05_21:46:46 00951 2.240 -0.800 -1.792 7.952 192.400 1529.965 0.00
2019-05-05_21:46:47 00952 2.240 -0.800 -1.792 7.952 192.800 1533.146 0.00
2019-05-05_21:46:48 00953 2.240 -0.800 -1.792 7.952 192.000 1526.784 0.00
2019-05-05_21:46:49 00954 2.240 -0.800 -1.792 7.952 193.200 1536.326 0.00
2019-05-05_21:46:50 00955 2.240 -0.800 -1.792 7.936 192.400 1526.886 0.00
2019-05-05_21:46:51 00956 2.240 -0.800 -1.792 7.952 192.000 1526.784 0.00
2019-05-05_21:46:52 00957 2.240 -0.800 -1.792 7.952 192.400 1529.965 0.00
2019-05-05_21:46:53 00958 2.240 -0.800 -1.792 7.952 197.200 1568.134 0.00
2019-05-05_21:46:54 00959 2.240 -0.800 -1.792 7.952 192.800 1533.146 0.00
2019-05-05_21:46:55 00960 2.240 -0.800 -1.792 7.952 191.600 1523.603 0.00
2019-05-05_21:46:56 00961 2.240 -0.800 -1.792 7.952 192.800 1533.146 0.00
2019-05-05_21:46:57 00962 2.240 -0.800 -1.792 7.952 192.000 1526.784 0.00
2019-05-05_21:46:58 00963 2.240 -0.800 -1.792 7.952 192.000 1526.784 0.00
2019-05-05_21:46:59 00964 2.240 -0.800 -1.792 7.952 193.200 1536.326 0.00
2019-05-05_21:47:00 00965 2.240 -0.800 -1.792 7.952 192.400 1529.965 0.00
2019-05-05_21:47:01 00966 2.240 -0.800 -1.792 7.944 191.600 1522.070 0.00
2019-05-05_21:47:02 00967 2.240 -0.800 -1.792 7.952 192.000 1526.784 0.00
2019-05-05_21:47:03 00968 2.240 -0.800 -1.792 7.952 192.000 1526.784 0.00
2019-05-05_21:47:04 00969 2.240 -0.800 -1.792 7.952 192.000 1526.784 0.00
2019-05-05_21:47:05 00970 2.240 -0.800 -1.792 7.952 192.800 1533.146 0.00
2019-05-05_21:47:06 00971 2.240 -0.800 -1.792 7.952 192.000 1526.784 0.00
2019-05-05_21:47:07 00972 2.240 -0.800 -1.792 7.944 192.000 1525.248 0.00
2019-05-05_21:47:08 00973 2.240 -0.800 -1.792 7.952 196.800 1564.954 0.00
2019-05-05_21:47:09 00974 2.240 -0.800 -1.792 7.952 192.400 1529.965 0.00
2019-05-05_21:47:10 00975 2.240 -0.800 -1.792 7.952 191.600 1523.603 0.00
2019-05-05_21:47:11 00976 2.240 -0.800 -1.792 7.936 192.400 1526.886 0.00
2019-05-05_21:47:12 00977 2.240 -0.800 -1.792 7.952 192.400 1529.965 0.00
2019-05-05_21:47:13 00978 2.240 -0.800 -1.792 7.952 192.000 1526.784 0.00
2019-05-05_21:47:14 00979 2.240 -0.800 -1.792 7.952 192.400 1529.965 0.00
2019-05-05_21:47:15 00980 2.240 -0.800 -1.792 7.952 191.600 1523.603 0.00
2019-05-05_21:47:16 00981 2.240 -0.800 -1.792 7.952 190.800 1517.242 0.00
2019-05-05_21:47:17 00982 2.240 -0.800 -1.792 7.952 191.600 1523.603 0.00
2019-05-05_21:47:18 00983 2.240 -0.400 -0.896 7.952 192.400 1529.965 0.00
2019-05-05_21:47:19 00984 2.240 -0.800 -1.792 7.952 192.400 1529.965 0.00
2019-05-05_21:47:20 00985 2.240 -0.800 -1.792 7.952 192.000 1526.784 0.00
2019-05-05_21:47:21 00986 2.240 -0.800 -1.792 7.952 192.000 1526.784 0.00
2019-05-05_21:47:22 00987 2.240 -0.800 -1.792 7.944 192.000 1525.248 0.00
2019-05-05_21:47:23 00988 2.240 -0.800 -1.792 7.952 193.200 1536.326 0.00
2019-05-05_21:47:24 00989 2.240 -0.800 -1.792 7.952 192.400 1529.965 0.00
2019-05-05_21:47:25 00990 2.240 -0.800 -1.792 7.952 191.600 1523.603 0.00
2019-05-05_21:47:26 00991 2.240 -0.800 -1.792 7.936 192.000 1523.712 0.00
2019-05-05_21:47:27 00992 2.240 -0.800 -1.792 7.936 216.000 1714.176 0.00
2019-05-05_21:47:28 00993 2.240 -0.800 -1.792 7.952 192.000 1526.784 0.00
2019-05-05_21:47:29 00994 2.240 -0.800 -1.792 7.952 193.200 1536.326 0.00
2019-05-05_21:47:30 00995 2.240 -0.800 -1.792 7.944 192.400 1528.426 0.00
2019-05-05_21:47:31 00996 2.240 -0.800 -1.792 7.952 192.400 1529.965 0.00
2019-05-05_21:47:32 00997 2.240 -0.800 -1.792 7.952 192.000 1526.784 0.00
2019-05-05_21:47:33 00998 2.240 -0.800 -1.792 7.952 192.000 1526.784 0.00
2019-05-05_21:47:34 00999 2.240 -0.800 -1.792 7.952 199.200 1584.038 0.00
2019-05-05_21:47:35 01000 2.240 -0.400 -0.896 7.952 196.400 1561.773 0.00
2019-05-05_21:47:36 01001 2.240 -0.800 -1.792 7.952 191.600 1523.603 0.00
2019-05-05_21:47:37 01002 2.240 -0.800 -1.792 7.944 197.200 1566.557 0.00
2019-05-05_21:47:38 01003 2.240 -0.800 -1.792 7.952 192.000 1526.784 0.00
2019-05-05_21:47:39 01004 2.240 -0.800 -1.792 7.952 192.000 1526.784 0.00
2019-05-05_21:47:40 01005 2.240 -0.800 -1.792 7.952 192.400 1529.965 0.00
2019-05-05_21:47:41 01006 2.240 -0.800 -1.792 7.952 192.000 1526.784 0.00
2019-05-05_21:47:42 01007 2.240 -0.800 -1.792 7.952 197.200 1568.134 0.00
2019-05-05_21:47:43 01008 2.240 -0.800 -1.792 7.952 192.400 1529.965 0.00
2019-05-05_21:47:44 01009 2.240 -0.800 -1.792 7.952 192.000 1526.784 0.00
2019-05-05_21:47:45 01010 2.240 -0.800 -1.792 7.952 192.000 1526.784 0.00