2019-05-05_00:02:07 01213 11.568 166.400 1924.915 8.416 0.400 3.366 0.75
2019-05-05_00:02:08 01214 11.584 170.000 1969.280 8.312 0.000 0.000 0.75
2019-05-05_00:02:09 01215 11.576 169.200 1958.659 8.320 0.400 3.328 0.75
2019-05-05_00:02:10 01216 11.584 179.200 2075.853 8.320 0.000 0.000 0.75
2019-05-05_00:02:11 01217 11.584 171.200 1983.181 8.344 0.000 0.000 0.75
2019-05-05_00:02:12 01218 11.560 188.400 2177.904 8.336 0.000 0.000 0.75
2019-05-05_00:02:13 01219 11.576 170.000 1967.920 8.360 0.000 0.000 0.76
2019-05-05_00:02:14 01220 11.576 167.600 1940.138 8.368 0.400 3.347 0.76
2019-05-05_00:02:15 01221 11.552 196.400 2268.813 8.376 0.000 0.000 0.76
2019-05-05_00:02:16 01222 11.576 170.400 1972.550 8.392 0.400 3.357 0.76
2019-05-05_00:02:17 01223 11.560 180.800 2090.048 8.384 0.000 0.000 0.76
2019-05-05_00:02:18 01224 11.568 169.600 1961.933 8.416 0.000 0.000 0.75
2019-05-05_00:02:19 01225 11.584 168.400 1950.746 8.312 0.000 0.000 0.75
2019-05-05_00:02:20 01226 11.576 199.200 2305.939 8.312 0.000 0.000 0.75
2019-05-05_00:02:21 01227 11.576 171.200 1981.811 8.328 0.000 0.000 0.75
2019-05-05_00:02:22 01228 11.560 188.400 2177.904 8.328 0.000 0.000 0.75
2019-05-05_00:02:23 01229 11.576 170.400 1972.550 8.352 0.400 3.341 0.75
2019-05-05_00:02:24 01230 11.576 170.400 1972.550 8.360 0.000 0.000 0.76
2019-05-05_00:02:25 01231 11.576 167.600 1940.138 8.368 0.400 3.347 0.76
2019-05-05_00:02:26 01232 11.576 170.800 1977.181 8.384 0.400 3.354 0.76
2019-05-05_00:02:27 01233 11.568 170.800 1975.814 8.376 0.000 0.000 0.76
2019-05-05_00:02:28 01234 11.576 164.800 1907.725 8.400 0.000 0.000 0.76
2019-05-05_00:02:29 01235 11.576 171.200 1981.811 8.408 0.000 0.000 0.75
2019-05-05_00:02:30 01236 11.584 169.600 1964.646 8.312 0.000 0.000 0.75
2019-05-05_00:02:31 01237 11.584 170.400 1973.914 8.320 0.400 3.328 0.75
2019-05-05_00:02:32 01238 11.560 194.000 2242.640 8.312 0.000 0.000 0.75
2019-05-05_00:02:33 01239 11.576 169.200 1958.659 8.344 0.000 0.000 0.75
2019-05-05_00:02:34 01240 11.576 169.600 1963.290 8.352 0.400 3.341 0.75
2019-05-05_00:02:35 01241 11.560 198.800 2298.128 8.352 0.000 0.000 0.76
2019-05-05_00:02:36 01242 11.576 170.400 1972.550 8.376 0.400 3.350 0.76
2019-05-05_00:02:37 01243 11.560 191.600 2214.896 8.368 0.400 3.347 0.76
2019-05-05_00:02:38 01244 11.576 168.000 1944.768 8.392 0.000 0.000 0.76
2019-05-05_00:02:39 01245 11.576 168.000 1944.768 8.400 0.400 3.360 0.76
2019-05-05_00:02:40 01246 11.560 190.400 2201.024 8.400 0.000 0.000 0.76
2019-05-05_00:02:41 01247 11.576 168.400 1949.398 8.424 0.000 0.000 0.75
2019-05-05_00:02:42 01248 11.560 192.000 2219.520 8.312 0.400 3.325 0.75
2019-05-05_00:02:43 01249 11.576 168.800 1954.029 8.328 0.400 3.331 0.75
2019-05-05_00:02:44 01250 11.576 170.400 1972.550 8.344 0.400 3.338 0.75
2019-05-05_00:02:45 01251 11.584 168.800 1955.379 8.352 0.000 0.000 0.75
2019-05-05_00:02:46 01252 11.576 168.400 1949.398 8.360 0.000 0.000 0.76
2019-05-05_00:02:47 01253 11.552 192.000 2217.984 8.360 0.000 0.000 0.76
2019-05-05_00:02:48 01254 11.576 166.400 1926.246 8.384 0.400 3.354 0.76
2019-05-05_00:02:49 01255 11.576 167.600 1940.138 8.392 0.000 0.000 0.76
2019-05-05_00:02:50 01256 11.552 188.400 2176.397 8.384 0.000 0.000 0.76
2019-05-05_00:02:51 01257 11.576 168.000 1944.768 8.408 0.000 0.000 0.75
2019-05-05_00:02:52 01258 11.576 197.600 2287.418 8.296 0.000 0.000 0.77
2019-05-05_00:02:53 01259 11.568 170.000 1966.560 8.544 0.000 0.000 0.76
2019-05-05_00:02:54 01260 11.568 169.600 1961.933 8.416 0.000 0.000 0.75
2019-05-05_00:02:55 01261 11.568 190.000 2197.920 8.296 0.000 0.000 0.77
2019-05-05_00:02:56 01262 11.568 170.000 1966.560 8.544 0.000 0.000 0.76
2019-05-05_00:02:57 01263 11.552 178.400 2060.877 8.400 0.000 0.000 0.76
2019-05-05_00:02:58 01264 11.576 169.600 1963.290 8.424 0.000 0.000 0.75
2019-05-05_00:02:59 01265 11.584 170.400 1973.914 8.320 0.400 3.328 0.75
2019-05-05_00:03:00 01266 11.560 194.000 2242.640 8.312 0.000 0.000 0.75
2019-05-05_00:03:01 01267 11.584 168.400 1950.746 8.344 0.400 3.338 0.75
2019-05-05_00:03:02 01268 11.560 192.800 2228.768 8.336 0.400 3.334 0.75
2019-05-05_00:03:03 01269 11.576 169.200 1958.659 8.368 0.000 0.000 0.76
2019-05-05_00:03:04 01270 11.576 169.600 1963.290 8.368 0.400 3.347 0.76
2019-05-05_00:03:05 01271 11.576 169.600 1963.290 8.384 0.400 3.354 0.76
2019-05-05_00:03:06 01272 11.576 166.000 1921.616 8.392 0.400 3.357 0.76
2019-05-05_00:03:07 01273 11.576 167.200 1935.507 8.400 0.000 0.000 0.76
2019-05-05_00:03:08 01274 11.568 170.000 1966.560 8.408 0.400 3.363 0.75
2019-05-05_00:03:09 01275 11.584 163.600 1895.142 8.312 0.000 0.000 0.75
2019-05-05_00:03:10 01276 11.584 170.000 1969.280 8.320 0.000 0.000 0.75
2019-05-05_00:03:11 01277 11.576 172.000 1991.072 8.328 0.000 0.000 0.75
2019-05-05_00:03:12 01278 11.576 191.200 2213.331 8.328 0.000 0.000 0.75
2019-05-05_00:03:13 01279 11.576 170.400 1972.550 8.352 0.000 0.000 0.75
2019-05-05_00:03:14 01280 11.576 170.800 1977.181 8.360 0.400 3.344 0.76
2019-05-05_00:03:15 01281 11.576 167.600 1940.138 8.368 0.400 3.347 0.76
2019-05-05_00:03:16 01282 11.576 168.800 1954.029 8.384 0.000 0.000 0.76
2019-05-05_00:03:17 01283 11.568 170.800 1975.814 8.392 0.400 3.357 0.76
2019-05-05_00:03:18 01284 11.576 168.400 1949.398 8.400 0.400 3.360 0.76
2019-05-05_00:03:19 01285 11.576 169.200 1958.659 8.408 0.400 3.363 0.75
2019-05-05_00:03:20 01286 11.584 167.600 1941.478 8.312 0.000 0.000 0.75
2019-05-05_00:03:21 01287 11.592 169.200 1961.366 8.320 0.000 0.000 0.75
2019-05-05_00:03:22 01288 11.568 172.000 1989.696 8.312 0.000 0.000 0.75
2019-05-05_00:03:23 01289 11.584 166.400 1927.578 8.344 0.400 3.338 0.75
2019-05-05_00:03:24 01290 11.576 168.800 1954.029 8.352 0.000 0.000 0.75
2019-05-05_00:03:25 01291 11.576 166.800 1930.877 8.360 0.000 0.000 0.76
2019-05-05_00:03:26 01292 11.576 168.800 1954.029 8.368 0.000 0.000 0.76
2019-05-05_00:03:27 01293 11.584 170.000 1969.280 8.384 0.400 3.354 0.76
2019-05-05_00:03:28 01294 11.576 160.000 1852.160 8.392 0.000 0.000 0.76
2019-05-05_00:03:29 01295 11.552 194.800 2250.330 8.400 0.000 0.000 0.76
2019-05-05_00:03:30 01296 11.576 166.000 1921.616 8.408 0.000 0.000 0.75
2019-05-05_00:03:31 01297 11.592 169.200 1961.366 8.312 0.000 0.000 0.75
2019-05-05_00:03:32 01298 11.576 171.600 1986.442 8.304 0.000 0.000 0.75
2019-05-05_00:03:33 01299 11.576 165.600 1916.986 8.328 0.000 0.000 0.75
2019-05-05_00:03:34 01300 11.576 170.000 1967.920 8.344 0.000 0.000 0.75
2019-05-05_00:03:35 01301 11.576 171.200 1981.811 8.352 0.400 3.341 0.75
2019-05-05_00:03:36 01302 11.576 169.600 1963.290 8.360 0.000 0.000 0.76
2019-05-05_00:03:37 01303 11.552 181.600 2097.843 8.360 0.400 3.344 0.76
2019-05-05_00:03:38 01304 11.576 163.600 1893.834 8.384 0.000 0.000 0.76
2019-05-05_00:03:39 01305 11.576 168.800 1954.029 8.392 0.000 0.000 0.76
2019-05-05_00:03:40 01306 11.576 170.400 1972.550 8.400 0.000 0.000 0.76
2019-05-05_00:03:41 01307 11.576 168.800 1954.029 8.424 0.400 3.370 0.75
2019-05-05_00:03:42 01308 11.560 193.200 2233.392 8.312 0.000 0.000 0.75
2019-05-05_00:03:43 01309 11.576 171.200 1981.811 8.328 0.400 3.331 0.75
2019-05-05_00:03:44 01310 11.592 166.800 1933.546 8.328 0.000 0.000 0.75
2019-05-05_00:03:45 01311 11.576 170.000 1967.920 8.344 0.400 3.338 0.75
2019-05-05_00:03:46 01312 11.576 170.400 1972.550 8.352 0.000 0.000 0.75
2019-05-05_00:03:47 01313 11.560 176.400 2039.184 8.344 0.000 0.000 0.76