2019-05-05_01:04:30 04950 11.576 171.200 1981.811 8.352 0.400 3.341 0.75
2019-05-05_01:04:31 04951 11.584 168.000 1946.112 8.360 0.000 0.000 0.76
2019-05-05_01:04:32 04952 11.576 166.400 1926.246 8.368 0.400 3.347 0.76
2019-05-05_01:04:33 04953 11.576 169.200 1958.659 8.384 0.000 0.000 0.76
2019-05-05_01:04:34 04954 11.576 170.000 1967.920 8.392 0.400 3.357 0.76
2019-05-05_01:04:35 04955 11.576 170.400 1972.550 8.400 0.000 0.000 0.76
2019-05-05_01:04:36 04956 11.568 170.400 1971.187 8.408 0.000 0.000 0.75
2019-05-05_01:04:37 04957 11.584 169.600 1964.646 8.304 0.000 0.000 0.75
2019-05-05_01:04:38 04958 11.560 192.400 2224.144 8.304 0.000 0.000 0.75
2019-05-05_01:04:39 04959 11.584 168.800 1955.379 8.328 0.400 3.331 0.75
2019-05-05_01:04:40 04960 11.576 170.000 1967.920 8.336 0.000 0.000 0.75
2019-05-05_01:04:41 04961 11.576 168.800 1954.029 8.352 0.400 3.341 0.75
2019-05-05_01:04:42 04962 11.576 170.000 1967.920 8.360 0.400 3.344 0.76
2019-05-05_01:04:43 04963 11.560 192.800 2228.768 8.352 0.400 3.341 0.76
2019-05-05_01:04:44 04964 11.576 170.400 1972.550 8.384 0.400 3.354 0.76
2019-05-05_01:04:45 04965 11.576 170.000 1967.920 8.392 0.400 3.357 0.76
2019-05-05_01:04:46 04966 11.576 170.400 1972.550 8.400 0.400 3.360 0.76
2019-05-05_01:04:47 04967 11.576 167.600 1940.138 8.408 0.400 3.363 0.75
2019-05-05_01:04:48 04968 11.560 196.000 2265.760 8.304 0.000 0.000 0.75
2019-05-05_01:04:49 04969 11.584 168.800 1955.379 8.312 0.400 3.325 0.75
2019-05-05_01:04:50 04970 11.584 170.800 1978.547 8.328 0.400 3.331 0.75
2019-05-05_01:04:51 04971 11.584 170.400 1973.914 8.336 0.000 0.000 0.75
2019-05-05_01:04:52 04972 11.576 165.600 1916.986 8.352 0.400 3.341 0.75
2019-05-05_01:04:53 04973 11.576 169.600 1963.290 8.360 0.000 0.000 0.76
2019-05-05_01:04:54 04974 11.584 170.400 1973.914 8.368 0.000 0.000 0.76
2019-05-05_01:04:55 04975 11.552 200.400 2315.021 8.360 0.400 3.344 0.76
2019-05-05_01:04:56 04976 11.576 166.000 1921.616 8.392 0.400 3.357 0.76
2019-05-05_01:04:57 04977 11.568 168.400 1948.051 8.400 0.000 0.000 0.76
2019-05-05_01:04:58 04978 11.552 194.000 2241.088 8.408 0.000 0.000 0.75
2019-05-05_01:04:59 04979 11.584 170.400 1973.914 8.312 0.000 0.000 0.75
2019-05-05_01:05:00 04980 11.568 174.400 2017.459 8.304 0.400 3.322 0.75
2019-05-05_01:05:01 04981 11.584 165.600 1918.310 8.328 0.400 3.331 0.75
2019-05-05_01:05:02 04982 11.584 167.200 1936.845 8.336 0.400 3.334 0.75
2019-05-05_01:05:03 04983 11.560 196.800 2275.008 8.344 0.400 3.338 0.75
2019-05-05_01:05:04 04984 11.576 170.000 1967.920 8.360 0.400 3.344 0.76
2019-05-05_01:05:05 04985 11.576 170.800 1977.181 8.368 0.000 0.000 0.76
2019-05-05_01:05:06 04986 11.576 168.000 1944.768 8.376 0.000 0.000 0.76
2019-05-05_01:05:07 04987 11.576 168.800 1954.029 8.392 0.000 0.000 0.76
2019-05-05_01:05:08 04988 11.552 192.800 2227.226 8.392 0.400 3.357 0.76
2019-05-05_01:05:09 04989 11.576 168.800 1954.029 8.408 0.400 3.363 0.75
2019-05-05_01:05:10 04990 11.584 168.000 1946.112 8.312 0.000 0.000 0.75
2019-05-05_01:05:11 04991 11.584 168.000 1946.112 8.320 0.400 3.328 0.75
2019-05-05_01:05:12 04992 11.576 169.200 1958.659 8.328 0.400 3.331 0.75
2019-05-05_01:05:13 04993 11.576 170.800 1977.181 8.336 0.400 3.334 0.75
2019-05-05_01:05:14 04994 11.584 168.400 1950.746 8.352 0.400 3.341 0.75
2019-05-05_01:05:15 04995 11.576 168.800 1954.029 8.360 0.400 3.344 0.76
2019-05-05_01:05:16 04996 11.576 168.400 1949.398 8.368 0.400 3.347 0.76
2019-05-05_01:05:17 04997 11.576 170.000 1967.920 8.384 0.000 0.000 0.76
2019-05-05_01:05:18 04998 11.576 168.800 1954.029 8.392 0.000 0.000 0.76
2019-05-05_01:05:19 04999 11.576 170.400 1972.550 8.400 0.400 3.360 0.76
2019-05-05_01:05:20 05000 11.568 194.800 2253.446 8.400 0.000 0.000 0.76
2019-05-05_01:05:21 05001 11.568 170.400 1971.187 8.424 0.000 0.000 0.75
2019-05-05_01:05:22 05002 11.584 170.400 1973.914 8.320 0.000 0.000 0.75
2019-05-05_01:05:23 05003 11.560 191.600 2214.896 8.312 0.400 3.325 0.75
2019-05-05_01:05:24 05004 11.584 169.600 1964.646 8.336 0.400 3.334 0.75
2019-05-05_01:05:25 05005 11.576 192.400 2227.222 8.336 0.000 0.000 0.75
2019-05-05_01:05:26 05006 11.576 169.200 1958.659 8.360 0.400 3.344 0.76
2019-05-05_01:05:27 05007 11.576 167.600 1940.138 8.368 0.400 3.347 0.76
2019-05-05_01:05:28 05008 11.552 194.000 2241.088 8.376 0.000 0.000 0.76
2019-05-05_01:05:29 05009 11.576 168.000 1944.768 8.392 0.400 3.357 0.76
2019-05-05_01:05:30 05010 11.552 170.000 1963.840 8.400 0.000 0.000 0.76
2019-05-05_01:05:31 05011 11.576 169.600 1963.290 8.408 0.000 0.000 0.75
2019-05-05_01:05:32 05012 11.584 163.600 1895.142 8.304 0.400 3.322 0.75
2019-05-05_01:05:33 05013 11.576 194.000 2245.744 8.320 0.000 0.000 0.75
2019-05-05_01:05:34 05014 11.592 166.400 1928.909 8.336 0.400 3.334 0.75
2019-05-05_01:05:35 05015 11.584 164.000 1899.776 8.336 0.400 3.334 0.75
2019-05-05_01:05:36 05016 11.584 158.400 1834.906 8.352 0.400 3.341 0.75
2019-05-05_01:05:37 05017 11.576 170.000 1967.920 8.368 0.400 3.347 0.76
2019-05-05_01:05:38 05018 11.576 170.400 1972.550 8.368 0.400 3.347 0.76
2019-05-05_01:05:39 05019 11.576 170.400 1972.550 8.376 0.400 3.350 0.76
2019-05-05_01:05:40 05020 11.560 185.200 2140.912 8.376 0.000 0.000 0.76
2019-05-05_01:05:41 05021 11.568 169.200 1957.306 8.400 0.400 3.360 0.76
2019-05-05_01:05:42 05022 11.568 170.400 1971.187 8.416 0.000 0.000 0.75
2019-05-05_01:05:43 05023 11.568 179.200 2072.986 8.288 0.000 0.000 0.77
2019-05-05_01:05:44 05024 11.568 165.600 1915.661 8.552 0.000 0.000 0.76
2019-05-05_01:05:45 05025 11.552 196.000 2264.192 8.400 0.400 3.360 0.76
2019-05-05_01:05:46 05026 11.568 169.600 1961.933 8.432 0.400 3.373 0.75
2019-05-05_01:05:47 05027 11.584 170.400 1973.914 8.312 0.400 3.325 0.75
2019-05-05_01:05:48 05028 11.560 186.400 2154.784 8.312 0.000 0.000 0.75
2019-05-05_01:05:49 05029 11.584 167.200 1936.845 8.336 0.400 3.334 0.75
2019-05-05_01:05:50 05030 11.568 195.600 2262.701 8.336 0.400 3.334 0.75
2019-05-05_01:05:51 05031 11.576 168.800 1954.029 8.360 0.400 3.344 0.76
2019-05-05_01:05:52 05032 11.576 170.000 1967.920 8.368 0.400 3.347 0.76
2019-05-05_01:05:53 05033 11.568 173.600 2008.205 8.360 0.400 3.344 0.76
2019-05-05_01:05:54 05034 11.576 169.200 1958.659 8.392 0.400 3.357 0.76
2019-05-05_01:05:55 05035 11.576 169.200 1958.659 8.408 0.000 0.000 0.75
2019-05-05_01:05:56 05036 11.584 169.600 1964.646 8.296 0.400 3.318 0.77
2019-05-05_01:05:57 05037 11.568 170.000 1966.560 8.536 0.000 0.000 0.76
2019-05-05_01:05:58 05038 11.560 175.200 2025.312 8.384 0.400 3.354 0.76
2019-05-05_01:05:59 05039 11.576 166.800 1930.877 8.408 0.400 3.363 0.75
2019-05-05_01:06:00 05040 11.560 195.600 2261.136 8.304 0.000 0.000 0.75
2019-05-05_01:06:01 05041 11.584 168.400 1950.746 8.320 0.000 0.000 0.75
2019-05-05_01:06:02 05042 11.584 170.800 1978.547 8.328 0.000 0.000 0.75
2019-05-05_01:06:03 05043 11.560 178.400 2062.304 8.320 0.000 0.000 0.75
2019-05-05_01:06:04 05044 11.576 168.400 1949.398 8.352 0.000 0.000 0.75
2019-05-05_01:06:05 05045 11.560 198.000 2288.880 8.344 0.400 3.338 0.76
2019-05-05_01:06:06 05046 11.576 169.200 1958.659 8.368 0.000 0.000 0.76
2019-05-05_01:06:07 05047 11.576 169.200 1958.659 8.384 0.400 3.354 0.76
2019-05-05_01:06:08 05048 11.560 197.200 2279.632 8.376 0.000 0.000 0.76
2019-05-05_01:06:09 05049 11.576 170.000 1967.920 8.400 0.400 3.360 0.76
2019-05-05_01:06:10 05050 11.552 192.800 2227.226 8.392 0.400 3.357 0.76