2019-05-05_01:26:25 06263 11.576 170.800 1977.181 8.360 0.400 3.344 0.76
2019-05-05_01:26:26 06264 11.576 170.400 1972.550 8.368 0.400 3.347 0.76
2019-05-05_01:26:27 06265 11.576 168.400 1949.398 8.376 0.400 3.350 0.76
2019-05-05_01:26:28 06266 11.552 193.600 2236.467 8.376 0.000 0.000 0.76
2019-05-05_01:26:29 06267 11.576 169.600 1963.290 8.400 0.000 0.000 0.76
2019-05-05_01:26:30 06268 11.568 170.400 1971.187 8.408 0.000 0.000 0.75
2019-05-05_01:26:31 06269 11.584 159.200 1844.173 8.304 0.400 3.322 0.75
2019-05-05_01:26:32 06270 11.584 164.400 1904.410 8.312 0.000 0.000 0.75
2019-05-05_01:26:33 06271 11.560 198.000 2288.880 8.312 0.000 0.000 0.75
2019-05-05_01:26:34 06272 11.576 170.400 1972.550 8.336 0.000 0.000 0.75
2019-05-05_01:26:35 06273 11.576 170.400 1972.550 8.344 0.000 0.000 0.75
2019-05-05_01:26:36 06274 11.576 166.800 1930.877 8.360 0.400 3.344 0.76
2019-05-05_01:26:37 06275 11.576 169.600 1963.290 8.368 0.000 0.000 0.76
2019-05-05_01:26:38 06276 11.552 197.200 2278.054 8.368 0.000 0.000 0.76
2019-05-05_01:26:39 06277 11.576 169.200 1958.659 8.392 0.400 3.357 0.76
2019-05-05_01:26:40 06278 11.576 170.000 1967.920 8.400 0.400 3.360 0.76
2019-05-05_01:26:41 06279 11.576 170.800 1977.181 8.408 0.000 0.000 0.75
2019-05-05_01:26:42 06280 11.584 168.400 1950.746 8.304 0.000 0.000 0.75
2019-05-05_01:26:43 06281 11.560 189.600 2191.776 8.312 0.000 0.000 0.75
2019-05-05_01:26:44 06282 11.576 170.400 1972.550 8.328 0.400 3.331 0.75
2019-05-05_01:26:45 06283 11.576 170.000 1967.920 8.336 0.400 3.334 0.75
2019-05-05_01:26:46 06284 11.584 170.400 1973.914 8.344 0.400 3.338 0.75
2019-05-05_01:26:47 06285 11.576 170.000 1967.920 8.360 0.400 3.344 0.76
2019-05-05_01:26:48 06286 11.560 193.600 2238.016 8.360 0.400 3.344 0.76
2019-05-05_01:26:49 06287 11.576 169.600 1963.290 8.376 0.000 0.000 0.76
2019-05-05_01:26:50 06288 11.576 169.200 1958.659 8.392 0.400 3.357 0.76
2019-05-05_01:26:51 06289 11.576 169.200 1958.659 8.400 0.000 0.000 0.76
2019-05-05_01:26:52 06290 11.576 171.600 1986.442 8.408 0.400 3.363 0.75
2019-05-05_01:26:53 06291 11.584 170.000 1969.280 8.304 0.000 0.000 0.75
2019-05-05_01:26:54 06292 11.576 169.200 1958.659 8.312 0.000 0.000 0.75
2019-05-05_01:26:55 06293 11.584 170.400 1973.914 8.328 0.400 3.331 0.75
2019-05-05_01:26:56 06294 11.584 167.600 1941.478 8.336 0.400 3.334 0.75
2019-05-05_01:26:57 06295 11.576 170.400 1972.550 8.344 0.400 3.338 0.75
2019-05-05_01:26:58 06296 11.552 192.000 2217.984 8.360 0.000 0.000 0.76
2019-05-05_01:26:59 06297 11.576 169.200 1958.659 8.368 0.400 3.347 0.76
2019-05-05_01:27:00 06298 11.576 170.400 1972.550 8.376 0.400 3.350 0.76
2019-05-05_01:27:01 06299 11.576 170.000 1967.920 8.384 0.000 0.000 0.76
2019-05-05_01:27:02 06300 11.576 166.400 1926.246 8.400 0.400 3.360 0.76
2019-05-05_01:27:03 06301 11.552 198.000 2287.296 8.408 0.000 0.000 0.75
2019-05-05_01:27:04 06302 11.584 170.400 1973.914 8.304 0.000 0.000 0.75
2019-05-05_01:27:05 06303 11.584 167.600 1941.478 8.312 0.000 0.000 0.75
2019-05-05_01:27:06 06304 11.576 166.800 1930.877 8.328 0.400 3.331 0.75
2019-05-05_01:27:07 06305 11.584 168.400 1950.746 8.336 0.400 3.334 0.75
2019-05-05_01:27:08 06306 11.552 197.600 2282.675 8.336 0.000 0.000 0.75
2019-05-05_01:27:09 06307 11.592 155.600 1803.715 8.360 0.000 0.000 0.76
2019-05-05_01:27:10 06308 11.584 153.600 1779.302 8.376 0.400 3.350 0.76
2019-05-05_01:27:11 06309 11.576 168.400 1949.398 8.376 0.400 3.350 0.76
2019-05-05_01:27:12 06310 11.584 158.400 1834.906 8.400 0.400 3.360 0.76
2019-05-05_01:27:13 06311 11.568 169.600 1961.933 8.400 0.400 3.360 0.76
2019-05-05_01:27:14 06312 11.568 171.600 1985.069 8.408 0.000 0.000 0.75
2019-05-05_01:27:15 06313 11.584 169.200 1960.013 8.312 0.000 0.000 0.75
2019-05-05_01:27:16 06314 11.592 161.200 1868.630 8.328 0.400 3.331 0.75
2019-05-05_01:27:17 06315 11.584 170.400 1973.914 8.320 0.000 0.000 0.75
2019-05-05_01:27:18 06316 11.576 169.600 1963.290 8.336 0.000 0.000 0.75
2019-05-05_01:27:19 06317 11.584 159.200 1844.173 8.360 0.400 3.344 0.75
2019-05-05_01:27:20 06318 11.576 166.400 1926.246 8.360 0.400 3.344 0.76
2019-05-05_01:27:21 06319 11.592 154.400 1789.805 8.376 0.400 3.350 0.76
2019-05-05_01:27:22 06320 11.584 155.200 1797.837 8.384 0.400 3.354 0.76
2019-05-05_01:27:23 06321 11.576 168.400 1949.398 8.392 0.400 3.357 0.76
2019-05-05_01:27:24 06322 11.576 170.400 1972.550 8.408 0.400 3.363 0.75
2019-05-05_01:27:25 06323 11.584 168.000 1946.112 8.296 0.000 0.000 0.77
2019-05-05_01:27:26 06324 11.568 170.400 1971.187 8.536 0.000 0.000 0.76
2019-05-05_01:27:27 06325 11.576 160.400 1856.790 8.400 0.400 3.360 0.76
2019-05-05_01:27:28 06326 11.552 194.000 2241.088 8.408 0.000 0.000 0.75
2019-05-05_01:27:29 06327 11.584 171.200 1983.181 8.304 0.000 0.000 0.75
2019-05-05_01:27:30 06328 11.584 171.600 1987.814 8.320 0.400 3.328 0.75
2019-05-05_01:27:31 06329 11.584 170.400 1973.914 8.328 0.400 3.331 0.75
2019-05-05_01:27:32 06330 11.584 166.400 1927.578 8.336 0.400 3.334 0.75
2019-05-05_01:27:33 06331 11.552 195.200 2254.950 8.344 0.000 0.000 0.75
2019-05-05_01:27:34 06332 11.576 170.000 1967.920 8.360 0.400 3.344 0.76
2019-05-05_01:27:35 06333 11.576 170.000 1967.920 8.368 0.400 3.347 0.76
2019-05-05_01:27:36 06334 11.576 166.800 1930.877 8.376 0.400 3.350 0.76
2019-05-05_01:27:37 06335 11.576 168.800 1954.029 8.384 0.000 0.000 0.76
2019-05-05_01:27:38 06336 11.552 194.000 2241.088 8.400 0.000 0.000 0.76
2019-05-05_01:27:39 06337 11.568 169.600 1961.933 8.408 0.000 0.000 0.75
2019-05-05_01:27:40 06338 11.584 170.800 1978.547 8.304 0.000 0.000 0.75
2019-05-05_01:27:41 06339 11.584 168.000 1946.112 8.320 0.000 0.000 0.75
2019-05-05_01:27:42 06340 11.584 170.400 1973.914 8.328 0.000 0.000 0.75
2019-05-05_01:27:43 06341 11.560 192.000 2219.520 8.320 0.400 3.328 0.75
2019-05-05_01:27:44 06342 11.576 170.800 1977.181 8.352 0.400 3.341 0.75
2019-05-05_01:27:45 06343 11.576 171.200 1981.811 8.360 0.400 3.344 0.76
2019-05-05_01:27:46 06344 11.576 170.400 1972.550 8.368 0.000 0.000 0.76
2019-05-05_01:27:47 06345 11.576 170.000 1967.920 8.376 0.000 0.000 0.76
2019-05-05_01:27:48 06346 11.552 198.400 2291.917 8.376 0.000 0.000 0.76
2019-05-05_01:27:49 06347 11.576 168.000 1944.768 8.400 0.000 0.000 0.76
2019-05-05_01:27:50 06348 11.568 170.400 1971.187 8.416 0.400 3.366 0.75
2019-05-05_01:27:51 06349 11.584 164.800 1909.043 8.304 0.000 0.000 0.75
2019-05-05_01:27:52 06350 11.584 170.400 1973.914 8.320 0.000 0.000 0.75
2019-05-05_01:27:53 06351 11.568 190.800 2207.174 8.312 0.000 0.000 0.75
2019-05-05_01:27:54 06352 11.584 167.200 1936.845 8.336 0.400 3.334 0.75
2019-05-05_01:27:55 06353 11.576 171.200 1981.811 8.352 0.000 0.000 0.75
2019-05-05_01:27:56 06354 11.576 170.000 1967.920 8.368 0.400 3.347 0.76
2019-05-05_01:27:57 06355 11.576 170.400 1972.550 8.368 0.400 3.347 0.76
2019-05-05_01:27:58 06356 11.576 180.000 2083.680 8.384 0.400 3.354 0.76
2019-05-05_01:27:59 06357 11.584 152.800 1770.035 8.400 0.400 3.360 0.76
2019-05-05_01:28:00 06358 11.576 171.200 1981.811 8.400 0.400 3.360 0.76
2019-05-05_01:28:01 06359 11.584 154.400 1788.570 8.424 0.000 0.000 0.75
2019-05-05_01:28:02 06360 11.584 156.000 1807.104 8.320 0.000 0.000 0.75
2019-05-05_01:28:03 06361 11.584 161.600 1871.974 8.328 0.000 0.000 0.75
2019-05-05_01:28:04 06362 11.576 169.200 1958.659 8.336 0.400 3.334 0.75
2019-05-05_01:28:05 06363 11.552 200.000 2310.400 8.328 0.400 3.331 0.75