2019-05-05_23:03:36 05556 11.312 495.200 5601.702 8.392 -403.200 -3383.654 0.83
2019-05-05_23:03:37 05557 11.304 495.600 5602.262 8.392 -403.600 -3387.011 0.83
2019-05-05_23:03:38 05558 11.296 498.000 5625.408 8.400 -411.600 -3457.440 0.83
2019-05-05_23:03:39 05559 11.296 505.600 5711.258 8.408 -414.400 -3484.275 0.82
2019-05-05_23:03:40 05560 11.336 450.800 5110.269 8.352 -351.200 -2933.222 0.82
2019-05-05_23:03:41 05561 11.312 478.400 5411.661 8.344 -345.600 -2883.686 0.82
2019-05-05_23:03:42 05562 11.336 451.200 5114.803 8.360 -374.400 -3129.984 0.82
2019-05-05_23:03:43 05563 11.328 455.600 5161.037 8.368 -382.000 -3196.576 0.82
2019-05-05_23:03:44 05564 11.320 471.600 5338.512 8.368 -377.200 -3156.410 0.82
2019-05-05_23:03:45 05565 11.312 475.200 5375.462 8.376 -384.800 -3223.085 0.82
2019-05-05_23:03:46 05566 11.304 493.200 5575.133 8.376 -383.600 -3213.034 0.82
2019-05-05_23:03:47 05567 11.296 498.800 5634.445 8.384 -389.200 -3263.053 0.83
2019-05-05_23:03:48 05568 11.304 492.800 5570.611 8.400 -402.400 -3380.160 0.83
2019-05-05_23:03:49 05569 11.304 498.400 5633.914 8.408 -410.800 -3454.006 0.82
2019-05-05_23:03:50 05570 11.336 447.200 5069.459 8.344 -348.400 -2907.050 0.82
2019-05-05_23:03:51 05571 11.328 458.000 5188.224 8.344 -353.200 -2947.101 0.82
2019-05-05_23:03:52 05572 11.328 459.600 5206.349 8.352 -356.400 -2976.653 0.82
2019-05-05_23:03:53 05573 11.320 463.600 5247.952 8.360 -363.200 -3036.352 0.82
2019-05-05_23:03:54 05574 11.312 467.200 5284.966 8.368 -373.200 -3122.938 0.82
2019-05-05_23:03:55 05575 11.320 460.800 5216.256 8.376 -388.000 -3249.888 0.82
2019-05-05_23:03:56 05576 11.320 464.800 5261.536 8.376 -391.200 -3276.691 0.82
2019-05-05_23:03:57 05577 11.312 483.600 5470.483 8.376 -390.000 -3266.640 0.82
2019-05-05_23:03:58 05578 11.304 489.200 5529.917 8.392 -399.600 -3353.443 0.83
2019-05-05_23:03:59 05579 11.296 491.200 5548.595 8.392 -404.800 -3397.082 0.83
2019-05-05_23:04:00 05580 11.304 497.200 5620.349 8.400 -408.400 -3430.560 0.83
2019-05-05_23:04:01 05581 11.288 506.000 5711.728 8.400 -416.000 -3494.400 0.83
2019-05-05_23:04:02 05582 11.304 491.600 5557.046 8.416 -428.400 -3605.414 0.82
2019-05-05_23:04:03 05583 11.328 456.000 5165.568 8.352 -349.200 -2916.518 0.82
2019-05-05_23:04:04 05584 11.320 466.000 5275.120 8.360 -364.400 -3046.384 0.82
2019-05-05_23:04:05 05585 11.320 468.400 5302.288 8.368 -370.800 -3102.854 0.82
2019-05-05_23:04:06 05586 11.312 472.400 5343.789 8.368 -378.000 -3163.104 0.82
2019-05-05_23:04:07 05587 11.312 479.200 5420.710 8.376 -382.000 -3199.632 0.82
2019-05-05_23:04:08 05588 11.320 469.200 5311.344 8.384 -396.800 -3326.771 0.82
2019-05-05_23:04:09 05589 11.304 489.200 5529.917 8.392 -396.400 -3326.589 0.83
2019-05-05_23:04:10 05590 11.304 499.600 5647.478 8.400 -404.800 -3400.320 0.83
2019-05-05_23:04:11 05591 11.296 504.800 5702.221 8.400 -405.600 -3407.040 0.83
2019-05-05_23:04:12 05592 11.296 504.800 5702.221 8.408 -417.200 -3507.818 0.82
2019-05-05_23:04:13 05593 11.312 469.200 5307.590 8.344 -343.200 -2863.661 0.82
2019-05-05_23:04:14 05594 11.336 441.200 5001.443 8.360 -365.200 -3053.072 0.82
2019-05-05_23:04:15 05595 11.320 460.000 5207.200 8.360 -365.600 -3056.416 0.82
2019-05-05_23:04:16 05596 11.320 465.600 5270.592 8.368 -372.400 -3116.243 0.82
2019-05-05_23:04:17 05597 11.312 475.600 5379.987 8.376 -374.000 -3132.624 0.82
2019-05-05_23:04:18 05598 11.296 481.600 5440.154 8.376 -378.800 -3172.829 0.82
2019-05-05_23:04:19 05599 11.312 483.600 5470.483 8.384 -388.000 -3252.992 0.82
2019-05-05_23:04:20 05600 11.288 503.200 5680.122 8.392 -398.800 -3346.730 0.83
2019-05-05_23:04:21 05601 11.296 498.000 5625.408 8.400 -405.600 -3407.040 0.83
2019-05-05_23:04:22 05602 11.296 503.200 5684.147 8.408 -409.200 -3440.554 0.82
2019-05-05_23:04:23 05603 11.336 444.400 5037.718 8.344 -344.800 -2877.011 0.82
2019-05-05_23:04:24 05604 11.328 452.400 5124.787 8.352 -350.400 -2926.541 0.82
2019-05-05_23:04:25 05605 11.328 459.600 5206.349 8.352 -357.200 -2983.334 0.82
2019-05-05_23:04:26 05606 11.328 463.200 5247.130 8.360 -365.600 -3056.416 0.82
2019-05-05_23:04:27 05607 11.320 464.400 5257.008 8.368 -368.800 -3086.118 0.82
2019-05-05_23:04:28 05608 11.312 470.800 5325.690 8.368 -376.800 -3153.062 0.82
2019-05-05_23:04:29 05609 11.320 462.400 5234.368 8.384 -392.400 -3289.882 0.82
2019-05-05_23:04:30 05610 11.312 482.000 5452.384 8.384 -390.000 -3269.760 0.82
2019-05-05_23:04:31 05611 11.304 489.200 5529.917 8.392 -396.400 -3326.589 0.83
2019-05-05_23:04:32 05612 11.304 493.200 5575.133 8.392 -403.200 -3383.654 0.83
2019-05-05_23:04:33 05613 11.296 496.800 5611.853 8.400 -409.200 -3437.280 0.83
2019-05-05_23:04:34 05614 11.304 504.800 5706.259 8.408 -416.000 -3497.728 0.82
2019-05-05_23:04:35 05615 11.328 452.000 5120.256 8.352 -348.800 -2913.178 0.82
2019-05-05_23:04:36 05616 11.328 457.200 5179.162 8.352 -357.600 -2986.675 0.82
2019-05-05_23:04:37 05617 11.320 458.400 5189.088 8.360 -364.000 -3043.040 0.82
2019-05-05_23:04:38 05618 11.320 465.200 5266.064 8.368 -369.600 -3092.813 0.82
2019-05-05_23:04:39 05619 11.320 474.400 5370.208 8.368 -375.200 -3139.674 0.82
2019-05-05_23:04:40 05620 11.312 476.000 5384.512 8.376 -382.400 -3202.982 0.82
2019-05-05_23:04:41 05621 11.312 481.600 5447.859 8.384 -387.200 -3246.285 0.82
2019-05-05_23:04:42 05622 11.304 486.000 5493.744 8.392 -392.000 -3289.664 0.83
2019-05-05_23:04:43 05623 11.304 497.200 5620.349 8.392 -399.600 -3353.443 0.83
2019-05-05_23:04:44 05624 11.304 487.600 5511.830 8.408 -413.200 -3474.186 0.82
2019-05-05_23:04:45 05625 11.344 431.600 4896.070 8.344 -353.600 -2950.438 0.82
2019-05-05_23:04:46 05626 11.336 438.000 4965.168 8.352 -356.800 -2979.994 0.82
2019-05-05_23:04:47 05627 11.344 442.000 5014.048 8.360 -364.000 -3043.040 0.82
2019-05-05_23:04:48 05628 11.328 458.400 5192.755 8.360 -360.400 -3012.944 0.82
2019-05-05_23:04:49 05629 11.296 492.800 5566.669 8.352 -342.000 -2856.384 0.82
2019-05-05_23:04:50 05630 11.312 474.800 5370.938 8.368 -372.400 -3116.243 0.82
2019-05-05_23:04:51 05631 11.328 464.400 5260.723 8.384 -391.600 -3283.174 0.82
2019-05-05_23:04:52 05632 11.320 464.800 5261.536 8.384 -396.800 -3326.771 0.82
2019-05-05_23:04:53 05633 11.320 470.000 5320.400 8.400 -404.400 -3396.960 0.83
2019-05-05_23:04:54 05634 11.312 480.800 5438.810 8.400 -412.800 -3467.520 0.83
2019-05-05_23:04:55 05635 11.288 504.400 5693.667 8.400 -406.800 -3417.120 0.83
2019-05-05_23:04:56 05636 11.296 500.800 5657.037 8.408 -415.200 -3491.002 0.82
2019-05-05_23:04:57 05637 11.328 452.000 5120.256 8.352 -350.000 -2923.200 0.82
2019-05-05_23:04:58 05638 11.344 442.000 5014.048 8.360 -365.200 -3053.072 0.82
2019-05-05_23:04:59 05639 11.320 460.400 5211.728 8.360 -361.600 -3022.976 0.82
2019-05-05_23:05:00 05640 11.320 467.600 5293.232 8.368 -370.000 -3096.160 0.82
2019-05-05_23:05:01 05641 11.320 473.200 5356.624 8.368 -374.800 -3136.326 0.82
2019-05-05_23:05:02 05642 11.312 476.400 5389.037 8.376 -376.800 -3156.077 0.82
2019-05-05_23:05:03 05643 11.320 464.000 5252.480 8.384 -397.600 -3333.478 0.82
2019-05-05_23:05:04 05644 11.304 490.400 5543.482 8.392 -395.200 -3316.518 0.83
2019-05-05_23:05:05 05645 11.304 489.600 5534.438 8.400 -401.200 -3370.080 0.83
2019-05-05_23:05:06 05646 11.304 496.800 5615.827 8.400 -406.000 -3410.400 0.83
2019-05-05_23:05:07 05647 11.296 503.200 5684.147 8.400 -396.400 -3329.760 0.83
2019-05-05_23:05:08 05648 11.296 508.400 5742.886 8.416 -417.200 -3511.155 0.82
2019-05-05_23:05:09 05649 11.328 458.000 5188.224 8.352 -354.000 -2956.608 0.82
2019-05-05_23:05:10 05650 11.336 442.000 5010.512 8.368 -368.000 -3079.424 0.82
2019-05-05_23:05:11 05651 11.328 452.000 5120.256 8.368 -376.800 -3153.062 0.82
2019-05-05_23:05:12 05652 11.328 456.000 5165.568 8.376 -382.000 -3199.632 0.82
2019-05-05_23:05:13 05653 11.280 501.600 5658.048 8.368 -357.600 -2992.397 0.82
2019-05-05_23:05:14 05654 11.312 483.200 5465.958 8.376 -370.000 -3099.120 0.82
2019-05-05_23:05:15 05655 11.272 498.800 5622.474 8.376 -370.000 -3099.120 0.83
2019-05-05_23:05:16 05656 11.312 492.400 5570.029 8.400 -401.200 -3370.080 0.83