2019-05-04_01:42:35 00148 16.600 356.000 5909.600 8.392 -403.600 -3387.011 0.57
2019-05-04_01:42:36 00149 16.592 365.600 6066.035 8.400 -404.800 -3400.320 0.57
2019-05-04_01:42:37 00150 16.584 370.800 6149.347 8.408 -426.400 -3585.171 0.56
2019-05-04_01:42:38 00151 16.656 307.200 5116.723 8.344 -311.600 -2599.990 0.56
2019-05-04_01:42:39 00152 16.648 313.200 5214.154 8.344 -313.600 -2616.678 0.56
2019-05-04_01:42:40 00153 16.648 320.000 5327.360 8.352 -334.000 -2789.568 0.57
2019-05-04_01:42:41 00154 16.648 324.000 5393.952 8.360 -339.600 -2839.056 0.57
2019-05-04_01:42:42 00155 16.632 330.400 5495.213 8.368 -325.200 -2721.274 0.57
2019-05-04_01:42:43 00156 16.632 338.800 5634.922 8.376 -362.400 -3035.462 0.57
2019-05-04_01:42:44 00157 16.624 339.200 5638.861 8.376 -380.000 -3182.880 0.57
2019-05-04_01:42:45 00158 16.616 349.600 5808.954 8.384 -391.600 -3283.174 0.57
2019-05-04_01:42:46 00159 16.608 359.200 5965.594 8.392 -404.000 -3390.368 0.57
2019-05-04_01:42:47 00160 16.600 361.600 6002.560 8.400 -408.800 -3433.920 0.57
2019-05-04_01:42:48 00161 16.592 364.800 6052.762 8.408 -421.200 -3541.450 0.56
2019-05-04_01:42:49 00162 16.656 306.000 5096.736 8.344 -313.200 -2613.341 0.56
2019-05-04_01:42:50 00163 16.656 311.200 5183.347 8.344 -313.200 -2613.341 0.56
2019-05-04_01:42:51 00164 16.640 338.400 5630.976 8.352 -327.200 -2732.774 0.57
2019-05-04_01:42:52 00165 16.632 342.400 5694.797 8.360 -332.400 -2778.864 0.57
2019-05-04_01:42:53 00166 16.632 348.800 5801.242 8.360 -346.400 -2895.904 0.57
2019-05-04_01:42:54 00167 16.624 353.600 5878.246 8.376 -338.800 -2837.789 0.57
2019-05-04_01:42:55 00168 16.608 364.800 6058.598 8.376 -381.200 -3192.931 0.57