2019-05-04_23:41:52 00001 11.560 200.000 2312.000 3.224 0.000 0.000 0.32
2019-05-04_23:41:53 00002 11.568 195.600 2262.701 3.448 0.000 0.000 0.34
2019-05-04_23:41:55 00003 11.560 201.200 2325.872 3.680 0.400 1.472 0.36
2019-05-04_23:41:56 00004 11.576 202.000 2338.352 3.928 0.000 0.000 0.38
2019-05-04_23:41:57 00005 11.560 198.800 2298.128 4.152 0.000 0.000 0.40
2019-05-04_23:41:58 00006 11.568 197.600 2285.837 4.384 0.000 0.000 0.42
2019-05-04_23:41:59 00007 11.560 202.000 2335.120 4.616 0.000 0.000 0.44
2019-05-04_23:42:00 00008 11.560 199.200 2302.752 4.856 0.000 0.000 0.46
2019-05-04_23:42:01 00009 11.560 198.800 2298.128 5.080 0.000 0.000 0.48
2019-05-04_23:42:02 00010 11.568 190.800 2207.174 5.320 0.000 0.000 0.50
2019-05-04_23:42:03 00011 11.560 196.400 2270.384 5.544 0.000 0.000 0.52
2019-05-04_23:42:04 00012 11.568 196.800 2276.582 5.776 0.000 0.000 0.54
2019-05-04_23:42:05 00013 11.552 202.400 2338.125 5.992 0.000 0.000 0.56
2019-05-04_23:42:06 00014 11.560 203.600 2353.616 6.232 0.000 0.000 0.58
2019-05-04_23:42:07 00015 11.560 202.400 2339.744 6.456 0.000 0.000 0.60
2019-05-04_23:42:08 00016 11.568 198.800 2299.718 6.688 0.000 0.000 0.62
2019-05-04_23:42:09 00017 11.552 197.600 2282.675 6.904 0.000 0.000 0.64
2019-05-04_23:42:10 00018 11.576 199.200 2305.939 7.136 0.400 2.854 0.66
2019-05-04_23:42:11 00019 11.560 196.400 2270.384 7.352 0.000 0.000 0.68
2019-05-04_23:42:12 00020 11.560 198.400 2293.504 7.568 0.400 3.027 0.70
2019-05-04_23:42:13 00021 11.552 190.800 2204.122 7.776 0.000 0.000 0.72
2019-05-04_23:42:14 00022 11.568 193.600 2239.565 8.000 0.400 3.200 0.74
2019-05-04_23:42:15 00023 11.576 192.000 2222.592 8.208 0.000 0.000 0.76
2019-05-04_23:42:16 00024 11.560 188.400 2177.904 8.416 0.400 3.366 0.75
2019-05-04_23:42:17 00025 11.560 196.000 2265.760 8.312 0.000 0.000 0.75
2019-05-04_23:42:18 00026 11.560 196.000 2265.760 8.320 0.000 0.000 0.75
2019-05-04_23:42:19 00027 11.560 194.400 2247.264 8.336 0.400 3.334 0.75
2019-05-04_23:42:20 00028 11.560 189.200 2187.152 8.344 0.400 3.338 0.75
2019-05-04_23:42:21 00029 11.560 196.400 2270.384 8.352 0.000 0.000 0.76
2019-05-04_23:42:22 00030 11.560 189.200 2187.152 8.360 0.400 3.344 0.76
2019-05-04_23:42:23 00031 11.560 194.800 2251.888 8.368 0.000 0.000 0.76
2019-05-04_23:42:24 00032 11.552 199.200 2301.158 8.376 0.000 0.000 0.76
2019-05-04_23:42:25 00033 11.560 189.200 2187.152 8.392 0.000 0.000 0.76
2019-05-04_23:42:26 00034 11.560 197.600 2284.256 8.400 0.000 0.000 0.76
2019-05-04_23:42:27 00035 11.560 190.800 2205.648 8.416 0.000 0.000 0.75
2019-05-04_23:42:28 00036 11.560 200.800 2321.248 8.304 0.400 3.322 0.75
2019-05-04_23:42:29 00037 11.560 200.000 2312.000 8.320 0.400 3.328 0.75
2019-05-04_23:42:30 00038 11.560 192.000 2219.520 8.336 0.000 0.000 0.75
2019-05-04_23:42:31 00039 11.568 196.400 2271.955 8.336 0.000 0.000 0.75
2019-05-04_23:42:32 00040 11.560 185.200 2140.912 8.352 0.400 3.341 0.76
2019-05-04_23:42:33 00041 11.560 194.000 2242.640 8.360 0.400 3.344 0.76
2019-05-04_23:42:34 00042 11.560 186.800 2159.408 8.368 0.000 0.000 0.76
2019-05-04_23:42:35 00043 11.552 187.600 2167.155 8.384 0.000 0.000 0.76
2019-05-04_23:42:36 00044 11.552 198.000 2287.296 8.384 0.000 0.000 0.76
2019-05-04_23:42:37 00045 11.552 194.400 2245.709 8.400 0.000 0.000 0.76
2019-05-04_23:42:38 00046 11.552 197.600 2282.675 8.416 0.000 0.000 0.75
2019-05-04_23:42:39 00047 11.560 198.800 2298.128 8.312 0.000 0.000 0.75
2019-05-04_23:42:40 00048 11.568 193.200 2234.938 8.320 0.000 0.000 0.75
2019-05-04_23:42:41 00049 11.560 200.400 2316.624 8.336 0.400 3.334 0.75
2019-05-04_23:42:42 00050 11.552 198.400 2291.917 8.344 0.400 3.338 0.75
2019-05-04_23:42:43 00051 11.560 198.000 2288.880 8.344 0.000 0.000 0.76
2019-05-04_23:42:44 00052 11.560 189.600 2191.776 8.368 0.400 3.347 0.76
2019-05-04_23:42:45 00053 11.552 200.000 2310.400 8.376 0.000 0.000 0.76
2019-05-04_23:42:46 00054 11.552 192.000 2217.984 8.376 0.400 3.350 0.76
2019-05-04_23:42:47 00055 11.560 184.400 2131.664 8.384 0.400 3.354 0.76
2019-05-04_23:42:48 00056 11.560 196.800 2275.008 8.400 0.000 0.000 0.76
2019-05-04_23:42:49 00057 11.552 197.200 2278.054 8.408 0.000 0.000 0.75
2019-05-04_23:42:50 00058 11.560 199.200 2302.752 8.312 0.000 0.000 0.75
2019-05-04_23:42:51 00059 11.560 195.600 2261.136 8.320 0.000 0.000 0.75
2019-05-04_23:42:52 00060 11.560 195.200 2256.512 8.328 0.000 0.000 0.75
2019-05-04_23:42:53 00061 11.560 199.200 2302.752 8.336 0.000 0.000 0.75
2019-05-04_23:42:54 00062 11.552 197.200 2278.054 8.344 0.000 0.000 0.76
2019-05-04_23:42:55 00063 11.560 198.400 2293.504 8.360 0.000 0.000 0.76
2019-05-04_23:42:56 00064 11.560 188.400 2177.904 8.368 0.000 0.000 0.76
2019-05-04_23:42:57 00065 11.560 197.600 2284.256 8.384 0.400 3.354 0.76
2019-05-04_23:42:58 00066 11.552 196.400 2268.813 8.392 0.000 0.000 0.76
2019-05-04_23:42:59 00067 11.552 200.000 2310.400 8.400 0.000 0.000 0.76
2019-05-04_23:43:00 00068 11.552 199.200 2301.158 8.408 0.000 0.000 0.75
2019-05-04_23:43:01 00069 11.584 160.800 1862.707 8.328 0.000 0.000 0.75
2019-05-04_23:43:02 00070 11.584 188.000 2177.792 8.328 0.400 3.331 0.75
2019-05-04_23:43:03 00071 11.592 152.800 1771.258 8.352 0.400 3.341 0.75
2019-05-04_23:43:04 00072 11.584 152.800 1770.035 8.360 0.400 3.344 0.75
2019-05-04_23:43:05 00073 11.584 161.600 1871.974 8.376 0.400 3.350 0.76
2019-05-04_23:43:06 00074 11.592 152.800 1771.258 8.384 0.400 3.354 0.76
2019-05-04_23:43:07 00075 11.560 170.800 1974.448 8.384 0.000 0.000 0.76
2019-05-04_23:43:08 00076 11.576 161.200 1866.051 8.400 0.000 0.000 0.76
2019-05-04_23:43:09 00077 11.576 163.600 1893.834 8.408 0.400 3.363 0.75
2019-05-04_23:43:10 00078 11.592 152.800 1771.258 8.312 0.000 0.000 0.75
2019-05-04_23:43:11 00079 11.592 152.800 1771.258 8.320 0.000 0.000 0.75
2019-05-04_23:43:12 00080 11.584 168.800 1955.379 8.320 0.000 0.000 0.75
2019-05-04_23:43:13 00081 11.584 162.000 1876.608 8.344 0.400 3.338 0.75
2019-05-04_23:43:14 00082 11.584 164.800 1909.043 8.352 0.000 0.000 0.75
2019-05-04_23:43:15 00083 11.592 152.400 1766.621 8.360 0.400 3.344 0.75
2019-05-04_23:43:16 00084 11.592 152.400 1766.621 8.368 0.000 0.000 0.76
2019-05-04_23:43:17 00085 11.584 152.800 1770.035 8.384 0.400 3.354 0.76
2019-05-04_23:43:18 00086 11.576 154.000 1782.704 8.392 0.400 3.357 0.76
2019-05-04_23:43:19 00087 11.576 162.400 1879.942 8.400 0.400 3.360 0.76
2019-05-04_23:43:20 00088 11.576 165.200 1912.355 8.408 0.400 3.363 0.75
2019-05-04_23:43:21 00089 11.600 152.800 1772.480 8.304 0.000 0.000 0.75
2019-05-04_23:43:22 00090 11.584 170.400 1973.914 8.312 0.000 0.000 0.75
2019-05-04_23:43:23 00091 11.592 153.200 1775.894 8.328 0.000 0.000 0.75
2019-05-04_23:43:24 00092 11.592 152.400 1766.621 8.344 0.400 3.338 0.75
2019-05-04_23:43:25 00093 11.584 153.200 1774.669 8.352 0.000 0.000 0.75
2019-05-04_23:43:26 00094 11.584 159.600 1848.806 8.360 0.000 0.000 0.75
2019-05-04_23:43:27 00095 11.576 168.800 1954.029 8.368 0.000 0.000 0.76
2019-05-04_23:43:28 00096 11.592 152.800 1771.258 8.376 0.400 3.350 0.76
2019-05-04_23:43:29 00097 11.576 168.800 1954.029 8.384 0.400 3.354 0.76
2019-05-04_23:43:30 00098 11.584 152.800 1770.035 8.392 0.000 0.000 0.76
2019-05-04_23:43:31 00099 11.584 152.800 1770.035 8.408 0.400 3.363 0.75
2019-05-04_23:43:32 00100 11.568 173.600 2008.205 8.304 0.000 0.000 0.75
2019-05-04_23:43:33 00101 11.584 160.800 1862.707 8.320 0.000 0.000 0.75