2019-05-05_00:29:05 02829 11.592 153.600 1780.531 8.328 0.000 0.000 0.75
2019-05-05_00:29:06 02830 11.592 164.000 1901.088 8.336 0.400 3.334 0.75
2019-05-05_00:29:07 02831 11.592 152.800 1771.258 8.344 0.000 0.000 0.75
2019-05-05_00:29:08 02832 11.592 153.600 1780.531 8.360 0.400 3.344 0.75
2019-05-05_00:29:09 02833 11.584 158.000 1830.272 8.368 0.400 3.347 0.76
2019-05-05_00:29:10 02834 11.584 162.800 1885.875 8.376 0.400 3.350 0.76
2019-05-05_00:29:11 02835 11.584 153.200 1774.669 8.392 0.400 3.357 0.76
2019-05-05_00:29:12 02836 11.576 169.200 1958.659 8.392 0.000 0.000 0.76
2019-05-05_00:29:13 02837 11.576 154.000 1782.704 8.408 0.000 0.000 0.75
2019-05-05_00:29:14 02838 11.600 163.200 1893.120 8.304 0.400 3.322 0.75
2019-05-05_00:29:15 02839 11.592 152.800 1771.258 8.312 0.000 0.000 0.75
2019-05-05_00:29:16 02840 11.592 153.200 1775.894 8.328 0.400 3.331 0.75
2019-05-05_00:29:17 02841 11.576 169.200 1958.659 8.328 0.400 3.331 0.75
2019-05-05_00:29:18 02842 11.584 162.400 1881.242 8.352 0.000 0.000 0.75
2019-05-05_00:29:19 02843 11.584 160.800 1862.707 8.360 0.400 3.344 0.75
2019-05-05_00:29:20 02844 11.592 153.200 1775.894 8.368 0.000 0.000 0.76
2019-05-05_00:29:21 02845 11.592 162.000 1877.904 8.376 0.400 3.350 0.76
2019-05-05_00:29:22 02846 11.576 180.000 2083.680 8.384 0.400 3.354 0.76
2019-05-05_00:29:23 02847 11.584 153.200 1774.669 8.400 0.400 3.360 0.76
2019-05-05_00:29:24 02848 11.576 162.000 1875.312 8.408 0.400 3.363 0.75
2019-05-05_00:29:25 02849 11.600 152.800 1772.480 8.304 0.400 3.322 0.75
2019-05-05_00:29:26 02850 11.592 153.600 1780.531 8.320 0.000 0.000 0.75
2019-05-05_00:29:27 02851 11.584 178.800 2071.219 8.320 0.400 3.328 0.75
2019-05-05_00:29:28 02852 11.584 160.800 1862.707 8.336 0.400 3.334 0.75
2019-05-05_00:29:29 02853 11.584 169.200 1960.013 8.344 0.400 3.338 0.75
2019-05-05_00:29:30 02854 11.592 153.200 1775.894 8.360 0.000 0.000 0.75
2019-05-05_00:29:31 02855 11.576 170.000 1967.920 8.360 0.400 3.344 0.76
2019-05-05_00:29:32 02856 11.576 163.200 1889.203 8.384 0.400 3.354 0.76
2019-05-05_00:29:33 02857 11.576 180.400 2088.310 8.384 0.400 3.354 0.76
2019-05-05_00:29:34 02858 11.576 169.200 1958.659 8.392 0.000 0.000 0.76
2019-05-05_00:29:35 02859 11.584 153.600 1779.302 8.408 0.000 0.000 0.75
2019-05-05_00:29:36 02860 11.600 153.200 1777.120 8.304 0.000 0.000 0.75
2019-05-05_00:29:37 02861 11.560 197.600 2284.256 8.296 0.000 0.000 0.77
2019-05-05_00:29:38 02862 11.576 153.200 1773.443 8.552 0.000 0.000 0.76
2019-05-05_00:29:39 02863 11.576 160.800 1861.421 8.424 0.400 3.370 0.75
2019-05-05_00:29:40 02864 11.584 170.800 1978.547 8.304 0.000 0.000 0.75
2019-05-05_00:29:41 02865 11.592 153.600 1780.531 8.328 0.000 0.000 0.75
2019-05-05_00:29:42 02866 11.568 169.200 1957.306 8.328 0.000 0.000 0.75
2019-05-05_00:29:43 02867 11.576 167.600 1940.138 8.336 0.000 0.000 0.75
2019-05-05_00:29:44 02868 11.592 153.200 1775.894 8.360 0.400 3.344 0.75
2019-05-05_00:29:45 02869 11.592 153.200 1775.894 8.368 0.400 3.347 0.76
2019-05-05_00:29:46 02870 11.592 158.800 1840.810 8.368 0.000 0.000 0.76
2019-05-05_00:29:47 02871 11.584 153.200 1774.669 8.392 0.400 3.357 0.76
2019-05-05_00:29:48 02872 11.592 153.200 1775.894 8.400 0.000 0.000 0.76
2019-05-05_00:29:50 02873 11.576 161.200 1866.051 8.408 0.000 0.000 0.75
2019-05-05_00:29:51 02874 11.600 153.200 1777.120 8.304 0.000 0.000 0.75
2019-05-05_00:29:52 02875 11.600 163.200 1893.120 8.320 0.000 0.000 0.75
2019-05-05_00:29:53 02876 11.584 169.200 1960.013 8.320 0.000 0.000 0.75
2019-05-05_00:29:54 02877 11.592 153.200 1775.894 8.336 0.000 0.000 0.75
2019-05-05_00:29:55 02878 11.584 157.200 1821.005 8.352 0.000 0.000 0.75
2019-05-05_00:29:56 02879 11.592 153.600 1780.531 8.360 0.000 0.000 0.75
2019-05-05_00:29:57 02880 11.592 153.200 1775.894 8.368 0.000 0.000 0.76
2019-05-05_00:29:58 02881 11.560 173.600 2006.816 8.368 0.400 3.347 0.76
2019-05-05_00:29:59 02882 11.584 153.600 1779.302 8.392 0.400 3.357 0.76
2019-05-05_00:30:00 02883 11.576 170.400 1972.550 8.392 0.400 3.357 0.76
2019-05-05_00:30:01 02884 11.576 156.400 1810.486 8.408 0.000 0.000 0.75
2019-05-05_00:30:02 02885 11.600 154.400 1791.040 8.312 0.000 0.000 0.75
2019-05-05_00:30:03 02886 11.584 169.200 1960.013 8.312 0.000 0.000 0.75
2019-05-05_00:30:04 02887 11.584 155.600 1802.470 8.328 0.000 0.000 0.75
2019-05-05_00:30:05 02888 11.584 166.800 1932.211 8.328 0.000 0.000 0.75
2019-05-05_00:30:06 02889 11.592 153.200 1775.894 8.344 0.400 3.338 0.75
2019-05-05_00:30:07 02890 11.592 153.200 1775.894 8.360 0.400 3.344 0.75
2019-05-05_00:30:08 02891 11.592 153.200 1775.894 8.368 0.400 3.347 0.76
2019-05-05_00:30:09 02892 11.592 153.200 1775.894 8.376 0.000 0.000 0.76
2019-05-05_00:30:10 02893 11.576 170.400 1972.550 8.376 0.000 0.000 0.76
2019-05-05_00:30:11 02894 11.584 153.200 1774.669 8.400 0.400 3.360 0.76
2019-05-05_00:30:12 02895 11.584 163.200 1890.509 8.408 0.000 0.000 0.75
2019-05-05_00:30:13 02896 11.584 169.200 1960.013 8.296 0.000 0.000 0.77
2019-05-05_00:30:14 02897 11.584 153.600 1779.302 8.544 0.000 0.000 0.76
2019-05-05_00:30:15 02898 11.576 169.600 1963.290 8.400 0.000 0.000 0.76
2019-05-05_00:30:16 02899 11.584 162.400 1881.242 8.424 0.000 0.000 0.75
2019-05-05_00:30:17 02900 11.592 153.200 1775.894 8.320 0.000 0.000 0.75
2019-05-05_00:30:18 02901 11.584 183.200 2122.189 8.320 0.000 0.000 0.75
2019-05-05_00:30:19 02902 11.592 153.600 1780.531 8.336 0.000 0.000 0.75
2019-05-05_00:30:20 02903 11.576 171.600 1986.442 8.344 0.400 3.338 0.75
2019-05-05_00:30:21 02904 11.584 153.600 1779.302 8.360 0.400 3.344 0.75
2019-05-05_00:30:22 02905 11.592 154.000 1785.168 8.368 0.000 0.000 0.76
2019-05-05_00:30:23 02906 11.576 172.800 2000.333 8.368 0.400 3.347 0.76
2019-05-05_00:30:24 02907 11.584 153.600 1779.302 8.392 0.000 0.000 0.76
2019-05-05_00:30:25 02908 11.576 170.800 1977.181 8.392 0.000 0.000 0.76
2019-05-05_00:30:26 02909 11.584 153.200 1774.669 8.408 0.000 0.000 0.75
2019-05-05_00:30:27 02910 11.600 163.200 1893.120 8.312 0.000 0.000 0.75
2019-05-05_00:30:28 02911 11.600 153.200 1777.120 8.320 0.000 0.000 0.75
2019-05-05_00:30:29 02912 11.592 153.200 1775.894 8.328 0.000 0.000 0.75
2019-05-05_00:30:30 02913 11.568 174.000 2012.832 8.328 0.000 0.000 0.75
2019-05-05_00:30:31 02914 11.592 153.200 1775.894 8.352 0.400 3.341 0.75
2019-05-05_00:30:32 02915 11.592 154.000 1785.168 8.360 0.400 3.344 0.75
2019-05-05_00:30:33 02916 11.576 162.800 1884.573 8.368 0.000 0.000 0.76
2019-05-05_00:30:34 02917 11.584 163.600 1895.142 8.376 0.000 0.000 0.76
2019-05-05_00:30:35 02918 11.552 200.000 2310.400 8.360 0.400 3.344 0.76
2019-05-05_00:30:36 02919 11.584 154.400 1788.570 8.400 0.400 3.360 0.76
2019-05-05_00:30:37 02920 11.584 153.200 1774.669 8.408 0.000 0.000 0.75
2019-05-05_00:30:38 02921 11.584 169.200 1960.013 8.296 0.000 0.000 0.77
2019-05-05_00:30:39 02922 11.576 153.200 1773.443 8.544 0.000 0.000 0.76
2019-05-05_00:30:40 02923 11.576 156.000 1805.856 8.400 0.000 0.000 0.76
2019-05-05_00:30:41 02924 11.584 162.800 1885.875 8.424 0.000 0.000 0.75
2019-05-05_00:30:42 02925 11.592 154.400 1789.805 8.320 0.000 0.000 0.75
2019-05-05_00:30:43 02926 11.584 169.200 1960.013 8.320 0.000 0.000 0.75
2019-05-05_00:30:44 02927 11.592 153.200 1775.894 8.336 0.400 3.334 0.75
2019-05-05_00:30:45 02928 11.584 169.600 1964.646 8.344 0.400 3.338 0.75
2019-05-05_00:30:46 02929 11.584 153.600 1779.302 8.360 0.400 3.344 0.75