2019-05-04_23:53:41 00708 11.584 152.800 1770.035 8.384 0.400 3.354 0.76
2019-05-04_23:53:42 00709 11.584 152.800 1770.035 8.400 0.000 0.000 0.76
2019-05-04_23:53:43 00710 11.576 162.800 1884.573 8.408 0.000 0.000 0.75
2019-05-04_23:53:44 00711 11.600 163.600 1897.760 8.312 0.400 3.325 0.75
2019-05-04_23:53:45 00712 11.592 153.200 1775.894 8.320 0.000 0.000 0.75
2019-05-04_23:53:46 00713 11.592 153.200 1775.894 8.328 0.000 0.000 0.75
2019-05-04_23:53:47 00714 11.568 169.200 1957.306 8.328 0.000 0.000 0.75
2019-05-04_23:53:48 00715 11.592 153.200 1775.894 8.352 0.000 0.000 0.75
2019-05-04_23:53:49 00716 11.592 154.400 1789.805 8.360 0.400 3.344 0.75
2019-05-04_23:53:50 00717 11.584 152.800 1770.035 8.368 0.400 3.347 0.76
2019-05-04_23:53:51 00718 11.576 161.600 1870.682 8.384 0.400 3.354 0.76
2019-05-04_23:53:52 00719 11.560 178.800 2066.928 8.384 0.000 0.000 0.76
2019-05-04_23:53:53 00720 11.576 162.800 1884.573 8.400 0.000 0.000 0.76
2019-05-04_23:53:54 00721 11.584 153.200 1774.669 8.408 0.000 0.000 0.75
2019-05-04_23:53:55 00722 11.592 154.400 1789.805 8.312 0.000 0.000 0.75
2019-05-04_23:53:56 00723 11.592 164.800 1910.362 8.320 0.000 0.000 0.75
2019-05-04_23:53:57 00724 11.576 181.600 2102.202 8.320 0.000 0.000 0.75
2019-05-04_23:53:58 00725 11.592 164.400 1905.725 8.336 0.000 0.000 0.75
2019-05-04_23:53:59 00726 11.592 153.600 1780.531 8.344 0.400 3.338 0.75
2019-05-04_23:54:00 00727 11.576 156.400 1810.486 8.360 0.000 0.000 0.75
2019-05-04_23:54:01 00728 11.592 153.200 1775.894 8.376 0.400 3.350 0.76
2019-05-04_23:54:02 00729 11.576 175.600 2032.746 8.368 0.000 0.000 0.76
2019-05-04_23:54:03 00730 11.584 156.000 1807.104 8.392 0.400 3.357 0.76
2019-05-04_23:54:04 00731 11.576 167.600 1940.138 8.392 0.000 0.000 0.76
2019-05-04_23:54:05 00732 11.576 160.000 1852.160 8.408 0.400 3.363 0.75
2019-05-04_23:54:06 00733 11.584 164.000 1899.776 8.312 0.000 0.000 0.75
2019-05-04_23:54:07 00734 11.584 168.800 1955.379 8.312 0.400 3.325 0.75
2019-05-04_23:54:08 00735 11.592 153.600 1780.531 8.328 0.000 0.000 0.75
2019-05-04_23:54:09 00736 11.576 171.600 1986.442 8.328 0.000 0.000 0.75
2019-05-04_23:54:10 00737 11.584 160.800 1862.707 8.352 0.000 0.000 0.75
2019-05-04_23:54:11 00738 11.592 154.000 1785.168 8.360 0.400 3.344 0.75
2019-05-04_23:54:12 00739 11.576 173.200 2004.963 8.368 0.400 3.347 0.76
2019-05-04_23:54:13 00740 11.584 153.600 1779.302 8.376 0.400 3.350 0.76
2019-05-04_23:54:14 00741 11.576 170.000 1967.920 8.384 0.400 3.354 0.76
2019-05-04_23:54:15 00742 11.576 158.400 1833.638 8.400 0.000 0.000 0.76
2019-05-04_23:54:16 00743 11.584 153.200 1774.669 8.408 0.400 3.363 0.75
2019-05-04_23:54:17 00744 11.584 174.800 2024.883 8.304 0.000 0.000 0.75
2019-05-04_23:54:18 00745 11.592 154.800 1794.442 8.320 0.000 0.000 0.75
2019-05-04_23:54:19 00746 11.584 169.600 1964.646 8.320 0.000 0.000 0.75
2019-05-04_23:54:20 00747 11.592 164.000 1901.088 8.336 0.000 0.000 0.75
2019-05-04_23:54:21 00748 11.592 156.800 1817.626 8.352 0.000 0.000 0.75
2019-05-04_23:54:22 00749 11.584 160.000 1853.440 8.360 0.400 3.344 0.75
2019-05-04_23:54:23 00750 11.592 154.000 1785.168 8.368 0.000 0.000 0.76
2019-05-04_23:54:24 00751 11.576 171.600 1986.442 8.368 0.000 0.000 0.76
2019-05-04_23:54:25 00752 11.584 164.000 1899.776 8.392 0.000 0.000 0.76
2019-05-04_23:54:26 00753 11.576 154.400 1787.334 8.400 0.400 3.360 0.76
2019-05-04_23:54:27 00754 11.576 167.600 1940.138 8.408 0.400 3.363 0.75
2019-05-04_23:54:28 00755 11.592 156.800 1817.626 8.312 0.000 0.000 0.75
2019-05-04_23:54:29 00756 11.584 175.200 2029.517 8.312 0.000 0.000 0.75
2019-05-04_23:54:30 00757 11.584 167.600 1941.478 8.320 0.000 0.000 0.75
2019-05-04_23:54:31 00758 11.592 154.800 1794.442 8.336 0.000 0.000 0.75
2019-05-04_23:54:32 00759 11.568 172.000 1989.696 8.344 0.000 0.000 0.75
2019-05-04_23:54:33 00760 11.576 170.000 1967.920 8.352 0.400 3.341 0.75
2019-05-04_23:54:34 00761 11.576 166.800 1930.877 8.360 0.000 0.000 0.76
2019-05-04_23:54:35 00762 11.584 152.800 1770.035 8.376 0.400 3.350 0.76
2019-05-04_23:54:36 00763 11.576 169.600 1963.290 8.384 0.400 3.354 0.76
2019-05-04_23:54:37 00764 11.560 174.800 2020.688 8.392 0.000 0.000 0.76
2019-05-04_23:54:38 00765 11.584 163.600 1895.142 8.408 0.400 3.363 0.75
2019-05-04_23:54:39 00766 11.584 171.600 1987.814 8.304 0.000 0.000 0.75
2019-05-04_23:54:40 00767 11.600 152.800 1772.480 8.312 0.000 0.000 0.75
2019-05-04_23:54:41 00768 11.592 153.200 1775.894 8.328 0.000 0.000 0.75
2019-05-04_23:54:42 00769 11.584 160.800 1862.707 8.336 0.000 0.000 0.75
2019-05-04_23:54:43 00770 11.592 153.600 1780.531 8.344 0.000 0.000 0.75
2019-05-04_23:54:44 00771 11.592 154.000 1785.168 8.360 0.000 0.000 0.75
2019-05-04_23:54:45 00772 11.576 166.000 1921.616 8.376 0.400 3.350 0.76
2019-05-04_23:54:46 00773 11.592 153.200 1775.894 8.376 0.400 3.350 0.76
2019-05-04_23:54:47 00774 11.584 166.800 1932.211 8.392 0.000 0.000 0.76
2019-05-04_23:54:48 00775 11.584 153.200 1774.669 8.400 0.400 3.360 0.76
2019-05-04_23:54:49 00776 11.584 153.200 1774.669 8.408 0.400 3.363 0.75
2019-05-04_23:54:50 00777 11.592 152.800 1771.258 8.312 0.000 0.000 0.75
2019-05-04_23:54:51 00778 11.600 152.800 1772.480 8.320 0.000 0.000 0.75
2019-05-04_23:54:52 00779 11.576 178.800 2069.789 8.320 0.000 0.000 0.75
2019-05-04_23:54:53 00780 11.584 156.800 1816.371 8.336 0.000 0.000 0.75
2019-05-04_23:54:54 00781 11.584 169.200 1960.013 8.344 0.000 0.000 0.75
2019-05-04_23:54:55 00782 11.592 153.600 1780.531 8.360 0.400 3.344 0.75
2019-05-04_23:54:56 00783 11.584 152.800 1770.035 8.368 0.000 0.000 0.76
2019-05-04_23:54:57 00784 11.560 174.000 2011.440 8.376 0.000 0.000 0.76
2019-05-04_23:54:58 00785 11.576 162.800 1884.573 8.392 0.000 0.000 0.76
2019-05-04_23:54:59 00786 11.584 152.800 1770.035 8.400 0.400 3.360 0.76
2019-05-04_23:55:00 00787 11.576 162.000 1875.312 8.408 0.000 0.000 0.75
2019-05-04_23:55:01 00788 11.600 152.800 1772.480 8.312 0.000 0.000 0.75
2019-05-04_23:55:02 00789 11.584 168.800 1955.379 8.312 0.000 0.000 0.75
2019-05-04_23:55:03 00790 11.592 153.200 1775.894 8.328 0.400 3.331 0.75
2019-05-04_23:55:04 00791 11.584 154.000 1783.936 8.336 0.000 0.000 0.75
2019-05-04_23:55:05 00792 11.584 157.200 1821.005 8.352 0.000 0.000 0.75
2019-05-04_23:55:06 00793 11.584 154.400 1788.570 8.360 0.400 3.344 0.75
2019-05-04_23:55:07 00794 11.592 152.800 1771.258 8.368 0.400 3.347 0.76
2019-05-04_23:55:08 00795 11.584 153.600 1779.302 8.384 0.000 0.000 0.76
2019-05-04_23:55:09 00796 11.584 153.200 1774.669 8.392 0.000 0.000 0.76
2019-05-04_23:55:10 00797 11.576 161.200 1866.051 8.400 0.400 3.360 0.76
2019-05-04_23:55:11 00798 11.584 164.400 1904.410 8.408 0.000 0.000 0.75
2019-05-04_23:55:12 00799 11.576 170.000 1967.920 8.304 0.000 0.000 0.75
2019-05-04_23:55:13 00800 11.592 152.800 1771.258 8.320 0.400 3.328 0.75
2019-05-04_23:55:14 00801 11.584 181.600 2103.654 8.320 0.000 0.000 0.75
2019-05-04_23:55:15 00802 11.584 154.000 1783.936 8.336 0.400 3.334 0.75
2019-05-04_23:55:16 00803 11.592 152.800 1771.258 8.352 0.000 0.000 0.75
2019-05-04_23:55:17 00804 11.576 169.600 1963.290 8.352 0.400 3.341 0.75
2019-05-04_23:55:18 00805 11.584 154.400 1788.570 8.368 0.400 3.347 0.76
2019-05-04_23:55:19 00806 11.576 168.800 1954.029 8.376 0.400 3.350 0.76
2019-05-04_23:55:20 00807 11.584 153.600 1779.302 8.392 0.000 0.000 0.76
2019-05-04_23:55:21 00808 11.576 163.600 1893.834 8.400 0.400 3.360 0.76