2019-05-04_01:41:53 00106 16.800 160.400 2694.720 8.424 0.000 0.000 0.51
2019-05-04_01:41:54 00107 16.800 162.400 2728.320 8.248 0.000 0.000 0.53
2019-05-04_01:41:55 00108 16.784 163.200 2739.149 8.584 0.400 3.434 0.52
2019-05-04_01:41:56 00109 16.808 161.600 2716.173 8.424 0.400 3.370 0.51
2019-05-04_01:41:57 00110 16.800 162.400 2728.320 8.248 0.000 0.000 0.53
2019-05-04_01:41:58 00111 16.784 162.000 2719.008 8.584 0.400 3.434 0.52
2019-05-04_01:41:59 00112 16.800 163.200 2741.760 8.424 0.000 0.000 0.51
2019-05-04_01:42:00 00113 16.800 162.000 2721.600 8.248 0.000 0.000 0.53
2019-05-04_01:42:01 00114 16.792 162.400 2727.021 8.576 0.400 3.430 0.52
2019-05-04_01:42:02 00115 16.792 176.000 2955.392 8.144 -31.600 -257.350 0.54
2019-05-04_01:42:03 00116 16.752 219.200 3672.038 8.200 -116.000 -951.200 0.56
2019-05-04_01:42:04 00117 16.664 320.000 5332.480 8.328 -308.400 -2568.355 0.56
2019-05-04_01:42:05 00118 16.664 326.000 5432.464 8.336 -313.600 -2614.170 0.56
2019-05-04_01:42:06 00119 16.648 330.800 5507.158 8.344 -314.800 -2626.691 0.56
2019-05-04_01:42:07 00120 16.640 336.400 5597.696 8.344 -329.200 -2746.845 0.57
2019-05-04_01:42:08 00121 16.640 344.400 5730.816 8.352 -328.000 -2739.456 0.57
2019-05-04_01:42:09 00122 16.624 350.800 5831.699 8.360 -345.600 -2889.216 0.57
2019-05-04_01:42:10 00123 16.624 355.200 5904.845 8.360 -347.600 -2905.936 0.57
2019-05-04_01:42:11 00124 16.608 364.400 6051.955 8.376 -378.800 -3172.829 0.57
2019-05-04_01:42:12 00125 16.600 371.600 6168.560 8.376 -385.600 -3229.786 0.57
2019-05-04_01:42:13 00126 16.592 376.400 6245.229 8.384 -402.400 -3373.722 0.57