2019-05-07_01:07:14 10020 1.040 -5.200 -5.408 7.904 150.000 1185.600 0.00
2019-05-07_01:07:24 10030 1.040 -5.200 -5.408 7.896 149.600 1181.242 0.00
2019-05-07_01:07:34 10040 1.040 -5.200 -5.408 7.904 151.200 1195.085 0.00
2019-05-07_01:07:44 10050 1.040 -5.200 -5.408 7.904 147.200 1163.469 0.00
2019-05-07_01:07:54 10060 1.040 -5.200 -5.408 7.896 145.200 1146.499 0.00
2019-05-07_01:08:04 10070 1.040 -5.200 -5.408 7.904 151.200 1195.085 0.00
2019-05-07_01:08:14 10080 1.040 -5.200 -5.408 7.904 147.200 1163.469 0.00
2019-05-07_01:08:24 10090 1.040 -5.200 -5.408 7.904 144.800 1144.499 0.00
2019-05-07_01:08:34 10100 1.040 -5.200 -5.408 7.896 151.200 1193.875 0.00
2019-05-07_01:08:44 10110 1.040 -5.200 -5.408 7.896 150.000 1184.400 0.00
2019-05-07_01:08:54 10120 1.040 -5.200 -5.408 7.896 150.400 1187.558 0.00
2019-05-07_01:09:04 10130 1.040 -5.200 -5.408 7.864 191.200 1503.597 0.00
2019-05-07_01:09:14 10140 1.040 -5.200 -5.408 7.904 148.000 1169.792 0.00
2019-05-07_01:09:24 10150 1.040 -5.200 -5.408 7.904 145.600 1150.822 0.00
2019-05-07_01:09:34 10160 1.040 -5.200 -5.408 7.864 185.600 1459.558 0.00
2019-05-07_01:09:44 10170 1.040 -5.200 -5.408 7.896 150.400 1187.558 0.00
2019-05-07_01:09:54 10180 1.040 -5.200 -5.408 7.888 146.400 1154.803 0.00
2019-05-07_01:10:04 10190 1.040 -5.200 -5.408 7.856 188.000 1476.928 0.00
2019-05-07_01:10:14 10200 1.040 -5.200 -5.408 7.896 150.400 1187.558 0.00
2019-05-07_01:10:24 10210 1.040 -5.200 -5.408 7.896 150.400 1187.558 0.00
2019-05-07_01:10:34 10220 1.040 -5.200 -5.408 7.864 196.800 1547.635 0.00
2019-05-07_01:10:44 10230 1.040 -5.200 -5.408 7.896 146.800 1159.133 0.00
2019-05-07_01:10:54 10240 1.040 -5.200 -5.408 7.896 147.600 1165.450 0.00
2019-05-07_01:11:04 10250 1.040 -5.200 -5.408 7.864 192.400 1513.034 0.00
2019-05-07_01:11:14 10260 1.040 -5.200 -5.408 7.896 147.200 1162.291 0.00
2019-05-07_01:11:24 10270 1.040 -5.200 -5.408 7.896 146.800 1159.133 0.00
2019-05-07_01:11:34 10280 1.040 -5.200 -5.408 7.848 195.200 1531.930 0.00
2019-05-07_01:11:44 10290 1.040 -5.200 -5.408 7.864 191.200 1503.597 0.00
2019-05-07_01:11:54 10300 1.040 -5.200 -5.408 7.896 150.800 1190.717 0.00
2019-05-07_01:12:04 10310 1.040 -5.200 -5.408 7.896 146.400 1155.974 0.00
2019-05-07_01:12:14 10320 1.040 -5.200 -5.408 7.896 145.200 1146.499 0.00
2019-05-07_01:12:24 10330 1.040 -5.200 -5.408 7.896 147.600 1165.450 0.00
2019-05-07_01:12:34 10340 1.040 -5.200 -5.408 7.896 147.200 1162.291 0.00
2019-05-07_01:12:45 10350 1.040 -5.200 -5.408 7.896 145.200 1146.499 0.00
2019-05-07_01:12:55 10360 1.040 -5.200 -5.408 7.896 147.600 1165.450 0.00
2019-05-07_01:13:05 10370 1.040 -5.200 -5.408 7.896 150.000 1184.400 0.00
2019-05-07_01:13:15 10380 1.040 -5.200 -5.408 7.856 193.600 1520.922 0.00
2019-05-07_01:13:25 10390 1.040 -5.200 -5.408 7.888 150.800 1189.510 0.00
2019-05-07_01:13:35 10400 1.040 -5.200 -5.408 7.880 152.400 1200.912 0.00
2019-05-07_01:13:45 10410 1.040 -5.200 -5.408 7.896 146.800 1159.133 0.00
2019-05-07_01:13:55 10420 1.040 -5.200 -5.408 7.864 185.600 1459.558 0.00
2019-05-07_01:14:05 10430 1.040 -5.200 -5.408 7.896 146.400 1155.974 0.00
2019-05-07_01:14:15 10440 1.040 -5.200 -5.408 7.888 150.800 1189.510 0.00
2019-05-07_01:14:25 10450 1.040 -5.200 -5.408 7.856 190.000 1492.640 0.00
2019-05-07_01:14:35 10460 1.040 -5.200 -5.408 7.888 150.400 1186.355 0.00
2019-05-07_01:14:45 10470 1.040 -5.200 -5.408 7.880 149.600 1178.848 0.00
2019-05-07_01:14:55 10480 1.040 -5.200 -5.408 7.856 158.800 1247.533 0.00
2019-05-07_01:15:05 10490 1.040 -5.200 -5.408 7.888 150.400 1186.355 0.00
2019-05-07_01:15:15 10500 1.040 -5.200 -5.408 7.888 147.200 1161.114 0.00
2019-05-07_01:15:25 10510 1.040 -5.200 -5.408 7.888 146.800 1157.958 0.00
2019-05-07_01:15:35 10520 1.040 -5.200 -5.408 7.888 168.000 1325.184 0.00
2019-05-07_01:15:45 10530 1.040 -5.200 -5.408 7.888 148.800 1173.734 0.00
2019-05-07_01:15:55 10540 1.040 -5.200 -5.408 7.888 149.600 1180.045 0.00
2019-05-07_01:16:05 10550 1.040 -5.200 -5.408 7.888 150.000 1183.200 0.00
2019-05-07_01:16:15 10560 1.040 -5.200 -5.408 7.888 178.000 1404.064 0.00
2019-05-07_01:16:25 10570 1.040 -5.200 -5.408 7.888 150.000 1183.200 0.00
2019-05-07_01:16:35 10580 1.040 -5.200 -5.408 7.888 150.400 1186.355 0.00
2019-05-07_01:16:45 10590 1.040 -5.200 -5.408 7.888 148.400 1170.579 0.00
2019-05-07_01:16:55 10600 1.040 -5.200 -5.408 7.888 150.000 1183.200 0.00
2019-05-07_01:17:05 10610 1.040 -5.200 -5.408 7.856 186.800 1467.501 0.00
2019-05-07_01:17:15 10620 1.040 -5.200 -5.408 7.888 152.400 1202.131 0.00
2019-05-07_01:17:25 10630 1.040 -5.200 -5.408 7.880 150.000 1182.000 0.00
2019-05-07_01:17:35 10640 1.040 -5.200 -5.408 7.872 192.800 1517.722 0.00
2019-05-07_01:17:45 10650 1.040 -5.200 -5.408 7.864 174.800 1374.627 0.00
2019-05-07_01:17:55 10660 1.040 -5.200 -5.408 7.888 148.400 1170.579 0.00
2019-05-07_01:18:05 10670 1.040 -5.200 -5.408 7.880 150.400 1185.152 0.00
2019-05-07_01:18:15 10680 1.040 -5.200 -5.408 7.872 189.600 1492.531 0.00
2019-05-07_01:18:25 10690 1.040 -5.200 -5.408 7.888 145.600 1148.493 0.00
2019-05-07_01:18:35 10700 1.040 -5.200 -5.408 7.848 184.800 1450.310 0.00
2019-05-07_01:18:45 10710 1.040 -5.200 -5.408 7.888 146.800 1157.958 0.00
2019-05-07_01:18:55 10720 1.040 -5.200 -5.408 7.864 187.600 1475.286 0.00
2019-05-07_01:19:05 10730 1.040 -5.200 -5.408 7.880 147.600 1163.088 0.00
2019-05-07_01:19:15 10740 1.040 -5.200 -5.408 7.880 150.800 1188.304 0.00
2019-05-07_01:19:25 10750 1.040 -5.200 -5.408 7.880 148.400 1169.392 0.00
2019-05-07_01:19:35 10760 1.040 -5.200 -5.408 7.880 152.800 1204.064 0.00
2019-05-07_01:19:45 10770 1.040 -5.200 -5.408 7.840 186.400 1461.376 0.00
2019-05-07_01:19:55 10780 1.040 -5.200 -5.408 7.880 148.400 1169.392 0.00
2019-05-07_01:20:05 10790 1.040 -5.200 -5.408 7.872 147.600 1161.907 0.00
2019-05-07_01:20:15 10800 1.040 -5.200 -5.408 7.856 149.600 1175.258 0.00
2019-05-07_01:20:25 10810 1.040 -5.200 -5.408 7.872 150.800 1187.098 0.00
2019-05-07_01:20:35 10820 1.040 -5.200 -5.408 7.880 146.800 1156.784 0.00
2019-05-07_01:20:45 10830 1.040 -5.200 -5.408 7.880 149.600 1178.848 0.00
2019-05-07_01:20:55 10840 1.040 -5.200 -5.408 7.848 189.200 1484.842 0.00
2019-05-07_01:21:05 10850 1.040 -5.200 -5.408 7.880 147.200 1159.936 0.00
2019-05-07_01:21:15 10860 1.040 -5.200 -5.408 7.880 147.600 1163.088 0.00
2019-05-07_01:21:25 10870 1.040 -5.200 -5.408 7.880 147.200 1159.936 0.00
2019-05-07_01:21:35 10880 1.040 -5.200 -5.408 7.872 148.000 1165.056 0.00
2019-05-07_01:21:45 10890 1.040 -5.200 -5.408 7.880 148.000 1166.240 0.00
2019-05-07_01:21:55 10900 1.040 -5.200 -5.408 7.872 149.200 1174.502 0.00
2019-05-07_01:22:05 10910 1.040 -5.200 -5.408 7.880 150.400 1185.152 0.00
2019-05-07_01:22:15 10920 1.040 -5.200 -5.408 7.872 151.200 1190.246 0.00