2019-05-05_21:34:17 00203 2.240 -0.800 -1.792 7.968 194.400 1548.979 0.00
2019-05-05_21:34:18 00204 2.240 -0.800 -1.792 7.968 194.800 1552.166 0.00
2019-05-05_21:34:19 00205 2.240 -0.800 -1.792 7.960 204.400 1627.024 0.00
2019-05-05_21:34:20 00206 2.240 -0.800 -1.792 7.968 194.400 1548.979 0.00
2019-05-05_21:34:21 00207 2.240 -0.800 -1.792 7.968 198.400 1580.851 0.00
2019-05-05_21:34:22 00208 2.240 -0.800 -1.792 7.968 195.600 1558.541 0.00
2019-05-05_21:34:23 00209 2.240 -0.800 -1.792 7.968 196.400 1564.915 0.00
2019-05-05_21:34:24 00210 2.240 -0.800 -1.792 7.968 194.400 1548.979 0.00
2019-05-05_21:34:25 00211 2.240 -0.800 -1.792 7.968 194.400 1548.979 0.00
2019-05-05_21:34:26 00212 2.240 -0.800 -1.792 7.968 195.200 1555.354 0.00
2019-05-05_21:34:27 00213 2.240 -0.800 -1.792 7.952 218.800 1739.898 0.00
2019-05-05_21:34:28 00214 2.240 -0.800 -1.792 7.968 194.400 1548.979 0.00
2019-05-05_21:34:29 00215 2.240 -0.800 -1.792 7.968 195.200 1555.354 0.00
2019-05-05_21:34:30 00216 2.240 -0.800 -1.792 7.960 194.000 1544.240 0.00
2019-05-05_21:34:31 00217 2.240 -0.800 -1.792 7.960 194.800 1550.608 0.00
2019-05-05_21:34:32 00218 2.240 -0.800 -1.792 7.968 194.400 1548.979 0.00
2019-05-05_21:34:33 00219 2.240 -0.800 -1.792 7.968 194.800 1552.166 0.00
2019-05-05_21:34:34 00220 2.240 -0.800 -1.792 7.976 192.400 1534.582 0.00
2019-05-05_21:34:35 00221 2.240 -0.800 -1.792 7.960 191.600 1525.136 0.00
2019-05-05_21:34:36 00222 2.240 -0.800 -1.792 7.968 211.600 1686.029 0.00
2019-05-05_21:34:37 00223 2.240 -0.800 -1.792 7.976 194.800 1553.725 0.00
2019-05-05_21:34:38 00224 2.240 -0.800 -1.792 7.976 192.800 1537.773 0.00
2019-05-05_21:34:39 00225 2.240 -0.800 -1.792 7.976 192.000 1531.392 0.00
2019-05-05_21:34:40 00226 2.240 -0.800 -1.792 7.968 196.400 1564.915 0.00
2019-05-05_21:34:41 00227 2.240 -0.800 -1.792 7.976 195.200 1556.915 0.00
2019-05-05_21:34:42 00228 2.240 -0.800 -1.792 7.952 215.200 1711.270 0.00
2019-05-05_21:34:43 00229 2.240 -0.800 -1.792 7.968 192.400 1533.043 0.00
2019-05-05_21:34:44 00230 2.240 -0.800 -1.792 7.952 194.800 1549.050 0.00
2019-05-05_21:34:45 00231 2.240 -0.800 -1.792 7.968 193.600 1542.605 0.00
2019-05-05_21:34:46 00232 2.240 -0.800 -1.792 7.976 192.800 1537.773 0.00
2019-05-05_21:34:47 00233 2.240 -0.800 -1.792 7.968 193.200 1539.418 0.00
2019-05-05_21:34:48 00234 2.240 -0.800 -1.792 7.968 208.400 1660.531 0.00
2019-05-05_21:34:49 00235 2.240 -0.800 -1.792 7.976 192.400 1534.582 0.00
2019-05-05_21:34:50 00236 2.240 -0.800 -1.792 7.968 191.600 1526.669 0.00
2019-05-05_21:34:51 00237 2.240 -0.800 -1.792 7.968 194.000 1545.792 0.00
2019-05-05_21:34:52 00238 2.240 -0.800 -1.792 7.952 194.400 1545.869 0.00
2019-05-05_21:34:53 00239 2.240 -0.800 -1.792 7.968 191.600 1526.669 0.00
2019-05-05_21:34:54 00240 2.240 -0.800 -1.792 7.968 192.000 1529.856 0.00
2019-05-05_21:34:55 00241 2.240 -0.800 -1.792 7.968 194.400 1548.979 0.00
2019-05-05_21:34:56 00242 2.240 -0.800 -1.792 7.968 194.400 1548.979 0.00
2019-05-05_21:34:57 00243 2.240 -0.800 -1.792 7.976 192.800 1537.773 0.00
2019-05-05_21:34:58 00244 2.240 -0.800 -1.792 7.968 192.000 1529.856 0.00
2019-05-05_21:34:59 00245 2.240 -0.800 -1.792 7.968 194.400 1548.979 0.00
2019-05-05_21:35:00 00246 2.240 -0.800 -1.792 7.968 194.400 1548.979 0.00
2019-05-05_21:35:01 00247 2.240 -0.800 -1.792 7.952 194.400 1545.869 0.00
2019-05-05_21:35:02 00248 2.240 -0.800 -1.792 7.968 193.600 1542.605 0.00
2019-05-05_21:35:03 00249 2.240 -0.800 -1.792 7.968 194.400 1548.979 0.00
2019-05-05_21:35:04 00250 2.240 -0.800 -1.792 7.968 194.800 1552.166 0.00
2019-05-05_21:35:05 00251 2.240 -0.800 -1.792 7.960 194.000 1544.240 0.00
2019-05-05_21:35:06 00252 2.240 -0.800 -1.792 7.968 194.400 1548.979 0.00
2019-05-05_21:35:07 00253 2.240 -0.800 -1.792 7.968 194.800 1552.166 0.00
2019-05-05_21:35:08 00254 2.240 -0.800 -1.792 7.968 194.000 1545.792 0.00
2019-05-05_21:35:09 00255 2.240 -0.800 -1.792 7.968 194.800 1552.166 0.00
2019-05-05_21:35:10 00256 2.240 -0.800 -1.792 7.952 195.200 1552.230 0.00
2019-05-05_21:35:11 00257 2.240 -0.800 -1.792 7.968 194.800 1552.166 0.00
2019-05-05_21:35:12 00258 2.240 -0.800 -1.792 7.968 194.800 1552.166 0.00
2019-05-05_21:35:13 00259 2.240 -0.800 -1.792 7.968 194.800 1552.166 0.00
2019-05-05_21:35:14 00260 2.240 -0.800 -1.792 7.968 194.800 1552.166 0.00
2019-05-05_21:35:15 00261 2.240 -0.800 -1.792 7.952 196.000 1558.592 0.00
2019-05-05_21:35:16 00262 2.240 -0.800 -1.792 7.968 194.400 1548.979 0.00
2019-05-05_21:35:17 00263 2.240 -0.800 -1.792 7.968 194.800 1552.166 0.00
2019-05-05_21:35:18 00264 2.240 -0.800 -1.792 7.968 195.600 1558.541 0.00
2019-05-05_21:35:19 00265 2.240 -0.800 -1.792 7.968 194.400 1548.979 0.00
2019-05-05_21:35:20 00266 2.240 -0.800 -1.792 7.960 194.800 1550.608 0.00
2019-05-05_21:35:21 00267 2.240 -0.800 -1.792 7.968 194.400 1548.979 0.00
2019-05-05_21:35:22 00268 2.240 -0.400 -0.896 7.968 194.400 1548.979 0.00
2019-05-05_21:35:23 00269 2.240 -0.800 -1.792 7.968 196.400 1564.915 0.00
2019-05-05_21:35:24 00270 2.240 -0.800 -1.792 7.968 195.200 1555.354 0.00
2019-05-05_21:35:25 00271 2.240 -0.800 -1.792 7.968 192.000 1529.856 0.00
2019-05-05_21:35:26 00272 2.240 -0.800 -1.792 7.968 206.800 1647.782 0.00
2019-05-05_21:35:27 00273 2.240 -0.800 -1.792 7.952 218.800 1739.898 0.00
2019-05-05_21:35:28 00274 2.240 -0.800 -1.792 7.968 194.400 1548.979 0.00
2019-05-05_21:35:29 00275 2.240 -0.800 -1.792 7.968 192.000 1529.856 0.00
2019-05-05_21:35:30 00276 2.240 -0.800 -1.792 7.968 191.600 1526.669 0.00
2019-05-05_21:35:31 00277 2.240 -0.800 -1.792 7.960 194.800 1550.608 0.00
2019-05-05_21:35:32 00278 2.240 -0.800 -1.792 7.968 192.800 1536.230 0.00
2019-05-05_21:35:33 00279 2.240 -0.800 -1.792 7.968 192.000 1529.856 0.00
2019-05-05_21:35:34 00280 2.240 -0.800 -1.792 7.968 193.200 1539.418 0.00
2019-05-05_21:35:35 00281 2.240 -0.800 -1.792 7.968 196.400 1564.915 0.00
2019-05-05_21:35:36 00282 2.240 -0.800 -1.792 7.968 194.400 1548.979 0.00
2019-05-05_21:35:37 00283 2.240 -0.800 -1.792 7.952 194.400 1545.869 0.00
2019-05-05_21:35:38 00284 2.240 -0.800 -1.792 7.968 196.400 1564.915 0.00
2019-05-05_21:35:39 00285 2.240 -0.800 -1.792 7.968 194.400 1548.979 0.00
2019-05-05_21:35:40 00286 2.240 -0.800 -1.792 7.968 194.000 1545.792 0.00
2019-05-05_21:35:41 00287 2.240 -0.800 -1.792 7.960 194.400 1547.424 0.00
2019-05-05_21:35:42 00288 2.240 -0.800 -1.792 7.968 194.800 1552.166 0.00
2019-05-05_21:35:43 00289 2.240 -0.800 -1.792 7.952 219.200 1743.078 0.00
2019-05-05_21:35:44 00290 2.240 -0.800 -1.792 7.968 194.800 1552.166 0.00
2019-05-05_21:35:45 00291 2.240 -0.800 -1.792 7.968 210.400 1676.467 0.00
2019-05-05_21:35:46 00292 2.240 -0.800 -1.792 7.968 195.600 1558.541 0.00
2019-05-05_21:35:47 00293 2.240 -0.800 -1.792 7.968 194.800 1552.166 0.00
2019-05-05_21:35:48 00294 2.240 -0.800 -1.792 7.968 193.600 1542.605 0.00
2019-05-05_21:35:49 00295 2.240 -0.800 -1.792 7.960 194.000 1544.240 0.00
2019-05-05_21:35:50 00296 2.240 -0.800 -1.792 7.968 194.800 1552.166 0.00
2019-05-05_21:35:51 00297 2.240 -0.800 -1.792 7.968 194.800 1552.166 0.00
2019-05-05_21:35:52 00298 2.240 -0.800 -1.792 7.968 194.800 1552.166 0.00
2019-05-05_21:35:53 00299 2.240 -0.800 -1.792 7.968 194.800 1552.166 0.00
2019-05-05_21:35:54 00300 2.240 -0.800 -1.792 7.960 194.400 1547.424 0.00
2019-05-05_21:35:55 00301 2.240 -0.800 -1.792 7.968 203.200 1619.098 0.00
2019-05-05_21:35:56 00302 2.240 -0.400 -0.896 7.968 194.400 1548.979 0.00
2019-05-05_21:35:57 00303 2.240 -0.800 -1.792 7.968 194.400 1548.979 0.00