2019-05-05_00:15:36 02021 11.584 162.000 1876.608 8.408 0.400 3.363 0.75
2019-05-05_00:15:37 02022 11.584 168.800 1955.379 8.304 0.000 0.000 0.75
2019-05-05_00:15:38 02023 11.592 152.400 1766.621 8.320 0.000 0.000 0.75
2019-05-05_00:15:39 02024 11.592 162.800 1887.178 8.328 0.000 0.000 0.75
2019-05-05_00:15:40 02025 11.592 152.400 1766.621 8.336 0.400 3.334 0.75
2019-05-05_00:15:41 02026 11.592 162.000 1877.904 8.352 0.400 3.341 0.75
2019-05-05_00:15:42 02027 11.592 152.800 1771.258 8.360 0.400 3.344 0.75
2019-05-05_00:15:43 02028 11.592 153.200 1775.894 8.368 0.000 0.000 0.76
2019-05-05_00:15:44 02029 11.584 155.600 1802.470 8.376 0.400 3.350 0.76
2019-05-05_00:15:45 02030 11.576 157.200 1819.747 8.392 0.400 3.357 0.76
2019-05-05_00:15:46 02031 11.584 152.800 1770.035 8.400 0.000 0.000 0.76
2019-05-05_00:15:47 02032 11.576 168.400 1949.398 8.400 0.400 3.360 0.76
2019-05-05_00:15:48 02033 11.584 152.400 1765.402 8.424 0.000 0.000 0.75
2019-05-05_00:15:49 02034 11.584 158.000 1830.272 8.320 0.400 3.328 0.75
2019-05-05_00:15:50 02035 11.592 152.800 1771.258 8.328 0.000 0.000 0.75
2019-05-05_00:15:51 02036 11.592 152.800 1771.258 8.336 0.000 0.000 0.75
2019-05-05_00:15:52 02037 11.568 168.800 1952.678 8.344 0.400 3.338 0.75
2019-05-05_00:15:53 02038 11.584 161.600 1871.974 8.360 0.400 3.344 0.75
2019-05-05_00:15:54 02039 11.592 153.600 1780.531 8.368 0.400 3.347 0.76
2019-05-05_00:15:55 02040 11.584 154.800 1793.203 8.376 0.000 0.000 0.76
2019-05-05_00:15:56 02041 11.576 159.600 1847.530 8.392 0.000 0.000 0.76
2019-05-05_00:15:57 02042 11.576 168.800 1954.029 8.392 0.000 0.000 0.76
2019-05-05_00:15:58 02043 11.584 152.400 1765.402 8.408 0.400 3.363 0.75
2019-05-05_00:15:59 02044 11.584 160.400 1858.074 8.312 0.000 0.000 0.75
2019-05-05_00:16:00 02045 11.600 162.400 1883.840 8.320 0.000 0.000 0.75
2019-05-05_00:16:01 02046 11.584 153.600 1779.302 8.328 0.400 3.331 0.75
2019-05-05_00:16:02 02047 11.592 162.000 1877.904 8.336 0.000 0.000 0.75
2019-05-05_00:16:03 02048 11.592 152.800 1771.258 8.352 0.400 3.341 0.75
2019-05-05_00:16:04 02049 11.584 152.800 1770.035 8.360 0.400 3.344 0.75
2019-05-05_00:16:05 02050 11.592 162.400 1882.541 8.368 0.400 3.347 0.76
2019-05-05_00:16:06 02051 11.592 152.800 1771.258 8.376 0.400 3.350 0.76
2019-05-05_00:16:07 02052 11.576 168.800 1954.029 8.384 0.400 3.354 0.76
2019-05-05_00:16:08 02053 11.576 154.400 1787.334 8.400 0.400 3.360 0.76
2019-05-05_00:16:09 02054 11.576 161.200 1866.051 8.408 0.400 3.363 0.75
2019-05-05_00:16:10 02055 11.600 152.400 1767.840 8.304 0.000 0.000 0.75
2019-05-05_00:16:11 02056 11.592 152.800 1771.258 8.320 0.000 0.000 0.75
2019-05-05_00:16:12 02057 11.584 168.800 1955.379 8.320 0.000 0.000 0.75
2019-05-05_00:16:13 02058 11.592 152.800 1771.258 8.336 0.000 0.000 0.75
2019-05-05_00:16:14 02059 11.584 154.400 1788.570 8.352 0.400 3.341 0.75
2019-05-05_00:16:15 02060 11.584 161.200 1867.341 8.360 0.400 3.344 0.75
2019-05-05_00:16:16 02061 11.592 152.400 1766.621 8.368 0.400 3.347 0.76
2019-05-05_00:16:17 02062 11.576 168.800 1954.029 8.368 0.000 0.000 0.76
2019-05-05_00:16:18 02063 11.584 152.400 1765.402 8.392 0.400 3.357 0.76
2019-05-05_00:16:19 02064 11.584 152.400 1765.402 8.400 0.000 0.000 0.76
2019-05-05_00:16:20 02065 11.576 158.000 1829.008 8.416 0.400 3.366 0.75
2019-05-05_00:16:21 02066 11.600 162.400 1883.840 8.312 0.000 0.000 0.75
2019-05-05_00:16:22 02067 11.584 168.400 1950.746 8.312 0.000 0.000 0.75
2019-05-05_00:16:23 02068 11.592 152.800 1771.258 8.328 0.400 3.331 0.75
2019-05-05_00:16:24 02069 11.584 156.400 1811.738 8.336 0.400 3.334 0.75
2019-05-05_00:16:25 02070 11.592 152.800 1771.258 8.352 0.000 0.000 0.75
2019-05-05_00:16:26 02071 11.592 152.800 1771.258 8.360 0.400 3.344 0.75
2019-05-05_00:16:27 02072 11.576 168.400 1949.398 8.360 0.000 0.000 0.76
2019-05-05_00:16:28 02073 11.584 156.800 1816.371 8.384 0.400 3.354 0.76
2019-05-05_00:16:29 02074 11.576 168.400 1949.398 8.384 0.400 3.354 0.76
2019-05-05_00:16:30 02075 11.584 153.200 1774.669 8.400 0.400 3.360 0.76
2019-05-05_00:16:31 02076 11.584 152.800 1770.035 8.408 0.000 0.000 0.75
2019-05-05_00:16:32 02077 11.584 169.200 1960.013 8.296 0.000 0.000 0.77
2019-05-05_00:16:33 02078 11.576 153.200 1773.443 8.544 0.000 0.000 0.76
2019-05-05_00:16:34 02079 11.576 156.400 1810.486 8.408 0.400 3.363 0.75
2019-05-05_00:16:35 02080 11.592 161.200 1868.630 8.312 0.000 0.000 0.75
2019-05-05_00:16:36 02081 11.600 153.200 1777.120 8.320 0.400 3.328 0.75
2019-05-05_00:16:37 02082 11.584 169.200 1960.013 8.320 0.400 3.328 0.75
2019-05-05_00:16:38 02083 11.592 152.800 1771.258 8.336 0.000 0.000 0.75
2019-05-05_00:16:39 02084 11.584 158.000 1830.272 8.352 0.000 0.000 0.75
2019-05-05_00:16:40 02085 11.584 161.200 1867.341 8.360 0.000 0.000 0.75
2019-05-05_00:16:41 02086 11.592 152.800 1771.258 8.368 0.400 3.347 0.76
2019-05-05_00:16:42 02087 11.576 168.400 1949.398 8.376 0.000 0.000 0.76
2019-05-05_00:16:43 02088 11.584 162.800 1885.875 8.392 0.400 3.357 0.76
2019-05-05_00:16:44 02089 11.584 152.800 1770.035 8.400 0.000 0.000 0.76
2019-05-05_00:16:45 02090 11.584 152.400 1765.402 8.408 0.000 0.000 0.75
2019-05-05_00:16:46 02091 11.592 153.600 1780.531 8.312 0.000 0.000 0.75
2019-05-05_00:16:47 02092 11.584 168.400 1950.746 8.312 0.000 0.000 0.75
2019-05-05_00:16:48 02093 11.592 163.200 1891.814 8.328 0.000 0.000 0.75
2019-05-05_00:16:49 02094 11.592 156.000 1808.352 8.336 0.400 3.334 0.75
2019-05-05_00:16:50 02095 11.584 163.200 1890.509 8.352 0.400 3.341 0.75
2019-05-05_00:16:51 02096 11.592 152.800 1771.258 8.360 0.400 3.344 0.75
2019-05-05_00:16:52 02097 11.576 168.400 1949.398 8.360 0.400 3.344 0.76
2019-05-05_00:16:53 02098 11.592 153.600 1780.531 8.384 0.000 0.000 0.76
2019-05-05_00:16:54 02099 11.592 152.400 1766.621 8.392 0.400 3.357 0.76
2019-05-05_00:16:55 02100 11.584 152.400 1765.402 8.400 0.000 0.000 0.76
2019-05-05_00:16:56 02101 11.576 158.000 1829.008 8.408 0.400 3.363 0.75
2019-05-05_00:16:57 02102 11.584 162.400 1881.242 8.312 0.000 0.000 0.75
2019-05-05_00:16:58 02103 11.584 161.200 1867.341 8.320 0.000 0.000 0.75
2019-05-05_00:16:59 02104 11.592 152.800 1771.258 8.328 0.400 3.331 0.75
2019-05-05_00:17:00 02105 11.592 152.400 1766.621 8.336 0.400 3.334 0.75
2019-05-05_00:17:01 02106 11.592 152.800 1771.258 8.352 0.400 3.341 0.75
2019-05-05_00:17:02 02107 11.584 152.400 1765.402 8.360 0.400 3.344 0.75
2019-05-05_00:17:03 02108 11.584 155.600 1802.470 8.368 0.000 0.000 0.76
2019-05-05_00:17:04 02109 11.576 161.200 1866.051 8.376 0.400 3.350 0.76
2019-05-05_00:17:05 02110 11.584 152.800 1770.035 8.392 0.400 3.357 0.76
2019-05-05_00:17:06 02111 11.584 152.400 1765.402 8.400 0.400 3.360 0.76
2019-05-05_00:17:07 02112 11.576 168.400 1949.398 8.400 0.000 0.000 0.76
2019-05-05_00:17:08 02113 11.584 152.800 1770.035 8.424 0.000 0.000 0.75
2019-05-05_00:17:09 02114 11.600 152.800 1772.480 8.320 0.000 0.000 0.75
2019-05-05_00:17:10 02115 11.584 153.200 1774.669 8.328 0.000 0.000 0.75
2019-05-05_00:17:11 02116 11.584 161.600 1871.974 8.336 0.000 0.000 0.75
2019-05-05_00:17:12 02117 11.584 168.800 1955.379 8.344 0.400 3.338 0.75
2019-05-05_00:17:13 02118 11.592 152.400 1766.621 8.360 0.400 3.344 0.75
2019-05-05_00:17:14 02119 11.592 152.400 1766.621 8.368 0.400 3.347 0.76
2019-05-05_00:17:15 02120 11.584 153.600 1779.302 8.384 0.400 3.354 0.76
2019-05-05_00:17:16 02121 11.584 152.800 1770.035 8.392 0.400 3.357 0.76