2019-05-05_23:05:17 05657 11.296 507.200 5729.331 8.408 -403.600 -3393.469 0.82
2019-05-05_23:05:18 05658 11.336 442.800 5019.581 8.344 -342.800 -2860.323 0.82
2019-05-05_23:05:19 05659 11.328 448.800 5084.006 8.352 -344.800 -2879.770 0.82
2019-05-05_23:05:20 05660 11.328 458.800 5197.286 8.360 -357.200 -2986.192 0.82
2019-05-05_23:05:21 05661 11.328 462.800 5242.598 8.360 -361.600 -3022.976 0.82
2019-05-05_23:05:22 05662 11.320 467.600 5293.232 8.368 -367.600 -3076.077 0.82
2019-05-05_23:05:23 05663 11.320 474.400 5370.208 8.376 -376.400 -3152.726 0.82
2019-05-05_23:05:24 05664 11.312 474.800 5370.938 8.376 -380.000 -3182.880 0.82
2019-05-05_23:05:25 05665 11.320 463.200 5243.424 8.384 -396.000 -3320.064 0.82
2019-05-05_23:05:26 05666 11.312 474.000 5361.888 8.392 -404.800 -3397.082 0.83
2019-05-05_23:05:27 05667 11.304 489.200 5529.917 8.400 -398.400 -3346.560 0.83
2019-05-05_23:05:28 05668 11.296 496.000 5602.816 8.400 -405.600 -3407.040 0.83
2019-05-05_23:05:29 05669 11.296 503.600 5688.666 8.408 -414.400 -3484.275 0.82
2019-05-05_23:05:30 05670 11.336 448.000 5078.528 8.352 -347.600 -2903.155 0.82
2019-05-05_23:05:31 05671 11.304 486.800 5502.787 8.352 -342.000 -2856.384 0.82
2019-05-05_23:05:32 05672 11.328 458.000 5188.224 8.360 -360.000 -3009.600 0.82
2019-05-05_23:05:33 05673 11.328 468.400 5306.035 8.368 -367.200 -3072.730 0.82
2019-05-05_23:05:34 05674 11.312 480.800 5438.810 8.368 -367.600 -3076.077 0.82
2019-05-05_23:05:35 05675 11.304 484.000 5471.136 8.376 -373.200 -3125.923 0.82
2019-05-05_23:05:36 05676 11.304 490.800 5548.003 8.384 -378.000 -3169.152 0.82
2019-05-05_23:05:37 05677 11.304 495.600 5602.262 8.392 -387.200 -3249.382 0.83
2019-05-05_23:05:38 05678 11.296 505.200 5706.739 8.392 -392.000 -3289.664 0.83
2019-05-05_23:05:39 05679 11.296 504.800 5702.221 8.400 -400.400 -3363.360 0.83
2019-05-05_23:05:40 05680 11.296 505.600 5711.258 8.408 -416.000 -3497.728 0.82
2019-05-05_23:05:41 05681 11.328 460.400 5215.411 8.352 -342.400 -2859.725 0.82
2019-05-05_23:05:42 05682 11.328 463.200 5247.130 8.352 -345.200 -2883.110 0.82
2019-05-05_23:05:43 05683 11.312 472.400 5343.789 8.360 -352.800 -2949.408 0.82
2019-05-05_23:05:44 05684 11.328 464.400 5260.723 8.368 -365.200 -3055.994 0.82
2019-05-05_23:05:45 05685 11.312 478.800 5416.186 8.368 -365.200 -3055.994 0.82
2019-05-05_23:05:46 05686 11.320 477.600 5406.432 8.384 -383.200 -3212.749 0.82
2019-05-05_23:05:47 05687 11.304 489.600 5534.438 8.384 -378.000 -3169.152 0.82
2019-05-05_23:05:48 05688 11.304 491.600 5557.046 8.384 -380.800 -3192.627 0.83
2019-05-05_23:05:49 05689 11.296 501.600 5666.074 8.392 -392.800 -3296.378 0.83
2019-05-05_23:05:50 05690 11.304 500.000 5652.000 8.400 -407.200 -3420.480 0.83
2019-05-05_23:05:51 05691 11.296 510.800 5769.997 8.408 -405.600 -3410.285 0.82
2019-05-05_23:05:52 05692 11.328 460.000 5210.880 8.352 -342.000 -2856.384 0.82
2019-05-05_23:05:53 05693 11.320 462.000 5229.840 8.352 -348.400 -2909.837 0.82
2019-05-05_23:05:54 05694 11.320 468.800 5306.816 8.360 -352.800 -2949.408 0.82
2019-05-05_23:05:55 05695 11.320 463.200 5243.424 8.368 -368.400 -3082.771 0.82
2019-05-05_23:05:56 05696 11.312 480.000 5429.760 8.376 -366.400 -3068.966 0.82
2019-05-05_23:05:57 05697 11.320 477.200 5401.904 8.384 -382.800 -3209.395 0.82
2019-05-05_23:05:58 05698 11.320 483.600 5474.352 8.384 -381.200 -3195.981 0.82
2019-05-05_23:05:59 05699 11.304 485.200 5484.701 8.392 -395.200 -3316.518 0.83
2019-05-05_23:06:00 05700 11.304 494.000 5584.176 8.400 -400.400 -3363.360 0.83
2019-05-05_23:06:01 05701 11.296 501.600 5666.074 8.408 -400.400 -3366.563 0.82
2019-05-05_23:06:02 05702 11.328 464.800 5265.254 8.344 -335.200 -2796.909 0.82
2019-05-05_23:06:03 05703 11.328 460.400 5215.411 8.352 -340.800 -2846.362 0.82
2019-05-05_23:06:04 05704 11.320 464.000 5252.480 8.352 -348.000 -2906.496 0.82
2019-05-05_23:06:05 05705 11.320 468.800 5306.816 8.360 -353.200 -2952.752 0.82
2019-05-05_23:06:06 05706 11.320 463.600 5247.952 8.368 -368.000 -3079.424 0.82
2019-05-05_23:06:07 05707 11.320 476.800 5397.376 8.368 -363.200 -3039.258 0.82
2019-05-05_23:06:08 05708 11.312 482.000 5452.384 8.376 -375.200 -3142.675 0.82
2019-05-05_23:06:09 05709 11.304 488.000 5516.352 8.384 -376.800 -3159.091 0.82
2019-05-05_23:06:10 05710 11.312 487.600 5515.731 8.392 -394.800 -3313.162 0.83
2019-05-05_23:06:11 05711 11.296 500.000 5648.000 8.400 -400.000 -3360.000 0.83
2019-05-05_23:06:12 05712 11.296 506.800 5724.813 8.400 -396.400 -3329.760 0.83
2019-05-05_23:06:13 05713 11.288 509.600 5752.365 8.408 -403.600 -3393.469 0.82
2019-05-05_23:06:14 05714 11.336 450.800 5110.269 8.352 -346.000 -2889.792 0.82
2019-05-05_23:06:15 05715 11.328 464.000 5256.192 8.352 -345.600 -2886.451 0.82
2019-05-05_23:06:16 05716 11.320 468.000 5297.760 8.360 -352.800 -2949.408 0.82
2019-05-05_23:06:17 05717 11.320 473.600 5361.152 8.368 -360.000 -3012.480 0.82
2019-05-05_23:06:18 05718 11.312 480.000 5429.760 8.376 -368.800 -3089.069 0.82
2019-05-05_23:06:19 05719 11.312 487.200 5511.206 8.384 -372.800 -3125.555 0.82
2019-05-05_23:06:20 05720 11.304 484.800 5480.179 8.384 -377.200 -3162.445 0.82
2019-05-05_23:06:21 05721 11.312 484.000 5475.008 8.392 -391.200 -3282.950 0.83
2019-05-05_23:06:22 05722 11.296 501.600 5666.074 8.392 -390.800 -3279.594 0.83
2019-05-05_23:06:23 05723 11.304 496.800 5615.827 8.408 -404.800 -3403.558 0.82
2019-05-05_23:06:24 05724 11.328 453.600 5138.381 8.344 -334.000 -2786.896 0.82
2019-05-05_23:06:25 05725 11.328 459.600 5206.349 8.352 -340.000 -2839.680 0.82
2019-05-05_23:06:26 05726 11.328 464.400 5260.723 8.360 -346.400 -2895.904 0.82
2019-05-05_23:06:27 05727 11.328 459.600 5206.349 8.368 -358.400 -2999.091 0.82
2019-05-05_23:06:28 05728 11.328 475.600 5387.597 8.360 -368.800 -3083.168 0.82
2019-05-05_23:06:29 05729 11.304 486.000 5493.744 8.368 -358.800 -3002.438 0.82
2019-05-05_23:06:30 05730 11.320 476.000 5388.320 8.384 -379.600 -3182.566 0.82
2019-05-05_23:06:31 05731 11.320 476.400 5392.848 8.384 -383.200 -3212.749 0.82
2019-05-05_23:06:32 05732 11.304 488.000 5516.352 8.392 -393.200 -3299.734 0.83
2019-05-05_23:06:33 05733 11.304 501.600 5670.086 8.400 -400.000 -3360.000 0.83
2019-05-05_23:06:34 05734 11.312 498.400 5637.901 8.408 -407.200 -3423.738 0.82
2019-05-05_23:06:35 05735 11.328 458.400 5192.755 8.344 -334.400 -2790.234 0.82
2019-05-05_23:06:36 05736 11.320 462.000 5229.840 8.352 -338.800 -2829.658 0.82
2019-05-05_23:06:37 05737 11.336 451.600 5119.338 8.360 -351.600 -2939.376 0.82
2019-05-05_23:06:38 05738 11.328 456.800 5174.630 8.368 -357.600 -2992.397 0.82
2019-05-05_23:06:39 05739 11.320 474.800 5374.736 8.368 -358.000 -2995.744 0.82
2019-05-05_23:06:40 05740 11.312 477.600 5402.611 8.376 -364.000 -3048.864 0.82
2019-05-05_23:06:41 05741 11.312 473.200 5352.838 8.384 -380.400 -3189.274 0.82
2019-05-05_23:06:42 05742 11.320 482.800 5465.296 8.384 -380.800 -3192.627 0.82
2019-05-05_23:06:43 05743 11.304 494.800 5593.219 8.392 -384.000 -3222.528 0.83
2019-05-05_23:06:44 05744 11.304 487.600 5511.830 8.400 -394.000 -3309.600 0.83
2019-05-05_23:06:45 05745 11.296 504.800 5702.221 8.400 -396.000 -3326.400 0.83
2019-05-05_23:06:46 05746 11.304 501.200 5665.565 8.408 -408.400 -3433.827 0.82
2019-05-05_23:06:47 05747 11.328 446.800 5061.350 8.352 -345.600 -2886.451 0.82
2019-05-05_23:06:48 05748 11.328 463.200 5247.130 8.360 -347.600 -2905.936 0.82
2019-05-05_23:06:49 05749 11.320 468.800 5306.816 8.368 -351.600 -2942.189 0.82
2019-05-05_23:06:50 05750 11.328 461.200 5224.474 8.368 -365.200 -3055.994 0.82
2019-05-05_23:06:51 05751 11.320 478.800 5420.016 8.376 -361.600 -3028.762 0.82
2019-05-05_23:06:52 05752 11.304 485.600 5489.222 8.376 -367.600 -3079.018 0.82
2019-05-05_23:06:53 05753 11.304 488.800 5525.395 8.384 -379.600 -3182.566 0.82
2019-05-05_23:06:54 05754 11.280 495.200 5585.856 8.392 -384.000 -3222.528 0.83
2019-05-05_23:06:55 05755 11.304 492.400 5566.090 8.400 -399.200 -3353.280 0.83
2019-05-05_23:06:56 05756 11.296 504.000 5693.184 8.408 -396.000 -3329.568 0.82
2019-05-05_23:06:57 05757 11.336 439.200 4978.771 8.344 -340.000 -2836.960 0.82