2019-05-05_02:36:44 00102 11.560 201.200 2325.872 8.416 0.000 0.000 0.75
2019-05-05_02:36:45 00103 11.568 185.200 2142.394 8.320 0.400 3.328 0.75
2019-05-05_02:36:46 00104 11.584 170.000 1969.280 8.328 0.000 0.000 0.75
2019-05-05_02:36:47 00105 11.592 155.200 1799.078 8.344 0.400 3.338 0.75
2019-05-05_02:36:48 00106 11.584 159.200 1844.173 8.360 0.400 3.344 0.75
2019-05-05_02:36:49 00107 11.576 164.400 1903.094 8.368 0.000 0.000 0.76
2019-05-05_02:36:50 00108 11.584 162.000 1876.608 8.376 0.000 0.000 0.76
2019-05-05_02:36:51 00109 11.584 154.400 1788.570 8.384 0.400 3.354 0.76
2019-05-05_02:36:52 00110 11.576 163.600 1893.834 8.400 0.000 0.000 0.76
2019-05-05_02:36:53 00111 11.576 165.600 1916.986 8.408 0.400 3.363 0.75
2019-05-05_02:36:54 00112 11.600 160.000 1856.000 8.304 0.000 0.000 0.75
2019-05-05_02:36:55 00113 11.584 154.400 1788.570 8.312 0.000 0.000 0.75
2019-05-05_02:36:56 00114 11.584 164.000 1899.776 8.320 0.400 3.328 0.75
2019-05-05_02:36:57 00115 11.584 168.000 1946.112 8.336 0.000 0.000 0.75
2019-05-05_02:36:58 00116 11.592 154.400 1789.805 8.344 0.400 3.338 0.75
2019-05-05_02:36:59 00117 11.592 153.200 1775.894 8.360 0.400 3.344 0.75
2019-05-05_02:37:00 00118 11.584 154.800 1793.203 8.368 0.400 3.347 0.76
2019-05-05_02:37:01 00119 11.584 162.800 1885.875 8.376 0.400 3.350 0.76
2019-05-05_02:37:02 00120 11.560 194.800 2251.888 8.368 0.400 3.347 0.76
2019-05-05_02:37:03 00121 11.552 198.400 2291.917 8.376 0.400 3.350 0.76
2019-05-05_02:37:04 00122 11.552 199.600 2305.779 8.384 0.000 0.000 0.76
2019-05-05_02:37:05 00123 11.560 198.400 2293.504 8.400 0.000 0.000 0.76
2019-05-05_02:37:06 00124 11.552 200.000 2310.400 8.416 0.000 0.000 0.75
2019-05-05_02:37:07 00125 11.568 192.800 2230.310 8.296 0.000 0.000 0.77
2019-05-05_02:37:08 00126 11.552 194.000 2241.088 8.560 0.000 0.000 0.76
2019-05-05_02:37:09 00127 11.560 188.800 2182.528 8.416 0.000 0.000 0.75
2019-05-05_02:37:10 00128 11.560 198.400 2293.504 8.296 0.000 0.000 0.77
2019-05-05_02:37:11 00129 11.552 198.400 2291.917 8.560 0.000 0.000 0.76
2019-05-05_02:37:12 00130 11.552 200.800 2319.642 8.416 0.000 0.000 0.75
2019-05-05_02:37:13 00131 11.560 199.200 2302.752 8.296 0.000 0.000 0.77
2019-05-05_02:37:14 00132 11.552 195.600 2259.571 8.560 0.000 0.000 0.76
2019-05-05_02:37:15 00133 11.552 194.800 2250.330 8.432 0.000 0.000 0.75
2019-05-05_02:37:16 00134 11.560 197.200 2279.632 8.296 0.000 0.000 0.77
2019-05-05_02:37:17 00135 11.552 198.000 2287.296 8.560 0.000 0.000 0.76
2019-05-05_02:37:18 00136 11.552 198.000 2287.296 8.416 0.000 0.000 0.75
2019-05-05_02:37:19 00137 11.568 195.600 2262.701 8.304 0.400 3.322 0.75
2019-05-05_02:37:20 00138 11.560 200.000 2312.000 8.312 0.000 0.000 0.75
2019-05-05_02:37:21 00139 11.560 198.400 2293.504 8.320 0.000 0.000 0.75
2019-05-05_02:37:22 00140 11.552 195.600 2259.571 8.336 0.400 3.334 0.75
2019-05-05_02:37:23 00141 11.560 187.600 2168.656 8.352 0.000 0.000 0.76
2019-05-05_02:37:24 00142 11.568 197.200 2281.210 8.352 0.400 3.341 0.76
2019-05-05_02:37:25 00143 11.560 196.800 2275.008 8.368 0.000 0.000 0.76
2019-05-05_02:37:26 00144 11.560 198.800 2298.128 8.384 0.400 3.354 0.76
2019-05-05_02:37:27 00145 11.552 197.200 2278.054 8.384 0.400 3.354 0.76
2019-05-05_02:37:28 00146 11.552 200.000 2310.400 8.400 0.000 0.000 0.76
2019-05-05_02:37:29 00147 11.560 191.600 2214.896 8.424 0.000 0.000 0.75
2019-05-05_02:37:30 00148 11.560 196.000 2265.760 8.296 0.000 0.000 0.77
2019-05-05_02:37:31 00149 11.560 195.200 2256.512 8.560 0.000 0.000 0.76
2019-05-05_02:37:32 00150 11.552 193.200 2231.846 8.416 0.000 0.000 0.75
2019-05-05_02:37:33 00151 11.568 196.000 2267.328 8.304 0.000 0.000 0.75
2019-05-05_02:37:34 00152 11.560 194.400 2247.264 8.312 0.000 0.000 0.75
2019-05-05_02:37:35 00153 11.568 191.600 2216.429 8.328 0.400 3.331 0.75
2019-05-05_02:37:36 00154 11.560 196.800 2275.008 8.336 0.400 3.334 0.75
2019-05-05_02:37:37 00155 11.560 194.800 2251.888 8.352 0.400 3.341 0.76
2019-05-05_02:37:38 00156 11.560 185.200 2140.912 8.360 0.000 0.000 0.76
2019-05-05_02:37:39 00157 11.552 191.200 2208.742 8.360 0.400 3.344 0.76
2019-05-05_02:37:40 00158 11.560 187.600 2168.656 8.384 0.400 3.354 0.76
2019-05-05_02:37:41 00159 11.560 191.600 2214.896 8.392 0.000 0.000 0.76
2019-05-05_02:37:42 00160 11.568 192.000 2221.056 8.400 0.000 0.000 0.76
2019-05-05_02:37:43 00161 11.568 195.200 2258.074 8.416 0.000 0.000 0.75
2019-05-05_02:37:44 00162 11.568 196.400 2271.955 8.304 0.000 0.000 0.75
2019-05-05_02:37:45 00163 11.568 197.200 2281.210 8.312 0.000 0.000 0.75
2019-05-05_02:37:46 00164 11.560 199.600 2307.376 8.336 0.400 3.334 0.75
2019-05-05_02:37:47 00165 11.560 187.600 2168.656 8.328 0.000 0.000 0.75
2019-05-05_02:37:48 00166 11.560 188.400 2177.904 8.344 0.400 3.338 0.76
2019-05-05_02:37:49 00167 11.560 190.800 2205.648 8.360 0.000 0.000 0.76
2019-05-05_02:37:50 00168 11.560 195.600 2261.136 8.368 0.400 3.347 0.76
2019-05-05_02:37:51 00169 11.560 195.200 2256.512 8.376 0.400 3.350 0.76
2019-05-05_02:37:52 00170 11.552 195.200 2254.950 8.392 0.000 0.000 0.76
2019-05-05_02:37:53 00171 11.568 194.400 2248.819 8.400 0.400 3.360 0.76
2019-05-05_02:37:54 00172 11.560 196.800 2275.008 8.416 0.400 3.366 0.75
2019-05-05_02:37:55 00173 11.568 188.800 2184.038 8.304 0.000 0.000 0.75
2019-05-05_02:37:56 00174 11.560 195.200 2256.512 8.312 0.400 3.325 0.75
2019-05-05_02:37:57 00175 11.568 192.800 2230.310 8.328 0.400 3.331 0.75
2019-05-05_02:37:58 00176 11.560 184.400 2131.664 8.344 0.400 3.338 0.75
2019-05-05_02:37:59 00177 11.568 196.000 2267.328 8.344 0.400 3.338 0.76
2019-05-05_02:38:00 00178 11.560 196.800 2275.008 8.360 0.000 0.000 0.76
2019-05-05_02:38:01 00179 11.552 195.600 2259.571 8.368 0.000 0.000 0.76
2019-05-05_02:38:02 00180 11.552 190.800 2204.122 8.384 0.400 3.354 0.76
2019-05-05_02:38:03 00181 11.560 184.400 2131.664 8.392 0.400 3.357 0.76
2019-05-05_02:38:04 00182 11.552 194.800 2250.330 8.400 0.000 0.000 0.76
2019-05-05_02:38:05 00183 11.552 190.000 2194.880 8.408 0.400 3.363 0.75
2019-05-05_02:38:06 00184 11.560 194.800 2251.888 8.304 0.000 0.000 0.75
2019-05-05_02:38:07 00185 11.568 190.000 2197.920 8.312 0.400 3.325 0.75
2019-05-05_02:38:08 00186 11.560 195.600 2261.136 8.320 0.000 0.000 0.75
2019-05-05_02:38:09 00187 11.568 196.400 2271.955 8.336 0.400 3.334 0.75
2019-05-05_02:38:10 00188 11.560 196.000 2265.760 8.344 0.400 3.338 0.76
2019-05-05_02:38:11 00189 11.568 192.400 2225.683 8.352 0.400 3.341 0.76
2019-05-05_02:38:12 00190 11.552 192.800 2227.226 8.368 0.400 3.347 0.76
2019-05-05_02:38:13 00191 11.560 192.000 2219.520 8.384 0.400 3.354 0.76
2019-05-05_02:38:14 00192 11.552 194.800 2250.330 8.392 0.000 0.000 0.76
2019-05-05_02:38:15 00193 11.560 196.000 2265.760 8.400 0.000 0.000 0.76
2019-05-05_02:38:16 00194 11.560 196.000 2265.760 8.416 0.000 0.000 0.75
2019-05-05_02:38:17 00195 11.568 196.000 2267.328 8.304 0.000 0.000 0.75
2019-05-05_02:38:18 00196 11.560 200.400 2316.624 8.312 0.000 0.000 0.75
2019-05-05_02:38:19 00197 11.568 196.400 2271.955 8.328 0.400 3.331 0.75
2019-05-05_02:38:20 00198 11.560 189.200 2187.152 8.336 0.400 3.334 0.75
2019-05-05_02:38:21 00199 11.560 188.800 2182.528 8.352 0.400 3.341 0.76
2019-05-05_02:38:22 00200 11.560 192.800 2228.768 8.360 0.400 3.344 0.76
2019-05-05_02:38:23 00201 11.568 192.000 2221.056 8.368 0.000 0.000 0.76
2019-05-05_02:38:24 00202 11.552 199.600 2305.779 8.376 0.400 3.350 0.76