2019-05-05_22:43:22 04344 2.240 -0.800 -1.792 7.832 194.800 1525.674 0.00
2019-05-05_22:43:23 04345 2.240 -0.800 -1.792 7.832 194.800 1525.674 0.00
2019-05-05_22:43:24 04346 2.240 -0.800 -1.792 7.824 194.400 1520.986 0.00
2019-05-05_22:43:25 04347 2.240 -0.800 -1.792 7.832 194.800 1525.674 0.00
2019-05-05_22:43:26 04348 2.240 -0.800 -1.792 7.832 195.600 1531.939 0.00
2019-05-05_22:43:27 04349 2.240 -0.800 -1.792 7.832 194.400 1522.541 0.00
2019-05-05_22:43:28 04350 2.240 -0.800 -1.792 7.832 200.000 1566.400 0.00
2019-05-05_22:43:29 04351 2.240 -0.800 -1.792 7.832 195.200 1528.806 0.00
2019-05-05_22:43:30 04352 2.240 -0.800 -1.792 7.832 194.800 1525.674 0.00
2019-05-05_22:43:31 04353 2.240 -0.800 -1.792 7.832 195.200 1528.806 0.00
2019-05-05_22:43:32 04354 2.240 -0.800 -1.792 7.832 194.800 1525.674 0.00
2019-05-05_22:43:33 04355 2.240 -0.800 -1.792 7.832 195.200 1528.806 0.00
2019-05-05_22:43:34 04356 2.240 -0.800 -1.792 7.832 194.000 1519.408 0.00
2019-05-05_22:43:35 04357 2.240 -0.800 -1.792 7.832 195.200 1528.806 0.00
2019-05-05_22:43:36 04358 2.240 -0.800 -1.792 7.832 195.200 1528.806 0.00
2019-05-05_22:43:37 04359 2.240 -0.800 -1.792 7.824 194.800 1524.115 0.00
2019-05-05_22:43:38 04360 2.240 -0.800 -1.792 7.832 194.400 1522.541 0.00
2019-05-05_22:43:39 04361 2.240 -0.800 -1.792 7.832 194.800 1525.674 0.00
2019-05-05_22:43:40 04362 2.240 -0.800 -1.792 7.832 194.800 1525.674 0.00
2019-05-05_22:43:41 04363 2.240 -0.800 -1.792 7.832 196.000 1535.072 0.00
2019-05-05_22:43:42 04364 2.240 -0.800 -1.792 7.832 196.400 1538.205 0.00
2019-05-05_22:43:43 04365 2.240 -0.800 -1.792 7.832 195.200 1528.806 0.00
2019-05-05_22:43:44 04366 2.240 -0.800 -1.792 7.832 194.800 1525.674 0.00
2019-05-05_22:43:45 04367 2.240 -0.800 -1.792 7.832 194.800 1525.674 0.00
2019-05-05_22:43:46 04368 2.240 -0.800 -1.792 7.832 205.200 1607.126 0.00
2019-05-05_22:43:47 04369 2.240 -0.800 -1.792 7.832 194.800 1525.674 0.00
2019-05-05_22:43:48 04370 2.240 -0.800 -1.792 7.832 194.000 1519.408 0.00
2019-05-05_22:43:49 04371 2.240 -0.800 -1.792 7.832 205.200 1607.126 0.00
2019-05-05_22:43:50 04372 2.240 -0.800 -1.792 7.832 194.800 1525.674 0.00
2019-05-05_22:43:51 04373 2.240 -0.800 -1.792 7.832 194.400 1522.541 0.00
2019-05-05_22:43:52 04374 2.240 -0.800 -1.792 7.824 194.800 1524.115 0.00
2019-05-05_22:43:53 04375 2.240 -0.800 -1.792 7.832 194.400 1522.541 0.00
2019-05-05_22:43:54 04376 2.240 -0.800 -1.792 7.832 198.800 1557.002 0.00
2019-05-05_22:43:55 04377 2.240 -0.800 -1.792 7.832 194.400 1522.541 0.00
2019-05-05_22:43:56 04378 2.240 -0.800 -1.792 7.832 194.800 1525.674 0.00
2019-05-05_22:43:57 04379 2.240 -0.800 -1.792 7.832 195.600 1531.939 0.00
2019-05-05_22:43:58 04380 2.240 -0.400 -0.896 7.832 194.400 1522.541 0.00
2019-05-05_22:43:59 04381 2.240 -0.800 -1.792 7.832 194.800 1525.674 0.00
2019-05-05_22:44:00 04382 2.240 -0.800 -1.792 7.832 196.400 1538.205 0.00
2019-05-05_22:44:01 04383 2.240 -0.800 -1.792 7.832 194.800 1525.674 0.00
2019-05-05_22:44:02 04384 2.240 -0.800 -1.792 7.832 194.400 1522.541 0.00
2019-05-05_22:44:03 04385 2.240 -0.800 -1.792 7.832 194.800 1525.674 0.00
2019-05-05_22:44:04 04386 2.240 -0.800 -1.792 7.832 194.800 1525.674 0.00
2019-05-05_22:44:05 04387 2.240 -0.800 -1.792 7.832 194.800 1525.674 0.00
2019-05-05_22:44:07 04388 2.240 -0.800 -1.792 7.832 194.800 1525.674 0.00
2019-05-05_22:44:08 04389 2.240 -0.800 -1.792 7.832 194.800 1525.674 0.00
2019-05-05_22:44:09 04390 2.240 -0.800 -1.792 7.816 194.400 1519.430 0.00
2019-05-05_22:44:10 04391 2.240 -0.800 -1.792 7.832 194.400 1522.541 0.00
2019-05-05_22:44:11 04392 2.240 -0.800 -1.792 7.832 194.400 1522.541 0.00
2019-05-05_22:44:12 04393 2.240 -0.800 -1.792 7.832 195.600 1531.939 0.00
2019-05-05_22:44:13 04394 2.240 -0.800 -1.792 7.832 194.400 1522.541 0.00
2019-05-05_22:44:14 04395 2.240 -0.800 -1.792 7.832 194.800 1525.674 0.00
2019-05-05_22:44:15 04396 2.240 -0.800 -1.792 7.824 194.800 1524.115 0.00
2019-05-05_22:44:16 04397 2.240 -0.800 -1.792 7.824 194.400 1520.986 0.00
2019-05-05_22:44:17 04398 2.240 -0.800 -1.792 7.832 194.400 1522.541 0.00
2019-05-05_22:44:18 04399 2.240 -0.800 -1.792 7.816 220.400 1722.646 0.00
2019-05-05_22:44:19 04400 2.240 -0.800 -1.792 7.832 194.800 1525.674 0.00
2019-05-05_22:44:20 04401 2.240 -0.800 -1.792 7.832 195.200 1528.806 0.00
2019-05-05_22:44:21 04402 2.240 -0.800 -1.792 7.832 194.800 1525.674 0.00
2019-05-05_22:44:22 04403 2.240 -0.800 -1.792 7.832 194.000 1519.408 0.00
2019-05-05_22:44:23 04404 2.240 -0.800 -1.792 7.832 202.000 1582.064 0.00
2019-05-05_22:44:24 04405 2.240 -0.800 -1.792 7.832 194.400 1522.541 0.00
2019-05-05_22:44:25 04406 2.240 -0.800 -1.792 7.832 194.800 1525.674 0.00
2019-05-05_22:44:26 04407 2.240 -0.800 -1.792 7.832 194.800 1525.674 0.00
2019-05-05_22:44:27 04408 2.240 -0.800 -1.792 7.832 200.800 1572.666 0.00
2019-05-05_22:44:28 04409 2.240 -0.800 -1.792 7.832 194.400 1522.541 0.00
2019-05-05_22:44:29 04410 2.240 -0.800 -1.792 7.832 194.000 1519.408 0.00
2019-05-05_22:44:30 04411 2.240 -0.800 -1.792 7.832 206.800 1619.658 0.00
2019-05-05_22:44:31 04412 2.240 -0.800 -1.792 7.832 195.200 1528.806 0.00
2019-05-05_22:44:32 04413 2.240 -0.800 -1.792 7.824 194.400 1520.986 0.00
2019-05-05_22:44:33 04414 2.240 -0.800 -1.792 7.832 195.200 1528.806 0.00
2019-05-05_22:44:34 04415 2.240 -0.800 -1.792 7.832 194.800 1525.674 0.00
2019-05-05_22:44:35 04416 2.240 -0.800 -1.792 7.832 194.800 1525.674 0.00
2019-05-05_22:44:36 04417 2.240 -0.800 -1.792 7.832 195.200 1528.806 0.00
2019-05-05_22:44:37 04418 2.240 -0.800 -1.792 7.832 195.200 1528.806 0.00
2019-05-05_22:44:38 04419 2.240 -0.800 -1.792 7.832 196.000 1535.072 0.00
2019-05-05_22:44:39 04420 2.240 -0.800 -1.792 7.832 194.800 1525.674 0.00
2019-05-05_22:44:40 04421 2.240 -0.800 -1.792 7.816 194.800 1522.557 0.00
2019-05-05_22:44:41 04422 2.240 -0.800 -1.792 7.832 194.400 1522.541 0.00
2019-05-05_22:44:42 04423 2.240 -0.800 -1.792 7.832 194.800 1525.674 0.00
2019-05-05_22:44:43 04424 2.240 -0.800 -1.792 7.824 194.800 1524.115 0.00
2019-05-05_22:44:44 04425 2.240 -0.800 -1.792 7.832 195.200 1528.806 0.00
2019-05-05_22:44:45 04426 2.240 -0.800 -1.792 7.824 194.800 1524.115 0.00
2019-05-05_22:44:46 04427 2.240 -0.800 -1.792 7.824 194.400 1520.986 0.00
2019-05-05_22:44:47 04428 2.240 -0.800 -1.792 7.832 195.600 1531.939 0.00
2019-05-05_22:44:48 04429 1.296 -4.800 -6.221 7.800 223.600 1744.080 0.00
2019-05-05_22:44:49 04430 1.088 -5.200 -5.658 7.816 198.800 1553.821 0.00
2019-05-05_22:44:50 04431 1.056 -5.200 -5.491 7.792 226.000 1760.992 0.00
2019-05-05_22:44:51 04432 1.048 -5.200 -5.450 7.816 201.600 1575.706 0.00
2019-05-05_22:44:52 04433 1.048 -5.200 -5.450 7.816 200.400 1566.326 0.00
2019-05-05_22:44:53 04434 1.048 -5.200 -5.450 7.816 200.400 1566.326 0.00
2019-05-05_22:44:54 04435 1.048 -5.200 -5.450 7.816 207.200 1619.475 0.00
2019-05-05_22:44:55 04436 1.048 -5.200 -5.450 7.816 200.800 1569.453 0.00
2019-05-05_22:44:56 04437 1.048 -5.200 -5.450 7.816 200.400 1566.326 0.00
2019-05-05_22:44:57 04438 1.048 -5.200 -5.450 7.816 201.200 1572.579 0.00
2019-05-05_22:44:58 04439 1.048 -5.200 -5.450 7.800 230.400 1797.120 0.00
2019-05-05_22:44:59 04440 1.048 -5.200 -5.450 7.792 225.600 1757.875 0.00
2019-05-05_22:45:00 04441 1.040 -5.200 -5.408 7.816 200.800 1569.453 0.00
2019-05-05_22:45:01 04442 1.040 -5.200 -5.408 7.808 200.400 1564.723 0.00
2019-05-05_22:45:02 04443 1.040 -5.200 -5.408 7.816 200.000 1563.200 0.00
2019-05-05_22:45:03 04444 1.040 -5.200 -5.408 7.816 200.800 1569.453 0.00