2019-05-05_02:38:25 00203 11.552 187.600 2167.155 8.392 0.000 0.000 0.76
2019-05-05_02:38:26 00204 11.552 196.000 2264.192 8.400 0.000 0.000 0.76
2019-05-05_02:38:27 00205 11.552 194.800 2250.330 8.424 0.000 0.000 0.75
2019-05-05_02:38:28 00206 11.568 184.000 2128.512 8.304 0.000 0.000 0.75
2019-05-05_02:38:29 00207 11.560 198.800 2298.128 8.312 0.000 0.000 0.75
2019-05-05_02:38:30 00208 11.560 200.400 2316.624 8.320 0.000 0.000 0.75
2019-05-05_02:38:31 00209 11.560 192.400 2224.144 8.336 0.000 0.000 0.75
2019-05-05_02:38:32 00210 11.568 195.600 2262.701 8.344 0.000 0.000 0.76
2019-05-05_02:38:33 00211 11.560 189.600 2191.776 8.352 0.000 0.000 0.76
2019-05-05_02:38:34 00212 11.568 190.800 2207.174 8.368 0.000 0.000 0.76
2019-05-05_02:38:35 00213 11.560 194.400 2247.264 8.376 0.000 0.000 0.76
2019-05-05_02:38:36 00214 11.552 192.400 2222.605 8.392 0.000 0.000 0.76
2019-05-05_02:38:37 00215 11.560 198.800 2298.128 8.400 0.000 0.000 0.76
2019-05-05_02:38:38 00216 11.552 198.800 2296.538 8.408 0.000 0.000 0.75
2019-05-05_02:38:39 00217 11.568 186.400 2156.275 8.296 0.000 0.000 0.77
2019-05-05_02:38:40 00218 11.552 189.600 2190.259 8.560 0.000 0.000 0.76
2019-05-05_02:38:41 00219 11.552 194.000 2241.088 8.408 0.000 0.000 0.75
2019-05-05_02:38:42 00220 11.560 200.400 2316.624 8.304 0.000 0.000 0.75
2019-05-05_02:38:43 00221 11.560 199.600 2307.376 8.320 0.400 3.328 0.75
2019-05-05_02:38:44 00222 11.560 194.800 2251.888 8.328 0.000 0.000 0.75
2019-05-05_02:38:45 00223 11.560 199.600 2307.376 8.344 0.000 0.000 0.75
2019-05-05_02:38:46 00224 11.568 189.600 2193.293 8.344 0.000 0.000 0.76
2019-05-05_02:38:47 00225 11.560 200.000 2312.000 8.352 0.000 0.000 0.76
2019-05-05_02:38:48 00226 11.552 196.000 2264.192 8.368 0.000 0.000 0.76
2019-05-05_02:38:49 00227 11.560 183.600 2122.416 8.384 0.400 3.354 0.76
2019-05-05_02:38:50 00228 11.552 200.000 2310.400 8.392 0.000 0.000 0.76
2019-05-05_02:38:51 00229 11.560 195.200 2256.512 8.408 0.400 3.363 0.75
2019-05-05_02:38:52 00230 11.568 198.800 2299.718 8.288 0.000 0.000 0.77
2019-05-05_02:38:53 00231 11.552 200.000 2310.400 8.544 0.000 0.000 0.76
2019-05-05_02:38:54 00232 11.560 197.200 2279.632 8.400 0.000 0.000 0.76
2019-05-05_02:38:55 00233 11.552 194.400 2245.709 8.424 0.000 0.000 0.75
2019-05-05_02:38:56 00234 11.584 169.600 1964.646 8.320 0.400 3.328 0.75
2019-05-05_02:38:57 00235 11.592 155.200 1799.078 8.328 0.400 3.331 0.75
2019-05-05_02:38:58 00236 11.584 162.400 1881.242 8.352 0.400 3.341 0.75
2019-05-05_02:38:59 00237 11.584 164.800 1909.043 8.360 0.000 0.000 0.75
2019-05-05_02:39:00 00238 11.592 153.600 1780.531 8.368 0.400 3.347 0.76
2019-05-05_02:39:01 00239 11.592 153.600 1780.531 8.368 0.400 3.347 0.76
2019-05-05_02:39:02 00240 11.584 153.600 1779.302 8.392 0.400 3.357 0.76
2019-05-05_02:39:03 00241 11.576 158.400 1833.638 8.400 0.400 3.360 0.76
2019-05-05_02:39:04 00242 11.576 165.600 1916.986 8.408 0.400 3.363 0.75
2019-05-05_02:39:05 00243 11.600 153.200 1777.120 8.296 0.000 0.000 0.77
2019-05-05_02:39:06 00244 11.584 153.600 1779.302 8.552 0.000 0.000 0.76
2019-05-05_02:39:07 00245 11.584 153.600 1779.302 8.408 0.000 0.000 0.75
2019-05-05_02:39:08 00246 11.592 158.400 1836.173 8.304 0.000 0.000 0.75
2019-05-05_02:39:09 00247 11.584 163.200 1890.509 8.312 0.000 0.000 0.75
2019-05-05_02:39:10 00248 11.584 164.400 1904.410 8.328 0.000 0.000 0.75
2019-05-05_02:39:11 00249 11.584 165.200 1913.677 8.336 0.400 3.334 0.75
2019-05-05_02:39:12 00250 11.592 165.200 1914.998 8.344 0.400 3.338 0.75
2019-05-05_02:39:13 00251 11.592 153.600 1780.531 8.352 0.400 3.341 0.75
2019-05-05_02:39:14 00252 11.592 153.600 1780.531 8.368 0.400 3.347 0.76
2019-05-05_02:39:15 00253 11.568 169.600 1961.933 8.368 0.400 3.347 0.76
2019-05-05_02:39:16 00254 11.576 162.000 1875.312 8.384 0.400 3.354 0.76
2019-05-05_02:39:17 00255 11.576 190.800 2208.701 8.392 0.400 3.357 0.76
2019-05-05_02:39:18 00256 11.576 163.600 1893.834 8.408 0.400 3.363 0.75
2019-05-05_02:39:19 00257 11.584 164.800 1909.043 8.304 0.000 0.000 0.75
2019-05-05_02:39:20 00258 11.592 153.600 1780.531 8.312 0.000 0.000 0.75
2019-05-05_02:39:21 00259 11.592 153.200 1775.894 8.320 0.400 3.328 0.75
2019-05-05_02:39:22 00260 11.584 156.000 1807.104 8.328 0.400 3.331 0.75
2019-05-05_02:39:23 00261 11.584 164.800 1909.043 8.352 0.400 3.341 0.75
2019-05-05_02:39:24 00262 11.592 153.600 1780.531 8.352 0.400 3.341 0.75
2019-05-05_02:39:25 00263 11.592 153.600 1780.531 8.368 0.400 3.347 0.76
2019-05-05_02:39:26 00264 11.584 155.200 1797.837 8.376 0.400 3.350 0.76
2019-05-05_02:39:27 00265 11.576 164.800 1907.725 8.384 0.400 3.354 0.76
2019-05-05_02:39:28 00266 11.584 154.000 1783.936 8.400 0.400 3.360 0.76
2019-05-05_02:39:29 00267 11.584 153.200 1774.669 8.408 0.000 0.000 0.75
2019-05-05_02:39:30 00268 11.576 169.600 1963.290 8.296 0.000 0.000 0.77
2019-05-05_02:39:31 00269 11.576 163.200 1889.203 8.552 0.000 0.000 0.76
2019-05-05_02:39:32 00270 11.576 165.200 1912.355 8.408 0.000 0.000 0.75
2019-05-05_02:39:33 00271 11.600 152.800 1772.480 8.296 0.000 0.000 0.77
2019-05-05_02:39:34 00272 11.552 199.200 2301.158 8.528 0.000 0.000 0.76
2019-05-05_02:39:35 00273 11.552 196.000 2264.192 8.392 0.400 3.357 0.76
2019-05-05_02:39:36 00274 11.552 198.000 2287.296 8.400 0.000 0.000 0.76
2019-05-05_02:39:37 00275 11.552 198.400 2291.917 8.416 0.000 0.000 0.75
2019-05-05_02:39:38 00276 11.568 198.000 2290.464 8.304 0.000 0.000 0.75
2019-05-05_02:39:39 00277 11.568 197.200 2281.210 8.304 0.400 3.322 0.75
2019-05-05_02:39:40 00278 11.560 196.000 2265.760 8.320 0.000 0.000 0.75
2019-05-05_02:39:41 00279 11.560 194.800 2251.888 8.328 0.400 3.331 0.75
2019-05-05_02:39:42 00280 11.552 201.600 2328.883 8.344 0.000 0.000 0.76
2019-05-05_02:39:43 00281 11.552 200.000 2310.400 8.352 0.400 3.341 0.76
2019-05-05_02:39:44 00282 11.560 194.400 2247.264 8.368 0.400 3.347 0.76
2019-05-05_02:39:45 00283 11.552 197.600 2282.675 8.376 0.400 3.350 0.76
2019-05-05_02:39:46 00284 11.552 198.400 2291.917 8.384 0.000 0.000 0.76
2019-05-05_02:39:47 00285 11.560 183.200 2117.792 8.400 0.000 0.000 0.76
2019-05-05_02:39:48 00286 11.552 197.600 2282.675 8.416 0.000 0.000 0.75
2019-05-05_02:39:49 00287 11.560 198.400 2293.504 8.296 0.400 3.318 0.77
2019-05-05_02:39:50 00288 11.552 191.200 2208.742 8.560 0.000 0.000 0.76
2019-05-05_02:39:51 00289 11.552 197.200 2278.054 8.416 0.000 0.000 0.75
2019-05-05_02:39:52 00290 11.568 196.800 2276.582 8.304 0.000 0.000 0.75
2019-05-05_02:39:53 00291 11.560 196.800 2275.008 8.312 0.000 0.000 0.75
2019-05-05_02:39:54 00292 11.560 198.400 2293.504 8.328 0.400 3.331 0.75
2019-05-05_02:39:55 00293 11.560 200.400 2316.624 8.336 0.400 3.334 0.75
2019-05-05_02:39:56 00294 11.560 197.200 2279.632 8.344 0.400 3.338 0.76
2019-05-05_02:39:57 00295 11.560 192.400 2224.144 8.360 0.400 3.344 0.76
2019-05-05_02:39:58 00296 11.560 194.000 2242.640 8.368 0.000 0.000 0.76
2019-05-05_02:39:59 00297 11.552 198.800 2296.538 8.376 0.000 0.000 0.76
2019-05-05_02:40:00 00298 11.552 197.600 2282.675 8.384 0.400 3.354 0.76
2019-05-05_02:40:01 00299 11.560 195.200 2256.512 8.400 0.000 0.000 0.76
2019-05-05_02:40:02 00300 11.552 202.000 2333.504 8.408 0.000 0.000 0.75
2019-05-05_02:40:03 00301 11.576 196.400 2273.526 8.304 0.000 0.000 0.75
2019-05-05_02:40:04 00302 11.568 188.000 2174.784 8.312 0.400 3.325 0.75
2019-05-05_02:40:05 00303 11.568 196.400 2271.955 8.328 0.400 3.331 0.75