2019-05-05_22:58:32 05253 11.280 520.800 5874.624 8.408 -442.400 -3719.699 0.82
2019-05-05_22:58:33 05254 11.312 474.000 5361.888 8.344 -377.200 -3147.357 0.82
2019-05-05_22:58:34 05255 11.312 475.600 5379.987 8.352 -380.800 -3180.442 0.82
2019-05-05_22:58:35 05256 11.296 489.600 5530.522 8.352 -381.200 -3183.782 0.82
2019-05-05_22:58:36 05257 11.304 487.600 5511.830 8.360 -396.000 -3310.560 0.82
2019-05-05_22:58:37 05258 11.296 504.000 5693.184 8.360 -384.800 -3216.928 0.82
2019-05-05_22:58:38 05259 11.280 512.800 5784.384 8.368 -390.000 -3263.520 0.83
2019-05-05_22:58:39 05260 11.304 490.400 5543.482 8.384 -424.000 -3554.816 0.83
2019-05-05_22:58:40 05261 11.296 494.400 5584.742 8.392 -430.800 -3615.274 0.83
2019-05-05_22:58:41 05262 11.280 512.000 5775.360 8.392 -427.200 -3585.062 0.83
2019-05-05_22:58:42 05263 11.280 524.000 5910.720 8.400 -435.200 -3655.680 0.83
2019-05-05_22:58:43 05264 11.288 524.400 5919.427 8.408 -442.400 -3719.699 0.82
2019-05-05_22:58:44 05265 11.296 486.400 5494.374 8.352 -365.600 -3053.491 0.82
2019-05-05_22:58:45 05266 11.320 464.000 5252.480 8.352 -390.000 -3257.280 0.82
2019-05-05_22:58:46 05267 11.312 483.200 5465.958 8.352 -382.400 -3193.805 0.82
2019-05-05_22:58:47 05268 11.304 485.200 5484.701 8.360 -396.000 -3310.560 0.82
2019-05-05_22:58:48 05269 11.304 493.200 5575.133 8.368 -401.200 -3357.242 0.82
2019-05-05_22:58:49 05270 11.288 502.800 5675.606 8.376 -408.800 -3424.109 0.83
2019-05-05_22:58:50 05271 11.304 488.400 5520.874 8.384 -424.400 -3558.170 0.83
2019-05-05_22:58:51 05272 11.296 493.600 5575.706 8.392 -431.600 -3621.987 0.83
2019-05-05_22:58:52 05273 11.296 498.000 5625.408 8.400 -435.200 -3655.680 0.83
2019-05-05_22:58:53 05274 11.296 503.200 5684.147 8.400 -443.600 -3726.240 0.83
2019-05-05_22:58:54 05275 11.288 521.200 5883.306 8.408 -438.400 -3686.067 0.82
2019-05-05_22:58:55 05276 11.280 499.600 5635.488 8.344 -365.600 -3050.566 0.82
2019-05-05_22:58:56 05277 11.312 476.400 5389.037 8.352 -385.200 -3217.190 0.82
2019-05-05_22:58:57 05278 11.304 484.400 5475.658 8.360 -390.800 -3267.088 0.82
2019-05-05_22:58:58 05279 11.304 486.800 5502.787 8.368 -396.800 -3320.422 0.82
2019-05-05_22:58:59 05280 11.304 500.000 5652.000 8.368 -400.400 -3350.547 0.82
2019-05-05_22:59:00 05281 11.296 500.000 5648.000 8.376 -412.400 -3454.262 0.83
2019-05-05_22:59:01 05282 11.288 518.000 5847.184 8.384 -416.800 -3494.451 0.83
2019-05-05_22:59:02 05283 11.304 494.800 5593.219 8.392 -434.000 -3642.128 0.83
2019-05-05_22:59:03 05284 11.288 512.000 5779.456 8.392 -426.800 -3581.706 0.83
2019-05-05_22:59:04 05285 11.280 518.000 5843.040 8.400 -434.400 -3648.960 0.83
2019-05-05_22:59:05 05286 11.280 520.400 5870.112 8.400 -439.600 -3692.640 0.83
2019-05-05_22:59:06 05287 11.280 527.600 5951.328 8.416 -448.000 -3770.368 0.82
2019-05-05_22:59:07 05288 11.320 478.000 5410.960 8.352 -383.200 -3200.486 0.82
2019-05-05_22:59:08 05289 11.304 481.200 5439.485 8.360 -388.400 -3247.024 0.82
2019-05-05_22:59:09 05290 11.288 502.000 5666.576 8.360 -387.600 -3240.336 0.82
2019-05-05_22:59:10 05291 11.296 490.800 5544.077 8.368 -402.800 -3370.630 0.82
2019-05-05_22:59:11 05292 11.296 501.200 5661.555 8.376 -408.000 -3417.408 0.83
2019-05-05_22:59:12 05293 11.304 488.800 5525.395 8.384 -425.200 -3564.877 0.83
2019-05-05_22:59:13 05294 11.288 506.000 5711.728 8.392 -418.800 -3514.570 0.83
2019-05-05_22:59:14 05295 11.280 514.800 5806.944 8.392 -424.800 -3564.922 0.83
2019-05-05_22:59:15 05296 11.288 517.600 5842.669 8.400 -432.000 -3628.800 0.83
2019-05-05_22:59:16 05297 11.296 509.600 5756.442 8.408 -448.800 -3773.510 0.82
2019-05-05_22:59:17 05298 11.312 482.800 5461.434 8.344 -369.600 -3083.942 0.82
2019-05-05_22:59:19 05299 11.296 493.200 5571.187 8.352 -380.400 -3177.101 0.82
2019-05-05_22:59:19 05300 11.304 479.600 5421.398 8.360 -388.400 -3247.024 0.82
2019-05-05_22:59:20 05301 11.304 487.200 5507.309 8.368 -393.600 -3293.645 0.82
2019-05-05_22:59:21 05302 11.296 494.000 5580.224 8.368 -402.800 -3370.630 0.82
2019-05-05_22:59:22 05303 11.296 495.600 5598.298 8.376 -409.600 -3430.810 0.83
2019-05-05_22:59:23 05304 11.288 502.800 5675.606 8.384 -417.200 -3497.805 0.83
2019-05-05_22:59:24 05305 11.288 509.600 5752.365 8.392 -421.200 -3534.710 0.83
2019-05-05_22:59:26 05306 11.280 516.800 5829.504 8.400 -427.600 -3591.840 0.83
2019-05-05_22:59:27 05307 11.288 518.800 5856.214 8.400 -431.200 -3622.080 0.83
2019-05-05_22:59:28 05308 11.280 520.800 5874.624 8.408 -437.600 -3679.341 0.82
2019-05-05_22:59:29 05309 11.312 472.000 5339.264 8.344 -374.800 -3127.331 0.82
2019-05-05_22:59:30 05310 11.312 477.200 5398.086 8.352 -380.000 -3173.760 0.82
2019-05-05_22:59:31 05311 11.304 480.000 5425.920 8.360 -384.800 -3216.928 0.82
2019-05-05_22:59:32 05312 11.312 471.600 5334.739 8.368 -401.600 -3360.589 0.82
2019-05-05_22:59:33 05313 11.304 488.800 5525.395 8.368 -400.000 -3347.200 0.82
2019-05-05_22:59:34 05314 11.304 500.000 5652.000 8.376 -411.200 -3444.211 0.83
2019-05-05_22:59:35 05315 11.288 504.400 5693.667 8.384 -415.200 -3481.037 0.83
2019-05-05_22:59:36 05316 11.288 507.200 5725.274 8.392 -420.400 -3527.997 0.83
2019-05-05_22:59:37 05317 11.272 530.400 5978.669 8.392 -414.400 -3477.645 0.83
2019-05-05_22:59:38 05318 11.280 517.200 5834.016 8.400 -428.400 -3598.560 0.83
2019-05-05_22:59:39 05319 11.280 522.800 5897.184 8.408 -437.600 -3679.341 0.82
2019-05-05_22:59:40 05320 11.320 471.200 5333.984 8.352 -376.400 -3143.693 0.82
2019-05-05_22:59:41 05321 11.312 475.600 5379.987 8.352 -381.600 -3187.123 0.82
2019-05-05_22:59:42 05322 11.296 495.600 5598.298 8.352 -372.400 -3110.285 0.82
2019-05-05_22:59:43 05323 11.304 490.000 5538.960 8.368 -394.800 -3303.686 0.82
2019-05-05_22:59:44 05324 11.304 504.400 5701.738 8.376 -401.200 -3360.451 0.82
2019-05-05_22:59:45 05325 11.296 496.000 5602.816 8.376 -402.800 -3373.853 0.83
2019-05-05_22:59:46 05326 11.296 497.600 5620.890 8.384 -423.600 -3551.462 0.83
2019-05-05_22:59:47 05327 11.304 494.400 5588.698 8.400 -432.800 -3635.520 0.83
2019-05-05_22:59:48 05328 11.296 500.800 5657.037 8.400 -435.200 -3655.680 0.83
2019-05-05_22:59:49 05329 11.296 502.000 5670.592 8.408 -438.800 -3689.430 0.82
2019-05-05_22:59:50 05330 11.328 449.600 5093.069 8.344 -375.600 -3134.006 0.82
2019-05-05_22:59:51 05331 11.320 470.000 5320.400 8.352 -372.400 -3110.285 0.82
2019-05-05_22:59:52 05332 11.304 478.000 5403.312 8.352 -380.800 -3180.442 0.82
2019-05-05_22:59:53 05333 11.312 480.000 5429.760 8.360 -385.200 -3220.272 0.82
2019-05-05_22:59:54 05334 11.304 482.400 5453.050 8.368 -393.600 -3293.645 0.82
2019-05-05_22:59:55 05335 11.312 476.000 5384.512 8.376 -410.800 -3440.861 0.82
2019-05-05_22:59:56 05336 11.304 482.000 5448.528 8.384 -414.400 -3474.330 0.83
2019-05-05_22:59:57 05337 11.304 484.800 5480.179 8.392 -418.000 -3507.856 0.83
2019-05-05_22:59:58 05338 11.296 507.600 5733.850 8.392 -421.200 -3534.710 0.83
2019-05-05_22:59:59 05339 11.288 509.200 5747.850 8.392 -423.600 -3554.851 0.83
2019-05-05_23:00:00 05340 11.288 525.200 5928.458 8.400 -432.000 -3628.800 0.83
2019-05-05_23:00:01 05341 11.288 510.000 5756.880 8.408 -440.400 -3702.883 0.82
2019-05-05_23:00:02 05342 11.328 471.600 5342.285 8.352 -374.000 -3123.648 0.82
2019-05-05_23:00:03 05343 11.320 478.400 5415.488 8.352 -366.800 -3063.514 0.82
2019-05-05_23:00:04 05344 11.304 484.400 5475.658 8.360 -387.200 -3236.992 0.82
2019-05-05_23:00:05 05345 11.312 486.000 5497.632 8.368 -394.800 -3303.686 0.82
2019-05-05_23:00:06 05346 11.296 487.600 5507.930 8.368 -397.600 -3327.117 0.82
2019-05-05_23:00:07 05347 11.296 494.800 5589.261 8.384 -408.800 -3427.379 0.83
2019-05-05_23:00:08 05348 11.296 498.800 5634.445 8.384 -413.200 -3464.269 0.83
2019-05-05_23:00:09 05349 11.296 504.000 5693.184 8.392 -418.400 -3511.213 0.83
2019-05-05_23:00:10 05350 11.296 515.200 5819.699 8.392 -426.400 -3578.349 0.83
2019-05-05_23:00:11 05351 11.288 517.600 5842.669 8.400 -429.600 -3608.640 0.83
2019-05-05_23:00:12 05352 11.288 518.800 5856.214 8.408 -437.600 -3679.341 0.82
2019-05-05_23:00:13 05353 11.320 471.600 5338.512 8.352 -375.600 -3137.011 0.82