2019-05-05_01:23:03 06061 11.576 166.000 1921.616 8.392 0.000 0.000 0.76
2019-05-05_01:23:04 06062 11.568 168.800 1952.678 8.400 0.000 0.000 0.76
2019-05-05_01:23:05 06063 11.576 168.800 1954.029 8.408 0.000 0.000 0.75
2019-05-05_01:23:06 06064 11.568 196.400 2271.955 8.296 0.000 0.000 0.77
2019-05-05_01:23:07 06065 11.568 170.400 1971.187 8.552 0.000 0.000 0.76
2019-05-05_01:23:08 06066 11.552 194.400 2245.709 8.400 0.400 3.360 0.76
2019-05-05_01:23:09 06067 11.568 169.600 1961.933 8.424 0.000 0.000 0.75
2019-05-05_01:23:10 06068 11.584 169.600 1964.646 8.320 0.400 3.328 0.75
2019-05-05_01:23:11 06069 11.560 196.800 2275.008 8.312 0.400 3.325 0.75
2019-05-05_01:23:12 06070 11.576 170.000 1967.920 8.336 0.400 3.334 0.75
2019-05-05_01:23:13 06071 11.560 196.400 2270.384 8.336 0.000 0.000 0.75
2019-05-05_01:23:14 06072 11.576 170.400 1972.550 8.360 0.000 0.000 0.76
2019-05-05_01:23:15 06073 11.576 169.200 1958.659 8.368 0.400 3.347 0.76
2019-05-05_01:23:16 06074 11.576 170.000 1967.920 8.384 0.400 3.354 0.76
2019-05-05_01:23:17 06075 11.576 170.800 1977.181 8.392 0.400 3.357 0.76
2019-05-05_01:23:18 06076 11.576 170.000 1967.920 8.400 0.400 3.360 0.76
2019-05-05_01:23:19 06077 11.576 168.800 1954.029 8.408 0.000 0.000 0.75
2019-05-05_01:23:20 06078 11.584 167.200 1936.845 8.304 0.400 3.322 0.75
2019-05-05_01:23:21 06079 11.584 168.400 1950.746 8.312 0.400 3.325 0.75
2019-05-05_01:23:22 06080 11.584 167.200 1936.845 8.328 0.400 3.331 0.75
2019-05-05_01:23:23 06081 11.584 170.000 1969.280 8.336 0.400 3.334 0.75
2019-05-05_01:23:24 06082 11.576 166.400 1926.246 8.344 0.400 3.338 0.75
2019-05-05_01:23:25 06083 11.576 167.600 1940.138 8.360 0.400 3.344 0.76
2019-05-05_01:23:26 06084 11.552 189.200 2185.638 8.360 0.000 0.000 0.76
2019-05-05_01:23:27 06085 11.576 169.600 1963.290 8.376 0.400 3.350 0.76
2019-05-05_01:23:28 06086 11.560 198.000 2288.880 8.376 0.000 0.000 0.76
2019-05-05_01:23:29 06087 11.576 170.000 1967.920 8.400 0.400 3.360 0.76
2019-05-05_01:23:30 06088 11.560 196.400 2270.384 8.392 0.000 0.000 0.76
2019-05-05_01:23:31 06089 11.552 191.200 2208.742 8.416 0.000 0.000 0.75
2019-05-05_01:23:32 06090 11.584 168.800 1955.379 8.312 0.400 3.325 0.75
2019-05-05_01:23:33 06091 11.568 197.600 2285.837 8.312 0.400 3.325 0.75
2019-05-05_01:23:34 06092 11.576 170.400 1972.550 8.336 0.000 0.000 0.75
2019-05-05_01:23:35 06093 11.576 170.400 1972.550 8.352 0.400 3.341 0.75
2019-05-05_01:23:36 06094 11.560 198.400 2293.504 8.344 0.400 3.338 0.76
2019-05-05_01:23:37 06095 11.576 166.800 1930.877 8.368 0.400 3.347 0.76
2019-05-05_01:23:38 06096 11.576 170.000 1967.920 8.376 0.400 3.350 0.76
2019-05-05_01:23:39 06097 11.576 170.400 1972.550 8.384 0.400 3.354 0.76
2019-05-05_01:23:40 06098 11.576 169.600 1963.290 8.400 0.400 3.360 0.76
2019-05-05_01:23:41 06099 11.576 168.800 1954.029 8.408 0.000 0.000 0.75
2019-05-05_01:23:42 06100 11.584 169.600 1964.646 8.304 0.400 3.322 0.75
2019-05-05_01:23:43 06101 11.560 184.400 2131.664 8.312 0.000 0.000 0.75
2019-05-05_01:23:44 06102 11.584 168.400 1950.746 8.328 0.000 0.000 0.75
2019-05-05_01:23:45 06103 11.576 170.000 1967.920 8.344 0.400 3.338 0.75
2019-05-05_01:23:46 06104 11.560 195.600 2261.136 8.328 0.000 0.000 0.75
2019-05-05_01:23:47 06105 11.584 169.200 1960.013 8.360 0.400 3.344 0.76
2019-05-05_01:23:48 06106 11.552 198.400 2291.917 8.352 0.400 3.341 0.76
2019-05-05_01:23:49 06107 11.576 170.800 1977.181 8.376 0.400 3.350 0.76
2019-05-05_01:23:50 06108 11.576 170.000 1967.920 8.384 0.400 3.354 0.76
2019-05-05_01:23:51 06109 11.552 195.600 2259.571 8.384 0.000 0.000 0.76
2019-05-05_01:23:52 06110 11.576 168.000 1944.768 8.416 0.000 0.000 0.75
2019-05-05_01:23:53 06111 11.560 197.200 2279.632 8.296 0.000 0.000 0.77
2019-05-05_01:23:54 06112 11.568 169.600 1961.933 8.552 0.000 0.000 0.76
2019-05-05_01:23:55 06113 11.568 170.800 1975.814 8.408 0.000 0.000 0.75
2019-05-05_01:23:56 06114 11.560 201.200 2325.872 8.288 0.400 3.315 0.77
2019-05-05_01:23:57 06115 11.568 168.400 1948.051 8.552 0.000 0.000 0.76
2019-05-05_01:23:58 06116 11.568 170.400 1971.187 8.408 0.400 3.363 0.75
2019-05-05_01:23:59 06117 11.584 168.800 1955.379 8.304 0.000 0.000 0.75
2019-05-05_01:24:00 06118 11.584 170.400 1973.914 8.320 0.400 3.328 0.75
2019-05-05_01:24:01 06119 11.560 196.800 2275.008 8.312 0.400 3.325 0.75
2019-05-05_01:24:02 06120 11.576 170.400 1972.550 8.336 0.400 3.334 0.75
2019-05-05_01:24:03 06121 11.560 193.600 2238.016 8.336 0.000 0.000 0.75
2019-05-05_01:24:04 06122 11.576 168.800 1954.029 8.360 0.400 3.344 0.76
2019-05-05_01:24:05 06123 11.576 170.000 1967.920 8.368 0.400 3.347 0.76
2019-05-05_01:24:06 06124 11.552 200.000 2310.400 8.368 0.000 0.000 0.76
2019-05-05_01:24:07 06125 11.576 170.000 1967.920 8.392 0.400 3.357 0.76
2019-05-05_01:24:08 06126 11.552 198.800 2296.538 8.384 0.000 0.000 0.76
2019-05-05_01:24:09 06127 11.576 167.200 1935.507 8.408 0.400 3.363 0.75
2019-05-05_01:24:10 06128 11.584 170.000 1969.280 8.304 0.000 0.000 0.75
2019-05-05_01:24:11 06129 11.568 196.400 2271.955 8.296 0.400 3.318 0.77
2019-05-05_01:24:12 06130 11.568 170.000 1966.560 8.568 0.000 0.000 0.76
2019-05-05_01:24:13 06131 11.552 191.600 2213.363 8.416 0.000 0.000 0.75
2019-05-05_01:24:14 06132 11.584 170.400 1973.914 8.320 0.400 3.328 0.75
2019-05-05_01:24:15 06133 11.584 170.800 1978.547 8.328 0.400 3.331 0.75
2019-05-05_01:24:16 06134 11.560 197.200 2279.632 8.320 0.000 0.000 0.75
2019-05-05_01:24:17 06135 11.584 169.600 1964.646 8.344 0.400 3.338 0.75
2019-05-05_01:24:18 06136 11.552 188.800 2181.018 8.344 0.000 0.000 0.76
2019-05-05_01:24:19 06137 11.576 168.400 1949.398 8.368 0.000 0.000 0.76
2019-05-05_01:24:20 06138 11.576 170.400 1972.550 8.376 0.400 3.350 0.76
2019-05-05_01:24:21 06139 11.576 168.800 1954.029 8.392 0.400 3.357 0.76
2019-05-05_01:24:22 06140 11.576 170.400 1972.550 8.400 0.000 0.000 0.76
2019-05-05_01:24:23 06141 11.576 169.200 1958.659 8.408 0.400 3.363 0.75
2019-05-05_01:24:24 06142 11.584 166.800 1932.211 8.312 0.400 3.325 0.75
2019-05-05_01:24:25 06143 11.592 161.200 1868.630 8.312 0.400 3.325 0.75
2019-05-05_01:24:26 06144 11.584 154.400 1788.570 8.328 0.400 3.331 0.75
2019-05-05_01:24:27 06145 11.576 168.800 1954.029 8.336 0.400 3.334 0.75
2019-05-05_01:24:28 06146 11.560 182.000 2103.920 8.344 0.400 3.338 0.75
2019-05-05_01:24:29 06147 11.576 169.200 1958.659 8.360 0.400 3.344 0.76
2019-05-05_01:24:30 06148 11.576 181.200 2097.571 8.360 0.400 3.344 0.76
2019-05-05_01:24:31 06149 11.568 173.200 2003.578 8.360 0.000 0.000 0.76
2019-05-05_01:24:32 06150 11.576 170.400 1972.550 8.392 0.400 3.357 0.76
2019-05-05_01:24:33 06151 11.568 192.400 2225.683 8.392 0.000 0.000 0.76
2019-05-05_01:24:34 06152 11.576 170.400 1972.550 8.408 0.000 0.000 0.75
2019-05-05_01:24:35 06153 11.584 171.600 1987.814 8.304 0.400 3.322 0.75
2019-05-05_01:24:36 06154 11.560 197.200 2279.632 8.312 0.000 0.000 0.75
2019-05-05_01:24:37 06155 11.576 170.000 1967.920 8.328 0.400 3.331 0.75
2019-05-05_01:24:38 06156 11.560 181.600 2099.296 8.328 0.000 0.000 0.75
2019-05-05_01:24:39 06157 11.584 168.800 1955.379 8.352 0.400 3.341 0.75
2019-05-05_01:24:40 06158 11.576 170.000 1967.920 8.360 0.400 3.344 0.76
2019-05-05_01:24:41 06159 11.576 170.000 1967.920 8.376 0.400 3.350 0.76
2019-05-05_01:24:42 06160 11.584 169.200 1960.013 8.376 0.400 3.350 0.76
2019-05-05_01:24:43 06161 11.584 156.000 1807.104 8.392 0.400 3.357 0.76