2019-05-05_22:56:51 05152 11.280 517.200 5834.016 8.392 -433.200 -3635.414 0.83
2019-05-05_22:56:52 05153 11.264 535.200 6028.493 8.384 -426.000 -3571.584 0.83
2019-05-05_22:56:53 05154 11.280 524.400 5915.232 8.400 -446.000 -3746.400 0.83
2019-05-05_22:56:54 05155 11.272 547.200 6168.038 8.400 -430.400 -3615.360 0.83
2019-05-05_22:56:55 05156 11.280 542.000 6113.760 8.408 -446.800 -3756.694 0.82
2019-05-05_22:56:56 05157 11.312 471.200 5330.214 8.352 -403.600 -3370.867 0.82
2019-05-05_22:56:57 05158 11.304 473.600 5353.574 8.360 -406.800 -3400.848 0.82
2019-05-05_22:56:58 05159 11.296 496.800 5611.853 8.360 -405.600 -3390.816 0.82
2019-05-05_22:56:59 05160 11.296 505.600 5711.258 8.376 -413.600 -3464.314 0.83
2019-05-05_22:57:00 05161 11.280 519.600 5861.088 8.368 -411.600 -3444.269 0.83
2019-05-05_22:57:01 05162 11.288 514.800 5811.062 8.384 -416.400 -3491.098 0.83
2019-05-05_22:57:02 05163 11.280 517.200 5834.016 8.384 -432.000 -3621.888 0.83
2019-05-05_22:57:03 05164 11.280 514.800 5806.944 8.392 -437.600 -3672.339 0.83
2019-05-05_22:57:04 05165 11.280 528.800 5964.864 8.400 -448.000 -3763.200 0.83
2019-05-05_22:57:05 05166 11.272 533.600 6014.739 8.408 -454.000 -3817.232 0.82
2019-05-05_22:57:06 05167 11.312 483.600 5470.483 8.352 -389.200 -3250.598 0.82
2019-05-05_22:57:07 05168 11.304 482.400 5453.050 8.352 -394.800 -3297.370 0.82
2019-05-05_22:57:08 05169 11.296 489.200 5526.003 8.360 -402.400 -3364.064 0.82
2019-05-05_22:57:09 05170 11.296 497.200 5616.371 8.360 -406.400 -3397.504 0.82
2019-05-05_22:57:10 05171 11.272 520.800 5870.458 8.360 -399.600 -3340.656 0.83
2019-05-05_22:57:11 05172 11.272 528.000 5951.616 8.368 -410.000 -3430.880 0.83
2019-05-05_22:57:12 05173 11.288 515.600 5820.093 8.384 -420.800 -3527.987 0.83
2019-05-05_22:57:13 05174 11.280 519.200 5856.576 8.392 -431.600 -3621.987 0.83
2019-05-05_22:57:14 05175 11.280 532.000 6000.960 8.392 -432.400 -3628.701 0.83
2019-05-05_22:57:15 05176 11.280 524.000 5910.720 8.400 -440.800 -3702.720 0.83
2019-05-05_22:57:16 05177 11.264 535.200 6028.493 8.408 -447.200 -3760.058 0.82
2019-05-05_22:57:17 05178 11.312 480.000 5429.760 8.344 -381.600 -3184.070 0.82
2019-05-05_22:57:18 05179 11.304 485.600 5489.222 8.352 -393.200 -3284.006 0.82
2019-05-05_22:57:19 05180 11.288 500.800 5653.030 8.352 -396.000 -3307.392 0.82
2019-05-05_22:57:20 05181 11.296 495.600 5598.298 8.368 -404.400 -3384.019 0.82
2019-05-05_22:57:21 05182 11.280 512.000 5775.360 8.368 -407.200 -3407.450 0.83
2019-05-05_22:57:22 05183 11.288 505.600 5707.213 8.376 -422.000 -3534.672 0.83
2019-05-05_22:57:23 05184 11.280 520.400 5870.112 8.384 -420.400 -3524.634 0.83
2019-05-05_22:57:24 05185 11.272 534.800 6028.266 8.384 -426.000 -3571.584 0.83
2019-05-05_22:57:25 05186 11.288 518.800 5856.214 8.392 -436.800 -3665.626 0.83
2019-05-05_22:57:26 05187 11.280 524.400 5915.232 8.400 -442.800 -3719.520 0.83
2019-05-05_22:57:27 05188 11.272 529.200 5965.142 8.408 -449.200 -3776.874 0.82
2019-05-05_22:57:28 05189 11.296 487.600 5507.930 8.344 -378.400 -3157.370 0.82
2019-05-05_22:57:29 05190 11.304 486.400 5498.266 8.352 -395.600 -3304.051 0.82
2019-05-05_22:57:30 05191 11.304 490.800 5548.003 8.360 -398.400 -3330.624 0.82
2019-05-05_22:57:31 05192 11.304 492.000 5561.568 8.368 -403.200 -3373.978 0.82
2019-05-05_22:57:32 05193 11.288 502.000 5666.576 8.368 -414.000 -3464.352 0.83
2019-05-05_22:57:33 05194 11.296 507.600 5733.850 8.376 -417.600 -3497.818 0.83
2019-05-05_22:57:34 05195 11.304 499.600 5647.478 8.392 -435.600 -3655.555 0.83
2019-05-05_22:57:35 05196 11.264 532.800 6001.459 8.376 -417.600 -3497.818 0.83
2019-05-05_22:57:36 05197 11.288 527.600 5955.549 8.400 -441.600 -3709.440 0.83
2019-05-05_22:57:37 05198 11.288 524.000 5914.912 8.400 -438.000 -3679.200 0.83
2019-05-05_22:57:38 05199 11.272 529.200 5965.142 8.408 -450.000 -3783.600 0.82
2019-05-05_22:57:39 05200 11.304 478.400 5407.834 8.352 -387.600 -3237.235 0.82
2019-05-05_22:57:40 05201 11.304 481.600 5444.006 8.352 -388.400 -3243.917 0.82
2019-05-05_22:57:41 05202 11.312 475.200 5375.462 8.360 -406.400 -3397.504 0.82
2019-05-05_22:57:42 05203 11.304 492.000 5561.568 8.368 -404.400 -3384.019 0.82
2019-05-05_22:57:43 05204 11.296 503.200 5684.147 8.376 -412.400 -3454.262 0.83
2019-05-05_22:57:44 05205 11.288 505.200 5702.698 8.376 -420.800 -3524.621 0.83
2019-05-05_22:57:45 05206 11.280 510.800 5761.824 8.384 -427.600 -3584.998 0.83
2019-05-05_22:57:46 05207 11.288 512.400 5783.971 8.392 -430.000 -3608.560 0.83
2019-05-05_22:57:47 05208 11.280 523.200 5901.696 8.400 -439.600 -3692.640 0.83
2019-05-05_22:57:48 05209 11.288 514.800 5811.062 8.400 -442.800 -3719.520 0.83
2019-05-05_22:57:49 05210 11.256 533.200 6001.699 8.400 -436.800 -3669.120 0.83
2019-05-05_22:57:50 05211 11.288 521.600 5887.821 8.424 -464.800 -3915.475 0.82
2019-05-05_22:57:51 05212 11.304 484.800 5480.179 8.352 -392.400 -3277.325 0.82
2019-05-05_22:57:52 05213 11.288 492.400 5558.211 8.360 -394.400 -3297.184 0.82
2019-05-05_22:57:53 05214 11.296 494.400 5584.742 8.368 -404.800 -3387.366 0.82
2019-05-05_22:57:54 05215 11.288 506.000 5711.728 8.376 -413.200 -3460.963 0.83
2019-05-05_22:57:55 05216 11.288 505.200 5702.698 8.384 -419.600 -3517.926 0.83
2019-05-05_22:57:56 05217 11.288 510.000 5756.880 8.384 -427.200 -3581.645 0.83
2019-05-05_22:57:57 05218 11.296 497.200 5616.371 8.392 -438.000 -3675.696 0.83
2019-05-05_22:57:58 05219 11.272 521.600 5879.475 8.400 -436.800 -3669.120 0.83
2019-05-05_22:57:59 05220 11.280 526.400 5937.792 8.408 -441.600 -3712.973 0.82
2019-05-05_22:58:00 05221 11.312 474.800 5370.938 8.344 -377.600 -3150.694 0.82
2019-05-05_22:58:01 05222 11.312 475.600 5379.987 8.352 -386.000 -3223.872 0.82
2019-05-05_22:58:02 05223 11.304 484.000 5471.136 8.360 -393.600 -3290.496 0.82
2019-05-05_22:58:03 05224 11.296 491.600 5553.114 8.360 -384.000 -3210.240 0.82
2019-05-05_22:58:04 05225 11.312 476.000 5384.512 8.368 -411.600 -3444.269 0.82
2019-05-05_22:58:05 05226 11.288 498.000 5621.424 8.368 -412.000 -3447.616 0.83
2019-05-05_22:58:06 05227 11.288 504.000 5689.152 8.376 -414.400 -3471.014 0.83
2019-05-05_22:58:07 05228 11.288 514.000 5802.032 8.384 -424.000 -3554.816 0.83
2019-05-05_22:58:08 05229 11.288 514.400 5806.547 8.392 -428.000 -3591.776 0.83
2019-05-05_22:58:09 05230 11.288 512.400 5783.971 8.392 -435.600 -3655.555 0.83
2019-05-05_22:58:10 05231 11.264 542.400 6109.594 8.392 -428.800 -3598.490 0.83
2019-05-05_22:58:11 05232 11.280 530.800 5987.424 8.408 -445.200 -3743.242 0.82
2019-05-05_22:58:12 05233 11.304 481.600 5444.006 8.352 -386.800 -3230.554 0.82
2019-05-05_22:58:13 05234 11.312 482.000 5452.384 8.360 -390.800 -3267.088 0.82
2019-05-05_22:58:14 05235 11.304 488.800 5525.395 8.360 -387.200 -3236.992 0.82
2019-05-05_22:58:15 05236 11.304 479.600 5421.398 8.368 -409.600 -3427.533 0.82
2019-05-05_22:58:16 05237 11.296 499.200 5638.963 8.376 -410.000 -3434.160 0.83
2019-05-05_22:58:17 05238 11.296 506.000 5715.776 8.376 -420.000 -3517.920 0.83
2019-05-05_22:58:18 05239 11.280 514.000 5797.920 8.384 -424.000 -3554.816 0.83
2019-05-05_22:58:19 05240 11.296 499.600 5643.482 8.392 -439.600 -3689.123 0.83
2019-05-05_22:58:20 05241 11.288 521.600 5887.821 8.400 -438.000 -3679.200 0.83
2019-05-05_22:58:21 05242 11.272 522.400 5888.493 8.400 -439.600 -3692.640 0.83
2019-05-05_22:58:22 05243 11.280 528.000 5955.840 8.408 -448.000 -3766.784 0.82
2019-05-05_22:58:23 05244 11.312 476.000 5384.512 8.352 -383.200 -3200.486 0.82
2019-05-05_22:58:24 05245 11.304 485.200 5484.701 8.352 -392.400 -3277.325 0.82
2019-05-05_22:58:25 05246 11.304 491.600 5557.046 8.360 -395.200 -3303.872 0.82
2019-05-05_22:58:26 05247 11.288 499.200 5634.970 8.368 -401.600 -3360.589 0.82
2019-05-05_22:58:27 05248 11.304 486.000 5493.744 8.384 -421.200 -3531.341 0.83
2019-05-05_22:58:28 05249 11.288 508.400 5738.819 8.376 -415.600 -3481.066 0.83
2019-05-05_22:58:29 05250 11.288 508.800 5743.334 8.384 -422.000 -3538.048 0.83
2019-05-05_22:58:30 05251 11.272 527.200 5942.598 8.384 -409.200 -3430.733 0.83
2019-05-05_22:58:31 05252 11.296 503.200 5684.147 8.400 -445.600 -3743.040 0.83