2019-05-06_22:20:12 00010 1.136 -5.200 -5.907 8.024 161.200 1293.469 0.00
2019-05-06_22:20:22 00020 1.080 -5.200 -5.616 7.976 252.000 2009.952 0.00
2019-05-06_22:20:33 00030 1.064 -5.200 -5.533 8.056 145.600 1172.954 0.00
2019-05-06_22:20:43 00040 1.072 -5.200 -5.574 8.064 142.400 1148.314 0.00
2019-05-06_22:20:53 00050 1.072 -5.200 -5.574 8.056 150.000 1208.400 0.00
2019-05-06_22:21:03 00060 1.072 -5.200 -5.574 8.056 142.000 1143.952 0.00
2019-05-06_22:21:13 00070 1.064 -5.200 -5.533 8.040 141.600 1138.464 0.00
2019-05-06_22:21:23 00080 1.064 -5.200 -5.533 8.056 144.000 1160.064 0.00
2019-05-06_22:21:33 00090 1.064 -5.200 -5.533 8.056 144.400 1163.286 0.00
2019-05-06_22:21:43 00100 1.064 -5.200 -5.533 8.056 164.400 1324.406 0.00
2019-05-06_22:21:53 00110 1.064 -5.200 -5.533 8.040 147.200 1183.488 0.00
2019-05-06_22:22:03 00120 1.064 -5.200 -5.533 8.024 184.000 1476.416 0.00
2019-05-06_22:22:13 00130 1.064 -5.200 -5.533 8.056 148.000 1192.288 0.00
2019-05-06_22:22:23 00140 1.064 -5.200 -5.533 8.056 144.400 1163.286 0.00
2019-05-06_22:22:33 00150 1.064 -5.200 -5.533 8.056 142.400 1147.174 0.00
2019-05-06_22:22:43 00160 1.064 -5.200 -5.533 8.016 187.600 1503.802 0.00
2019-05-06_22:22:53 00170 1.056 -5.200 -5.491 8.048 154.000 1239.392 0.00
2019-05-06_22:23:03 00180 1.056 -5.200 -5.491 8.048 147.200 1184.666 0.00
2019-05-06_22:23:13 00190 1.056 -5.200 -5.491 8.040 146.400 1177.056 0.00
2019-05-06_22:23:23 00200 1.056 -5.200 -5.491 8.048 146.800 1181.446 0.00
2019-05-06_22:23:33 00210 1.056 -5.200 -5.491 8.048 148.000 1191.104 0.00
2019-05-06_22:23:43 00220 1.056 -5.200 -5.491 8.048 148.400 1194.323 0.00
2019-05-06_22:23:53 00230 1.056 -5.200 -5.491 8.056 142.800 1150.397 0.00
2019-05-06_22:24:03 00240 1.056 -5.200 -5.491 8.048 144.000 1158.912 0.00
2019-05-06_22:24:13 00250 1.056 -5.200 -5.491 8.056 141.600 1140.730 0.00
2019-05-06_22:24:23 00260 1.056 -5.200 -5.491 8.032 145.600 1169.459 0.00
2019-05-06_22:24:33 00270 1.056 -5.200 -5.491 8.048 146.800 1181.446 0.00
2019-05-06_22:24:43 00280 1.048 -5.200 -5.450 8.032 184.000 1477.888 0.00
2019-05-06_22:24:53 00290 1.048 -5.200 -5.450 8.048 147.600 1187.885 0.00
2019-05-06_22:25:03 00300 1.048 -5.200 -5.450 8.048 144.800 1165.350 0.00
2019-05-06_22:25:13 00310 1.048 -5.200 -5.450 8.032 151.200 1214.438 0.00
2019-05-06_22:25:23 00320 1.048 -5.200 -5.450 8.056 142.400 1147.174 0.00
2019-05-06_22:25:33 00330 1.048 -5.200 -5.450 8.048 144.400 1162.131 0.00
2019-05-06_22:25:43 00340 1.048 -5.200 -5.450 8.048 144.400 1162.131 0.00
2019-05-06_22:25:53 00350 1.048 -5.200 -5.450 8.048 144.000 1158.912 0.00
2019-05-06_22:26:03 00360 1.048 -5.200 -5.450 8.024 185.200 1486.045 0.00
2019-05-06_22:26:13 00370 1.048 -5.200 -5.450 8.048 147.200 1184.666 0.00
2019-05-06_22:26:23 00380 1.048 -5.200 -5.450 8.048 150.800 1213.638 0.00
2019-05-06_22:26:33 00390 1.048 -5.200 -5.450 8.048 163.600 1316.653 0.00
2019-05-06_22:26:43 00400 1.048 -5.200 -5.450 8.032 146.400 1175.885 0.00
2019-05-06_22:26:53 00410 1.048 -5.200 -5.450 8.048 203.600 1638.573 0.00
2019-05-06_22:27:03 00420 1.048 -5.200 -5.450 8.040 144.000 1157.760 0.00
2019-05-06_22:27:13 00430 1.048 -5.200 -5.450 8.048 144.000 1158.912 0.00
2019-05-06_22:27:23 00440 1.048 -5.200 -5.450 8.048 143.200 1152.474 0.00
2019-05-06_22:27:33 00450 1.048 -5.200 -5.450 8.048 144.000 1158.912 0.00
2019-05-06_22:27:43 00460 1.048 -5.200 -5.450 8.016 146.800 1176.749 0.00
2019-05-06_22:27:53 00470 1.048 -5.200 -5.450 8.048 145.600 1171.789 0.00
2019-05-06_22:28:03 00480 1.048 -5.200 -5.450 8.048 147.600 1187.885 0.00
2019-05-06_22:28:13 00490 1.048 -5.200 -5.450 8.048 147.600 1187.885 0.00
2019-05-06_22:28:23 00500 1.048 -5.200 -5.450 8.024 169.600 1360.870 0.00
2019-05-06_22:28:33 00510 1.048 -5.200 -5.450 8.016 194.400 1558.310 0.00
2019-05-06_22:28:43 00520 1.048 -5.200 -5.450 8.048 146.000 1175.008 0.00
2019-05-06_22:28:53 00530 1.040 -5.200 -5.408 8.048 145.200 1168.570 0.00
2019-05-06_22:29:03 00540 1.040 -5.200 -5.408 8.048 144.000 1158.912 0.00
2019-05-06_22:29:13 00550 1.048 -5.200 -5.450 8.048 146.800 1181.446 0.00
2019-05-06_22:29:23 00560 1.040 -5.200 -5.408 8.048 146.800 1181.446 0.00
2019-05-06_22:29:33 00570 1.040 -5.200 -5.408 8.040 147.200 1183.488 0.00
2019-05-06_22:29:43 00580 1.040 -5.200 -5.408 8.040 148.000 1189.920 0.00
2019-05-06_22:29:53 00590 1.040 -5.200 -5.408 8.048 144.400 1162.131 0.00
2019-05-06_22:30:03 00600 1.040 -5.200 -5.408 8.000 188.400 1507.200 0.00
2019-05-06_22:30:14 00610 1.040 -5.200 -5.408 8.040 142.000 1141.680 0.00
2019-05-06_22:30:24 00620 1.040 -5.200 -5.408 8.048 142.400 1146.035 0.00
2019-05-06_22:30:34 00630 1.040 -5.200 -5.408 8.048 144.400 1162.131 0.00
2019-05-06_22:30:44 00640 1.040 -5.200 -5.408 8.040 147.600 1186.704 0.00
2019-05-06_22:30:54 00650 1.040 -5.200 -5.408 8.040 145.600 1170.624 0.00
2019-05-06_22:31:04 00660 1.040 -5.200 -5.408 8.040 147.200 1183.488 0.00
2019-05-06_22:31:14 00670 1.040 -5.200 -5.408 8.040 146.800 1180.272 0.00
2019-05-06_22:31:24 00680 1.040 -5.200 -5.408 8.048 144.800 1165.350 0.00
2019-05-06_22:31:34 00690 1.040 -5.200 -5.408 8.048 144.400 1162.131 0.00
2019-05-06_22:31:44 00700 1.040 -5.200 -5.408 8.048 144.000 1158.912 0.00
2019-05-06_22:31:54 00710 1.040 -5.200 -5.408 8.048 196.800 1583.846 0.00
2019-05-06_22:32:04 00720 1.040 -5.200 -5.408 8.048 144.400 1162.131 0.00
2019-05-06_22:32:14 00730 1.040 -5.200 -5.408 8.040 147.600 1186.704 0.00
2019-05-06_22:32:24 00740 1.040 -5.200 -5.408 8.040 144.400 1160.976 0.00
2019-05-06_22:32:34 00750 1.040 -5.200 -5.408 8.008 189.600 1518.317 0.00
2019-05-06_22:32:44 00760 1.040 -5.200 -5.408 8.040 148.000 1189.920 0.00
2019-05-06_22:32:54 00770 1.040 -5.200 -5.408 8.040 151.600 1218.864 0.00
2019-05-06_22:33:04 00780 1.040 -5.200 -5.408 8.040 144.000 1157.760 0.00
2019-05-06_22:33:14 00790 1.040 -5.200 -5.408 8.032 144.800 1163.034 0.00
2019-05-06_22:33:24 00800 1.040 -5.200 -5.408 8.040 142.000 1141.680 0.00
2019-05-06_22:33:34 00810 1.040 -5.200 -5.408 8.040 144.400 1160.976 0.00
2019-05-06_22:33:44 00820 1.040 -5.200 -5.408 8.032 146.400 1175.885 0.00
2019-05-06_22:33:54 00830 1.040 -5.200 -5.408 8.040 148.400 1193.136 0.00
2019-05-06_22:34:04 00840 1.040 -5.200 -5.408 8.040 146.800 1180.272 0.00
2019-05-06_22:34:14 00850 1.040 -5.200 -5.408 8.040 146.400 1177.056 0.00
2019-05-06_22:34:24 00860 1.040 -5.200 -5.408 8.040 144.400 1160.976 0.00
2019-05-06_22:34:34 00870 1.040 -5.200 -5.408 8.032 144.800 1163.034 0.00
2019-05-06_22:34:44 00880 1.040 -5.200 -5.408 8.040 144.400 1160.976 0.00
2019-05-06_22:34:54 00890 1.040 -5.200 -5.408 8.040 144.800 1164.192 0.00
2019-05-06_22:35:04 00900 1.040 -5.200 -5.408 8.016 170.000 1362.720 0.00
2019-05-06_22:35:14 00910 1.040 -5.200 -5.408 8.040 148.400 1193.136 0.00