2019-05-05_01:09:34 05253 11.576 165.200 1912.355 8.344 0.400 3.338 0.75
2019-05-05_01:09:35 05254 11.576 169.200 1958.659 8.352 0.000 0.000 0.75
2019-05-05_01:09:36 05255 11.560 194.400 2247.264 8.352 0.400 3.341 0.76
2019-05-05_01:09:37 05256 11.576 170.400 1972.550 8.368 0.000 0.000 0.76
2019-05-05_01:09:38 05257 11.576 169.200 1958.659 8.376 0.400 3.350 0.76
2019-05-05_01:09:39 05258 11.576 169.200 1958.659 8.392 0.000 0.000 0.76
2019-05-05_01:09:40 05259 11.576 170.000 1967.920 8.400 0.000 0.000 0.76
2019-05-05_01:09:41 05260 11.552 193.200 2231.846 8.416 0.000 0.000 0.75
2019-05-05_01:09:42 05261 11.584 168.400 1950.746 8.304 0.000 0.000 0.75
2019-05-05_01:09:43 05262 11.584 170.000 1969.280 8.320 0.000 0.000 0.75
2019-05-05_01:09:44 05263 11.584 169.600 1964.646 8.328 0.000 0.000 0.75
2019-05-05_01:09:45 05264 11.584 169.200 1960.013 8.336 0.400 3.334 0.75
2019-05-05_01:09:46 05265 11.560 194.000 2242.640 8.336 0.400 3.334 0.75
2019-05-05_01:09:47 05266 11.576 166.400 1926.246 8.360 0.400 3.344 0.76
2019-05-05_01:09:48 05267 11.576 166.800 1930.877 8.368 0.000 0.000 0.76
2019-05-05_01:09:49 05268 11.576 168.400 1949.398 8.384 0.000 0.000 0.76
2019-05-05_01:09:50 05269 11.576 170.400 1972.550 8.392 0.000 0.000 0.76
2019-05-05_01:09:51 05270 11.560 174.000 2011.440 8.384 0.400 3.354 0.76
2019-05-05_01:09:52 05271 11.576 167.600 1940.138 8.416 0.000 0.000 0.75
2019-05-05_01:09:53 05272 11.584 168.800 1955.379 8.304 0.000 0.000 0.75
2019-05-05_01:09:54 05273 11.584 170.400 1973.914 8.312 0.000 0.000 0.75
2019-05-05_01:09:55 05274 11.584 170.400 1973.914 8.328 0.000 0.000 0.75
2019-05-05_01:09:56 05275 11.568 180.800 2091.494 8.320 0.000 0.000 0.75
2019-05-05_01:09:57 05276 11.576 166.000 1921.616 8.352 0.400 3.341 0.75
2019-05-05_01:09:58 05277 11.576 170.800 1977.181 8.360 0.000 0.000 0.76
2019-05-05_01:09:59 05278 11.576 169.600 1963.290 8.368 0.400 3.347 0.76
2019-05-05_01:10:00 05279 11.576 170.400 1972.550 8.376 0.400 3.350 0.76
2019-05-05_01:10:01 05280 11.552 198.000 2287.296 8.376 0.400 3.350 0.76
2019-05-05_01:10:02 05281 11.576 169.600 1963.290 8.400 0.400 3.360 0.76
2019-05-05_01:10:03 05282 11.576 171.600 1986.442 8.408 0.000 0.000 0.75
2019-05-05_01:10:04 05283 11.584 170.000 1969.280 8.304 0.000 0.000 0.75
2019-05-05_01:10:05 05284 11.584 168.400 1950.746 8.320 0.000 0.000 0.75
2019-05-05_01:10:06 05285 11.568 179.200 2072.986 8.312 0.400 3.325 0.75
2019-05-05_01:10:07 05286 11.584 164.000 1899.776 8.336 0.000 0.000 0.75
2019-05-05_01:10:08 05287 11.576 171.200 1981.811 8.352 0.400 3.341 0.75
2019-05-05_01:10:09 05288 11.576 170.400 1972.550 8.360 0.400 3.344 0.76
2019-05-05_01:10:10 05289 11.584 164.000 1899.776 8.368 0.400 3.347 0.76
2019-05-05_01:10:11 05290 11.568 194.000 2244.192 8.376 0.000 0.000 0.76
2019-05-05_01:10:12 05291 11.584 170.000 1969.280 8.392 0.000 0.000 0.76
2019-05-05_01:10:13 05292 11.576 170.800 1977.181 8.400 0.000 0.000 0.76
2019-05-05_01:10:14 05293 11.576 168.400 1949.398 8.408 0.400 3.363 0.75
2019-05-05_01:10:15 05294 11.584 168.400 1950.746 8.304 0.000 0.000 0.75
2019-05-05_01:10:16 05295 11.576 186.000 2153.136 8.304 0.000 0.000 0.75
2019-05-05_01:10:17 05296 11.584 170.400 1973.914 8.328 0.000 0.000 0.75
2019-05-05_01:10:18 05297 11.584 166.400 1927.578 8.344 0.000 0.000 0.75
2019-05-05_01:10:19 05298 11.584 168.000 1946.112 8.352 0.400 3.341 0.75
2019-05-05_01:10:20 05299 11.576 167.200 1935.507 8.360 0.400 3.344 0.76
2019-05-05_01:10:21 05300 11.560 188.400 2177.904 8.352 0.000 0.000 0.76
2019-05-05_01:10:22 05301 11.576 171.200 1981.811 8.376 0.400 3.350 0.76
2019-05-05_01:10:23 05302 11.552 198.000 2287.296 8.368 0.400 3.347 0.76
2019-05-05_01:10:24 05303 11.568 169.600 1961.933 8.400 0.400 3.360 0.76
2019-05-05_01:10:25 05304 11.576 168.400 1949.398 8.408 0.400 3.363 0.75
2019-05-05_01:10:26 05305 11.560 198.400 2293.504 8.288 0.000 0.000 0.77
2019-05-05_01:10:27 05306 11.568 170.000 1966.560 8.544 0.000 0.000 0.76
2019-05-05_01:10:28 05307 11.576 168.800 1954.029 8.416 0.400 3.366 0.75
2019-05-05_01:10:29 05308 11.584 170.000 1969.280 8.304 0.000 0.000 0.75
2019-05-05_01:10:30 05309 11.560 180.400 2085.424 8.304 0.000 0.000 0.75
2019-05-05_01:10:31 05310 11.560 192.000 2219.520 8.312 0.400 3.325 0.75
2019-05-05_01:10:32 05311 11.576 171.600 1986.442 8.336 0.400 3.334 0.75
2019-05-05_01:10:33 05312 11.584 165.600 1918.310 8.352 0.400 3.341 0.75
2019-05-05_01:10:34 05313 11.576 170.800 1977.181 8.360 0.400 3.344 0.76
2019-05-05_01:10:35 05314 11.576 170.000 1967.920 8.368 0.000 0.000 0.76
2019-05-05_01:10:36 05315 11.560 195.600 2261.136 8.368 0.400 3.347 0.76
2019-05-05_01:10:37 05316 11.576 170.400 1972.550 8.392 0.400 3.357 0.76
2019-05-05_01:10:38 05317 11.576 172.000 1991.072 8.400 0.000 0.000 0.76
2019-05-05_01:10:39 05318 11.568 167.600 1938.797 8.408 0.000 0.000 0.75
2019-05-05_01:10:40 05319 11.584 171.200 1983.181 8.304 0.000 0.000 0.75
2019-05-05_01:10:41 05320 11.592 153.600 1780.531 8.320 0.400 3.328 0.75
2019-05-05_01:10:42 05321 11.584 168.000 1946.112 8.328 0.400 3.331 0.75
2019-05-05_01:10:43 05322 11.560 199.600 2307.376 8.328 0.400 3.331 0.75
2019-05-05_01:10:44 05323 11.576 168.000 1944.768 8.352 0.400 3.341 0.75
2019-05-05_01:10:45 05324 11.576 170.400 1972.550 8.360 0.400 3.344 0.76
2019-05-05_01:10:46 05325 11.560 184.400 2131.664 8.352 0.400 3.341 0.76
2019-05-05_01:10:47 05326 11.576 166.400 1926.246 8.376 0.400 3.350 0.76
2019-05-05_01:10:48 05327 11.552 191.600 2213.363 8.392 0.400 3.357 0.76
2019-05-05_01:10:49 05328 11.568 168.800 1952.678 8.400 0.000 0.000 0.76
2019-05-05_01:10:50 05329 11.576 167.200 1935.507 8.416 0.000 0.000 0.75
2019-05-05_01:10:51 05330 11.568 172.000 1989.696 8.288 0.400 3.315 0.77
2019-05-05_01:10:52 05331 11.568 170.000 1966.560 8.544 0.000 0.000 0.76
2019-05-05_01:10:53 05332 11.576 169.200 1958.659 8.408 0.000 0.000 0.75
2019-05-05_01:10:54 05333 11.584 170.000 1969.280 8.304 0.400 3.322 0.75
2019-05-05_01:10:55 05334 11.584 168.400 1950.746 8.312 0.000 0.000 0.75
2019-05-05_01:10:56 05335 11.560 198.400 2293.504 8.312 0.400 3.325 0.75
2019-05-05_01:10:57 05336 11.584 170.000 1969.280 8.336 0.400 3.334 0.75
2019-05-05_01:10:58 05337 11.576 167.600 1940.138 8.352 0.000 0.000 0.75
2019-05-05_01:10:59 05338 11.576 167.200 1935.507 8.360 0.400 3.344 0.76
2019-05-05_01:11:00 05339 11.576 169.600 1963.290 8.368 0.400 3.347 0.76
2019-05-05_01:11:01 05340 11.560 194.400 2247.264 8.368 0.000 0.000 0.76
2019-05-05_01:11:02 05341 11.576 168.400 1949.398 8.392 0.400 3.357 0.76
2019-05-05_01:11:03 05342 11.584 153.600 1779.302 8.408 0.000 0.000 0.75
2019-05-05_01:11:04 05343 11.584 170.400 1973.914 8.304 0.000 0.000 0.75
2019-05-05_01:11:05 05344 11.584 169.600 1964.646 8.320 0.000 0.000 0.75
2019-05-05_01:11:06 05345 11.576 169.200 1958.659 8.320 0.000 0.000 0.75
2019-05-05_01:11:07 05346 11.592 162.400 1882.541 8.336 0.400 3.334 0.75
2019-05-05_01:11:08 05347 11.576 169.200 1958.659 8.344 0.400 3.338 0.75
2019-05-05_01:11:09 05348 11.592 153.600 1780.531 8.360 0.400 3.344 0.75
2019-05-05_01:11:10 05349 11.584 159.200 1844.173 8.368 0.400 3.347 0.76
2019-05-05_01:11:11 05350 11.576 169.600 1963.290 8.368 0.400 3.347 0.76
2019-05-05_01:11:12 05351 11.584 153.200 1774.669 8.392 0.400 3.357 0.76
2019-05-05_01:11:13 05352 11.576 172.400 1995.702 8.392 0.000 0.000 0.76
2019-05-05_01:11:14 05353 11.584 153.200 1774.669 8.408 0.400 3.363 0.75