2019-05-05_02:41:47 00405 11.584 153.200 1774.669 8.392 0.400 3.357 0.76
2019-05-05_02:41:48 00406 11.584 153.200 1774.669 8.408 0.400 3.363 0.75
2019-05-05_02:41:49 00407 11.592 161.600 1873.267 8.304 0.000 0.000 0.75
2019-05-05_02:41:50 00408 11.600 164.800 1911.680 8.312 0.000 0.000 0.75
2019-05-05_02:41:51 00409 11.592 153.200 1775.894 8.320 0.000 0.000 0.75
2019-05-05_02:41:52 00410 11.592 153.200 1775.894 8.328 0.400 3.331 0.75
2019-05-05_02:41:53 00411 11.592 153.600 1780.531 8.344 0.400 3.338 0.75
2019-05-05_02:41:54 00412 11.584 162.800 1885.875 8.360 0.000 0.000 0.75
2019-05-05_02:41:55 00413 11.592 167.600 1942.819 8.368 0.400 3.347 0.76
2019-05-05_02:41:56 00414 11.584 152.800 1770.035 8.376 0.400 3.350 0.76
2019-05-05_02:41:57 00415 11.584 153.200 1774.669 8.392 0.400 3.357 0.76
2019-05-05_02:41:58 00416 11.576 159.600 1847.530 8.400 0.400 3.360 0.76
2019-05-05_02:41:59 00417 11.576 162.800 1884.573 8.408 0.000 0.000 0.75
2019-05-05_02:42:00 00418 11.600 154.000 1786.400 8.304 0.400 3.322 0.75
2019-05-05_02:42:01 00419 11.592 153.200 1775.894 8.312 0.000 0.000 0.75
2019-05-05_02:42:02 00420 11.584 164.000 1899.776 8.328 0.400 3.331 0.75
2019-05-05_02:42:03 00421 11.592 153.200 1775.894 8.336 0.000 0.000 0.75
2019-05-05_02:42:04 00422 11.592 153.200 1775.894 8.344 0.400 3.338 0.75
2019-05-05_02:42:05 00423 11.592 153.200 1775.894 8.360 0.400 3.344 0.75
2019-05-05_02:42:06 00424 11.576 164.000 1898.464 8.368 0.400 3.347 0.76
2019-05-05_02:42:07 00425 11.584 153.200 1774.669 8.376 0.400 3.350 0.76
2019-05-05_02:42:08 00426 11.584 154.000 1783.936 8.384 0.400 3.354 0.76
2019-05-05_02:42:09 00427 11.576 156.800 1815.117 8.400 0.400 3.360 0.76
2019-05-05_02:42:10 00428 11.576 163.200 1889.203 8.408 0.400 3.363 0.75
2019-05-05_02:42:11 00429 11.600 165.200 1916.320 8.304 0.000 0.000 0.75
2019-05-05_02:42:12 00430 11.584 169.200 1960.013 8.304 0.400 3.322 0.75
2019-05-05_02:42:13 00431 11.584 153.200 1774.669 8.328 0.400 3.331 0.75
2019-05-05_02:42:14 00432 11.584 157.200 1821.005 8.336 0.000 0.000 0.75
2019-05-05_02:42:15 00433 11.584 163.600 1895.142 8.344 0.400 3.338 0.75
2019-05-05_02:42:16 00434 11.592 165.200 1914.998 8.360 0.400 3.344 0.75
2019-05-05_02:42:17 00435 11.592 153.600 1780.531 8.360 0.400 3.344 0.76
2019-05-05_02:42:18 00436 11.584 153.200 1774.669 8.376 0.400 3.350 0.76
2019-05-05_02:42:19 00437 11.584 153.600 1779.302 8.392 0.400 3.357 0.76
2019-05-05_02:42:20 00438 11.576 164.400 1903.094 8.400 0.400 3.360 0.76
2019-05-05_02:42:21 00439 11.584 153.200 1774.669 8.408 0.000 0.000 0.75
2019-05-05_02:42:22 00440 11.592 153.200 1775.894 8.304 0.000 0.000 0.75
2019-05-05_02:42:23 00441 11.592 153.600 1780.531 8.312 0.000 0.000 0.75
2019-05-05_02:42:24 00442 11.584 163.200 1890.509 8.328 0.000 0.000 0.75
2019-05-05_02:42:25 00443 11.584 164.800 1909.043 8.336 0.400 3.334 0.75
2019-05-05_02:42:26 00444 11.592 153.200 1775.894 8.344 0.400 3.338 0.75
2019-05-05_02:42:27 00445 11.592 153.600 1780.531 8.360 0.400 3.344 0.75
2019-05-05_02:42:28 00446 11.584 157.200 1821.005 8.368 0.400 3.347 0.76
2019-05-05_02:42:29 00447 11.576 162.800 1884.573 8.376 0.400 3.350 0.76
2019-05-05_02:42:30 00448 11.576 169.600 1963.290 8.384 0.400 3.354 0.76
2019-05-05_02:42:31 00449 11.584 153.600 1779.302 8.392 0.000 0.000 0.76
2019-05-05_02:42:32 00450 11.584 153.200 1774.669 8.408 0.000 0.000 0.75
2019-05-05_02:42:33 00451 11.584 156.400 1811.738 8.304 0.000 0.000 0.75
2019-05-05_02:42:34 00452 11.584 161.600 1871.974 8.312 0.400 3.325 0.75
2019-05-05_02:42:35 00453 11.584 164.400 1904.410 8.320 0.400 3.328 0.75
2019-05-05_02:42:36 00454 11.592 152.800 1771.258 8.336 0.000 0.000 0.75
2019-05-05_02:42:37 00455 11.592 154.000 1785.168 8.344 0.400 3.338 0.75
2019-05-05_02:42:38 00456 11.576 172.000 1991.072 8.344 0.000 0.000 0.75
2019-05-05_02:42:39 00457 11.584 163.600 1895.142 8.368 0.400 3.347 0.76
2019-05-05_02:42:40 00458 11.576 170.400 1972.550 8.368 0.400 3.347 0.76
2019-05-05_02:42:41 00459 11.584 152.800 1770.035 8.392 0.400 3.357 0.76
2019-05-05_02:42:42 00460 11.560 183.200 2117.792 8.392 0.000 0.000 0.76
2019-05-05_02:42:43 00461 11.576 163.600 1893.834 8.408 0.400 3.363 0.75
2019-05-05_02:42:44 00462 11.584 170.400 1973.914 8.296 0.000 0.000 0.77
2019-05-05_02:42:45 00463 11.576 154.800 1791.965 8.552 0.000 0.000 0.76
2019-05-05_02:42:46 00464 11.584 165.200 1913.677 8.408 0.400 3.363 0.75
2019-05-05_02:42:47 00465 11.600 152.400 1767.840 8.304 0.000 0.000 0.75
2019-05-05_02:42:48 00466 11.592 152.800 1771.258 8.312 0.400 3.325 0.75
2019-05-05_02:42:49 00467 11.584 164.000 1899.776 8.328 0.000 0.000 0.75
2019-05-05_02:42:50 00468 11.584 157.600 1825.638 8.336 0.400 3.334 0.75
2019-05-05_02:42:51 00469 11.592 164.400 1905.725 8.344 0.400 3.338 0.75
2019-05-05_02:42:52 00470 11.592 152.800 1771.258 8.352 0.400 3.341 0.75
2019-05-05_02:42:53 00471 11.584 153.200 1774.669 8.368 0.400 3.347 0.76
2019-05-05_02:42:54 00472 11.576 164.000 1898.464 8.376 0.000 0.000 0.76
2019-05-05_02:42:55 00473 11.592 152.400 1766.621 8.384 0.400 3.354 0.76
2019-05-05_02:42:56 00474 11.584 152.800 1770.035 8.400 0.400 3.360 0.76
2019-05-05_02:42:57 00475 11.576 161.600 1870.682 8.408 0.400 3.363 0.75
2019-05-05_02:42:58 00476 11.600 152.800 1772.480 8.304 0.000 0.000 0.75
2019-05-05_02:42:59 00477 11.592 152.800 1771.258 8.312 0.000 0.000 0.75
2019-05-05_02:43:00 00478 11.568 194.000 2244.192 8.296 0.000 0.000 0.77
2019-05-05_02:43:01 00479 11.552 194.000 2241.088 8.560 0.000 0.000 0.76
2019-05-05_02:43:02 00480 11.552 198.400 2291.917 8.416 0.000 0.000 0.75
2019-05-05_02:43:03 00481 11.560 194.400 2247.264 8.304 0.000 0.000 0.75
2019-05-05_02:43:04 00482 11.568 191.200 2211.802 8.312 0.000 0.000 0.75
2019-05-05_02:43:05 00483 11.560 198.400 2293.504 8.328 0.400 3.331 0.75
2019-05-05_02:43:06 00484 11.560 197.200 2279.632 8.336 0.000 0.000 0.75
2019-05-05_02:43:07 00485 11.568 199.200 2304.346 8.344 0.400 3.338 0.76
2019-05-05_02:43:08 00486 11.560 196.400 2270.384 8.352 0.400 3.341 0.76
2019-05-05_02:43:09 00487 11.552 197.600 2282.675 8.368 0.000 0.000 0.76
2019-05-05_02:43:10 00488 11.560 199.200 2302.752 8.376 0.000 0.000 0.76
2019-05-05_02:43:11 00489 11.552 196.400 2268.813 8.384 0.400 3.354 0.76
2019-05-05_02:43:12 00490 11.552 199.200 2301.158 8.400 0.000 0.000 0.76
2019-05-05_02:43:13 00491 11.560 197.200 2279.632 8.416 0.000 0.000 0.75
2019-05-05_02:43:14 00492 11.560 198.800 2298.128 8.296 0.000 0.000 0.77
2019-05-05_02:43:15 00493 11.560 191.200 2210.272 8.552 0.000 0.000 0.76
2019-05-05_02:43:16 00494 11.552 198.800 2296.538 8.416 0.000 0.000 0.75
2019-05-05_02:43:17 00495 11.560 195.600 2261.136 8.296 0.000 0.000 0.77
2019-05-05_02:43:18 00496 11.552 194.400 2245.709 8.560 0.000 0.000 0.76
2019-05-05_02:43:19 00497 11.552 197.200 2278.054 8.416 0.000 0.000 0.75
2019-05-05_02:43:20 00498 11.568 199.600 2308.973 8.304 0.000 0.000 0.75
2019-05-05_02:43:21 00499 11.568 199.200 2304.346 8.312 0.400 3.325 0.75
2019-05-05_02:43:22 00500 11.560 198.400 2293.504 8.320 0.400 3.328 0.75
2019-05-05_02:43:23 00501 11.560 184.800 2136.288 8.336 0.400 3.334 0.75
2019-05-05_02:43:24 00502 11.560 196.400 2270.384 8.344 0.400 3.338 0.76
2019-05-05_02:43:25 00503 11.560 180.800 2090.048 8.352 0.400 3.341 0.76
2019-05-05_02:43:26 00504 11.552 200.000 2310.400 8.368 0.000 0.000 0.76
2019-05-05_02:43:27 00505 11.560 196.800 2275.008 8.376 0.000 0.000 0.76