2019-05-07_00:36:52 08200 1.040 -5.200 -5.408 7.952 145.600 1157.811 0.00
2019-05-07_00:37:02 08210 1.040 -5.200 -5.408 7.952 145.200 1154.630 0.00
2019-05-07_00:37:12 08220 1.040 -5.200 -5.408 7.944 155.200 1232.909 0.00
2019-05-07_00:37:22 08230 1.040 -5.200 -5.408 7.920 189.600 1501.632 0.00
2019-05-07_00:37:32 08240 1.040 -5.200 -5.408 7.920 188.000 1488.960 0.00
2019-05-07_00:37:42 08250 1.040 -5.200 -5.408 7.936 149.600 1187.226 0.00
2019-05-07_00:37:52 08260 1.040 -5.200 -5.408 7.952 155.600 1237.331 0.00
2019-05-07_00:38:02 08270 1.040 -5.200 -5.408 7.952 144.000 1145.088 0.00
2019-05-07_00:38:12 08280 1.040 -5.200 -5.408 7.920 184.800 1463.616 0.00
2019-05-07_00:38:22 08290 1.040 -5.200 -5.408 7.952 149.200 1186.438 0.00
2019-05-07_00:38:32 08300 1.040 -5.200 -5.408 7.944 145.600 1156.646 0.00
2019-05-07_00:38:42 08310 1.040 -5.200 -5.408 7.912 152.800 1208.954 0.00
2019-05-07_00:38:52 08320 1.040 -5.200 -5.408 7.952 150.800 1199.162 0.00
2019-05-07_00:39:02 08330 1.040 -5.200 -5.408 7.920 188.000 1488.960 0.00
2019-05-07_00:39:12 08340 1.040 -5.200 -5.408 7.952 150.400 1195.981 0.00
2019-05-07_00:39:22 08350 1.040 -5.200 -5.408 7.952 147.600 1173.715 0.00
2019-05-07_00:39:32 08360 1.040 -5.200 -5.408 7.952 146.000 1160.992 0.00
2019-05-07_00:39:42 08370 1.040 -5.200 -5.408 7.952 143.600 1141.907 0.00
2019-05-07_00:39:52 08380 1.040 -5.200 -5.408 7.952 143.600 1141.907 0.00
2019-05-07_00:40:02 08390 1.040 -5.200 -5.408 7.952 146.400 1164.173 0.00
2019-05-07_00:40:12 08400 1.040 -5.200 -5.408 7.912 188.800 1493.786 0.00
2019-05-07_00:40:22 08410 1.040 -5.200 -5.408 7.944 149.600 1188.422 0.00
2019-05-07_00:40:32 08420 1.040 -5.200 -5.408 7.944 147.600 1172.534 0.00
2019-05-07_00:40:42 08430 1.040 -5.200 -5.408 7.936 148.400 1177.702 0.00
2019-05-07_00:40:52 08440 1.040 -5.200 -5.408 7.944 148.400 1178.890 0.00
2019-05-07_00:41:02 08450 1.040 -5.200 -5.408 7.952 146.400 1164.173 0.00
2019-05-07_00:41:12 08460 1.040 -5.200 -5.408 7.944 146.000 1159.824 0.00
2019-05-07_00:41:22 08470 1.040 -5.200 -5.408 7.944 146.400 1163.002 0.00
2019-05-07_00:41:32 08480 1.040 -5.200 -5.408 7.944 146.400 1163.002 0.00
2019-05-07_00:41:42 08490 1.040 -5.200 -5.408 7.944 150.000 1191.600 0.00
2019-05-07_00:41:52 08500 1.040 -5.200 -5.408 7.912 185.600 1468.467 0.00
2019-05-07_00:42:02 08510 1.040 -5.200 -5.408 7.944 150.000 1191.600 0.00
2019-05-07_00:42:12 08520 1.040 -5.200 -5.408 7.944 149.600 1188.422 0.00
2019-05-07_00:42:22 08530 1.040 -5.200 -5.408 7.944 154.000 1223.376 0.00
2019-05-07_00:42:33 08540 1.040 -5.200 -5.408 7.944 150.800 1197.955 0.00
2019-05-07_00:42:43 08550 1.040 -5.200 -5.408 7.944 144.000 1143.936 0.00
2019-05-07_00:42:53 08560 1.040 -5.200 -5.408 7.920 184.000 1457.280 0.00
2019-05-07_00:43:03 08570 1.040 -5.200 -5.408 7.944 146.000 1159.824 0.00
2019-05-07_00:43:13 08580 1.040 -5.200 -5.408 7.904 193.200 1527.053 0.00
2019-05-07_00:43:23 08590 1.040 -5.200 -5.408 7.944 147.600 1172.534 0.00
2019-05-07_00:43:33 08600 1.040 -5.200 -5.408 7.912 190.000 1503.280 0.00
2019-05-07_00:43:43 08610 1.040 -5.200 -5.408 7.912 186.000 1471.632 0.00
2019-05-07_00:43:53 08620 1.040 -5.200 -5.408 7.944 146.000 1159.824 0.00
2019-05-07_00:44:03 08630 1.040 -5.200 -5.408 7.944 146.000 1159.824 0.00
2019-05-07_00:44:13 08640 1.040 -5.200 -5.408 7.944 151.200 1201.133 0.00
2019-05-07_00:44:23 08650 1.040 -5.200 -5.408 7.944 144.000 1143.936 0.00
2019-05-07_00:44:33 08660 1.040 -5.200 -5.408 7.904 185.200 1463.821 0.00
2019-05-07_00:44:43 08670 1.040 -5.200 -5.408 7.944 152.800 1213.843 0.00
2019-05-07_00:44:53 08680 1.040 -5.200 -5.408 7.936 150.400 1193.574 0.00
2019-05-07_00:45:03 08690 1.040 -5.200 -5.408 7.928 149.600 1186.029 0.00
2019-05-07_00:45:13 08700 1.040 -5.200 -5.408 7.944 148.000 1175.712 0.00
2019-05-07_00:45:23 08710 1.040 -5.200 -5.408 7.944 148.400 1178.890 0.00
2019-05-07_00:45:33 08720 1.040 -5.200 -5.408 7.912 182.400 1443.149 0.00
2019-05-07_00:45:43 08730 1.040 -5.200 -5.408 7.912 189.600 1500.115 0.00
2019-05-07_00:45:53 08740 1.040 -5.200 -5.408 7.904 192.800 1523.891 0.00
2019-05-07_00:46:03 08750 1.040 -5.200 -5.408 7.944 149.600 1188.422 0.00
2019-05-07_00:46:13 08760 1.040 -5.200 -5.408 7.936 153.200 1215.795 0.00
2019-05-07_00:46:23 08770 1.040 -5.200 -5.408 7.904 193.600 1530.214 0.00
2019-05-07_00:46:33 08780 1.040 -5.200 -5.408 7.928 149.600 1186.029 0.00
2019-05-07_00:46:43 08790 1.040 -5.200 -5.408 7.936 147.600 1171.354 0.00
2019-05-07_00:46:53 08800 1.040 -5.200 -5.408 7.936 152.000 1206.272 0.00
2019-05-07_00:47:03 08810 1.040 -5.200 -5.408 7.936 146.800 1165.005 0.00
2019-05-07_00:47:13 08820 1.040 -5.200 -5.408 7.936 144.800 1149.133 0.00
2019-05-07_00:47:23 08830 1.040 -5.200 -5.408 7.944 145.200 1153.469 0.00
2019-05-07_00:47:33 08840 1.040 -5.200 -5.408 7.904 192.000 1517.568 0.00
2019-05-07_00:47:43 08850 1.040 -5.200 -5.408 7.936 146.800 1165.005 0.00
2019-05-07_00:47:53 08860 1.040 -5.200 -5.408 7.936 146.800 1165.005 0.00
2019-05-07_00:48:03 08870 1.040 -5.200 -5.408 7.936 152.400 1209.446 0.00
2019-05-07_00:48:13 08880 1.040 -5.200 -5.408 7.928 147.600 1170.173 0.00
2019-05-07_00:48:23 08890 1.040 -5.200 -5.408 7.936 143.600 1139.610 0.00
2019-05-07_00:48:33 08900 1.040 -5.200 -5.408 7.936 146.000 1158.656 0.00
2019-05-07_00:48:43 08910 1.040 -5.200 -5.408 7.928 146.400 1160.659 0.00
2019-05-07_00:48:53 08920 1.040 -5.200 -5.408 7.936 150.400 1193.574 0.00
2019-05-07_00:49:03 08930 1.040 -5.200 -5.408 7.936 146.000 1158.656 0.00
2019-05-07_00:49:13 08940 1.040 -5.200 -5.408 7.928 190.800 1512.662 0.00
2019-05-07_00:49:23 08950 1.040 -5.200 -5.408 7.936 149.600 1187.226 0.00
2019-05-07_00:49:33 08960 1.040 -5.200 -5.408 7.928 146.000 1157.488 0.00
2019-05-07_00:49:43 08970 1.040 -5.200 -5.408 7.936 148.800 1180.877 0.00
2019-05-07_00:49:53 08980 1.040 -5.200 -5.408 7.920 187.200 1482.624 0.00
2019-05-07_00:50:03 08990 1.040 -5.200 -5.408 7.936 145.600 1155.482 0.00
2019-05-07_00:50:13 09000 1.040 -5.200 -5.408 7.936 144.400 1145.958 0.00
2019-05-07_00:50:23 09010 1.040 -5.200 -5.408 7.936 146.400 1161.830 0.00
2019-05-07_00:50:33 09020 1.040 -5.200 -5.408 7.912 186.000 1471.632 0.00
2019-05-07_00:50:43 09030 1.040 -5.200 -5.408 7.928 150.000 1189.200 0.00
2019-05-07_00:50:53 09040 1.040 -5.200 -5.408 7.896 188.400 1487.606 0.00
2019-05-07_00:51:03 09050 1.040 -5.200 -5.408 7.928 148.400 1176.515 0.00
2019-05-07_00:51:13 09060 1.040 -5.200 -5.408 7.904 186.800 1476.467 0.00
2019-05-07_00:51:23 09070 1.040 -5.200 -5.408 7.920 146.400 1159.488 0.00
2019-05-07_00:51:33 09080 1.040 -5.200 -5.408 7.936 146.800 1165.005 0.00
2019-05-07_00:51:43 09090 1.040 -5.200 -5.408 7.936 144.800 1149.133 0.00
2019-05-07_00:51:53 09100 1.040 -5.200 -5.408 7.904 186.000 1470.144 0.00