2019-05-04_23:43:34 00102 11.584 163.200 1890.509 8.328 0.400 3.331 0.75
2019-05-04_23:43:35 00103 11.592 152.800 1771.258 8.336 0.000 0.000 0.75
2019-05-04_23:43:36 00104 11.592 152.400 1766.621 8.352 0.400 3.341 0.75
2019-05-04_23:43:37 00105 11.584 152.400 1765.402 8.360 0.000 0.000 0.75
2019-05-04_23:43:38 00106 11.584 163.200 1890.509 8.376 0.400 3.350 0.76
2019-05-04_23:43:39 00107 11.584 152.400 1765.402 8.376 0.000 0.000 0.76
2019-05-04_23:43:40 00108 11.584 152.400 1765.402 8.384 0.000 0.000 0.76
2019-05-04_23:43:41 00109 11.584 152.800 1770.035 8.400 0.000 0.000 0.76
2019-05-04_23:43:42 00110 11.576 168.800 1954.029 8.400 0.400 3.360 0.76
2019-05-04_23:43:43 00111 11.576 158.400 1833.638 8.424 0.000 0.000 0.75
2019-05-04_23:43:44 00112 11.584 170.800 1978.547 8.312 0.000 0.000 0.75
2019-05-04_23:43:45 00113 11.592 152.800 1771.258 8.328 0.000 0.000 0.75
2019-05-04_23:43:46 00114 11.584 157.600 1825.638 8.344 0.000 0.000 0.75
2019-05-04_23:43:47 00115 11.576 169.200 1958.659 8.344 0.400 3.338 0.75
2019-05-04_23:43:48 00116 11.592 165.200 1914.998 8.360 0.000 0.000 0.75
2019-05-04_23:43:49 00117 11.576 170.400 1972.550 8.360 0.000 0.000 0.76
2019-05-04_23:43:50 00118 11.584 152.800 1770.035 8.384 0.000 0.000 0.76
2019-05-04_23:43:51 00119 11.576 162.800 1884.573 8.392 0.400 3.357 0.76
2019-05-04_23:43:52 00120 11.560 185.200 2140.912 8.392 0.400 3.357 0.76
2019-05-04_23:43:53 00121 11.584 152.800 1770.035 8.408 0.000 0.000 0.75
2019-05-04_23:43:54 00122 11.584 170.400 1973.914 8.304 0.000 0.000 0.75
2019-05-04_23:43:55 00123 11.592 152.800 1771.258 8.320 0.000 0.000 0.75
2019-05-04_23:43:56 00124 11.576 171.200 1981.811 8.328 0.000 0.000 0.75
2019-05-04_23:43:57 00125 11.584 159.600 1848.806 8.344 0.000 0.000 0.75
2019-05-04_23:43:58 00126 11.584 162.400 1881.242 8.352 0.400 3.341 0.75
2019-05-04_23:43:59 00127 11.584 167.600 1941.478 8.352 0.000 0.000 0.75
2019-05-04_23:44:00 00128 11.592 152.800 1771.258 8.368 0.400 3.347 0.76
2019-05-04_23:44:01 00129 11.576 161.600 1870.682 8.384 0.400 3.354 0.76
2019-05-04_23:44:02 00130 11.576 168.800 1954.029 8.384 0.400 3.354 0.76
2019-05-04_23:44:03 00131 11.576 164.000 1898.464 8.400 0.400 3.360 0.76
2019-05-04_23:44:04 00132 11.576 166.400 1926.246 8.400 0.000 0.000 0.76
2019-05-04_23:44:05 00133 11.584 153.200 1774.669 8.416 0.000 0.000 0.75
2019-05-04_23:44:06 00134 11.592 152.400 1766.621 8.320 0.400 3.328 0.75
2019-05-04_23:44:07 00135 11.568 168.400 1948.051 8.320 0.000 0.000 0.75
2019-05-04_23:44:08 00136 11.584 163.600 1895.142 8.336 0.000 0.000 0.75
2019-05-04_23:44:09 00137 11.584 168.800 1955.379 8.344 0.000 0.000 0.75
2019-05-04_23:44:10 00138 11.592 165.600 1919.635 8.360 0.000 0.000 0.75
2019-05-04_23:44:11 00139 11.576 165.600 1916.986 8.368 0.400 3.347 0.76
2019-05-04_23:44:12 00140 11.576 168.800 1954.029 8.376 0.400 3.350 0.76
2019-05-04_23:44:13 00141 11.576 164.000 1898.464 8.392 0.000 0.000 0.76
2019-05-04_23:44:14 00142 11.576 170.800 1977.181 8.392 0.000 0.000 0.76
2019-05-04_23:44:15 00143 11.584 152.800 1770.035 8.408 0.000 0.000 0.75
2019-05-04_23:44:16 00144 11.592 152.800 1771.258 8.312 0.000 0.000 0.75
2019-05-04_23:44:17 00145 11.584 162.800 1885.875 8.320 0.000 0.000 0.75
2019-05-04_23:44:18 00146 11.592 166.800 1933.546 8.328 0.000 0.000 0.75
2019-05-04_23:44:19 00147 11.584 170.800 1978.547 8.328 0.000 0.000 0.75
2019-05-04_23:44:20 00148 11.584 152.800 1770.035 8.352 0.400 3.341 0.75
2019-05-04_23:44:21 00149 11.584 161.600 1871.974 8.360 0.400 3.344 0.75
2019-05-04_23:44:22 00150 11.576 168.800 1954.029 8.368 0.000 0.000 0.76
2019-05-04_23:44:23 00151 11.584 152.800 1770.035 8.376 0.400 3.350 0.76
2019-05-04_23:44:24 00152 11.576 170.800 1977.181 8.384 0.400 3.354 0.76
2019-05-04_23:44:25 00153 11.576 156.000 1805.856 8.400 0.400 3.360 0.76
2019-05-04_23:44:26 00154 11.576 153.600 1778.074 8.408 0.000 0.000 0.75
2019-05-04_23:44:27 00155 11.568 171.200 1980.442 8.304 0.400 3.322 0.75
2019-05-04_23:44:28 00156 11.584 156.800 1816.371 8.320 0.000 0.000 0.75
2019-05-04_23:44:29 00157 11.584 169.600 1964.646 8.320 0.000 0.000 0.75
2019-05-04_23:44:30 00158 11.592 164.800 1910.362 8.344 0.400 3.338 0.75
2019-05-04_23:44:31 00159 11.584 157.200 1821.005 8.352 0.000 0.000 0.75
2019-05-04_23:44:32 00160 11.576 168.800 1954.029 8.352 0.400 3.341 0.75
2019-05-04_23:44:33 00161 11.584 160.000 1853.440 8.376 0.400 3.350 0.76
2019-05-04_23:44:34 00162 11.576 165.200 1912.355 8.384 0.400 3.354 0.76
2019-05-04_23:44:35 00163 11.576 164.400 1903.094 8.392 0.400 3.357 0.76
2019-05-04_23:44:36 00164 11.584 152.800 1770.035 8.400 0.400 3.360 0.76
2019-05-04_23:44:37 00165 11.576 152.800 1768.813 8.408 0.000 0.000 0.75
2019-05-04_23:44:38 00166 11.592 152.400 1766.621 8.312 0.000 0.000 0.75
2019-05-04_23:44:39 00167 11.568 182.800 2114.630 8.312 0.000 0.000 0.75
2019-05-04_23:44:40 00168 11.584 164.800 1909.043 8.328 0.400 3.331 0.75
2019-05-04_23:44:41 00169 11.592 153.200 1775.894 8.336 0.000 0.000 0.75
2019-05-04_23:44:42 00170 11.576 168.800 1954.029 8.344 0.000 0.000 0.75
2019-05-04_23:44:43 00171 11.592 153.200 1775.894 8.360 0.400 3.344 0.75
2019-05-04_23:44:44 00172 11.576 169.200 1958.659 8.360 0.400 3.344 0.76
2019-05-04_23:44:45 00173 11.576 158.400 1833.638 8.384 0.000 0.000 0.76
2019-05-04_23:44:46 00174 11.576 165.200 1912.355 8.392 0.000 0.000 0.76
2019-05-04_23:44:47 00175 11.576 168.800 1954.029 8.392 0.000 0.000 0.76
2019-05-04_23:44:48 00176 11.576 154.800 1791.965 8.408 0.400 3.363 0.75
2019-05-04_23:44:49 00177 11.560 186.800 2159.408 8.296 0.000 0.000 0.77
2019-05-04_23:44:50 00178 11.568 164.000 1897.152 8.536 0.000 0.000 0.76
2019-05-04_23:44:51 00179 11.584 153.600 1779.302 8.416 0.400 3.366 0.75
2019-05-04_23:44:52 00180 11.584 168.800 1955.379 8.304 0.000 0.000 0.75
2019-05-04_23:44:53 00181 11.584 156.800 1816.371 8.320 0.000 0.000 0.75
2019-05-04_23:44:54 00182 11.584 165.600 1918.310 8.328 0.400 3.331 0.75
2019-05-04_23:44:55 00183 11.584 166.000 1922.944 8.344 0.000 0.000 0.75
2019-05-04_23:44:56 00184 11.592 152.400 1766.621 8.352 0.400 3.341 0.75
2019-05-04_23:44:57 00185 11.584 152.800 1770.035 8.360 0.400 3.344 0.75
2019-05-04_23:44:58 00186 11.584 156.800 1816.371 8.376 0.400 3.350 0.76
2019-05-04_23:44:59 00187 11.576 163.200 1889.203 8.384 0.000 0.000 0.76
2019-05-04_23:45:00 00188 11.576 164.400 1903.094 8.392 0.000 0.000 0.76
2019-05-04_23:45:01 00189 11.584 152.800 1770.035 8.400 0.000 0.000 0.76
2019-05-04_23:45:02 00190 11.576 168.400 1949.398 8.400 0.000 0.000 0.76
2019-05-04_23:45:03 00191 11.584 152.800 1770.035 8.424 0.400 3.370 0.75
2019-05-04_23:45:04 00192 11.584 168.800 1955.379 8.312 0.000 0.000 0.75
2019-05-04_23:45:05 00193 11.592 152.800 1771.258 8.328 0.400 3.331 0.75
2019-05-04_23:45:06 00194 11.584 152.800 1770.035 8.336 0.400 3.334 0.75
2019-05-04_23:45:07 00195 11.560 182.800 2113.168 8.344 0.400 3.338 0.75
2019-05-04_23:45:08 00196 11.592 152.400 1766.621 8.360 0.400 3.344 0.75
2019-05-04_23:45:09 00197 11.576 168.800 1954.029 8.360 0.400 3.344 0.76
2019-05-04_23:45:10 00198 11.584 152.400 1765.402 8.384 0.400 3.354 0.76
2019-05-04_23:45:11 00199 11.576 163.600 1893.834 8.392 0.000 0.000 0.76
2019-05-04_23:45:12 00200 11.576 169.200 1958.659 8.392 0.000 0.000 0.76
2019-05-04_23:45:13 00201 11.584 152.800 1770.035 8.408 0.000 0.000 0.75
2019-05-04_23:45:14 00202 11.584 168.400 1950.746 8.304 0.000 0.000 0.75