2019-05-05_23:44:59 00304 11.376 401.600 4568.602 8.384 -276.400 -2317.338 0.82
2019-05-05_23:45:00 00305 11.368 408.400 4642.691 8.384 -277.200 -2324.045 0.82
2019-05-05_23:45:01 00306 11.368 415.200 4719.994 8.392 -285.200 -2393.398 0.82
2019-05-05_23:45:02 00307 11.360 408.400 4639.424 8.392 -290.800 -2440.394 0.82
2019-05-05_23:45:03 00308 11.352 424.800 4822.330 8.400 -297.200 -2496.480 0.82
2019-05-05_23:45:04 00309 11.352 426.000 4835.952 8.408 -307.600 -2586.301 0.81
2019-05-05_23:45:05 00310 11.400 379.600 4327.440 8.360 -242.000 -2023.120 0.81
2019-05-05_23:45:06 00311 11.392 374.000 4260.608 8.360 -247.600 -2069.936 0.81
2019-05-05_23:45:07 00312 11.384 386.800 4403.331 8.368 -253.200 -2118.778 0.81
2019-05-05_23:45:08 00313 11.376 394.000 4482.144 8.368 -258.400 -2162.291 0.81
2019-05-05_23:45:09 00314 11.384 394.000 4485.296 8.376 -265.200 -2221.315 0.81
2019-05-05_23:45:10 00315 11.376 403.200 4586.803 8.384 -270.000 -2263.680 0.82
2019-05-05_23:45:11 00316 11.376 405.600 4614.106 8.384 -280.800 -2354.227 0.82
2019-05-05_23:45:12 00317 11.368 407.600 4633.597 8.392 -284.800 -2390.042 0.82
2019-05-05_23:45:13 00318 11.360 418.000 4748.480 8.392 -290.800 -2440.394 0.82
2019-05-05_23:45:14 00319 11.360 420.000 4771.200 8.400 -297.600 -2499.840 0.82
2019-05-05_23:45:15 00320 11.352 427.200 4849.574 8.408 -303.200 -2549.306 0.81
2019-05-05_23:45:16 00321 11.400 369.200 4208.880 8.360 -241.200 -2016.432 0.81
2019-05-05_23:45:17 00322 11.392 384.800 4383.642 8.360 -255.600 -2136.816 0.81
2019-05-05_23:45:18 00323 11.392 386.000 4397.312 8.368 -254.000 -2125.472 0.81
2019-05-05_23:45:19 00324 11.384 391.200 4453.421 8.368 -258.800 -2165.638 0.81
2019-05-05_23:45:20 00325 11.376 387.600 4409.338 8.376 -264.800 -2217.965 0.81
2019-05-05_23:45:21 00326 11.376 403.600 4591.354 8.376 -272.000 -2278.272 0.82
2019-05-05_23:45:22 00327 11.368 405.200 4606.314 8.384 -281.200 -2357.581 0.82
2019-05-05_23:45:23 00328 11.360 411.200 4671.232 8.392 -288.400 -2420.253 0.82
2019-05-05_23:45:24 00329 11.360 420.000 4771.200 8.392 -290.400 -2437.037 0.82
2019-05-05_23:45:25 00330 11.360 424.000 4816.640 8.400 -296.800 -2493.120 0.82
2019-05-05_23:45:26 00331 11.360 426.800 4848.448 8.408 -302.400 -2542.579 0.81
2019-05-05_23:45:27 00332 11.400 373.600 4259.040 8.360 -240.000 -2006.400 0.81
2019-05-05_23:45:28 00333 11.392 380.800 4338.074 8.360 -246.800 -2063.248 0.81
2019-05-05_23:45:29 00334 11.384 383.600 4366.902 8.368 -254.400 -2128.819 0.81
2019-05-05_23:45:30 00335 11.376 394.800 4491.245 8.368 -258.000 -2158.944 0.81
2019-05-05_23:45:31 00336 11.376 392.000 4459.392 8.376 -266.400 -2231.366 0.81
2019-05-05_23:45:32 00337 11.376 397.200 4518.547 8.384 -271.600 -2277.094 0.82
2019-05-05_23:45:33 00338 11.368 405.600 4610.861 8.384 -280.800 -2354.227 0.82
2019-05-05_23:45:34 00339 11.360 403.600 4584.896 8.392 -284.400 -2386.685 0.82
2019-05-05_23:45:35 00340 11.360 410.000 4657.600 8.400 -290.400 -2439.360 0.82
2019-05-05_23:45:36 00341 11.360 420.800 4780.288 8.400 -296.000 -2486.400 0.82
2019-05-05_23:45:37 00342 11.352 428.000 4858.656 8.400 -302.400 -2540.160 0.82
2019-05-05_23:45:38 00343 11.344 430.000 4877.920 8.416 -309.600 -2605.594 0.81
2019-05-05_23:45:39 00344 11.392 385.600 4392.755 8.360 -246.400 -2059.904 0.81
2019-05-05_23:45:40 00345 11.392 384.400 4379.085 8.368 -254.000 -2125.472 0.81
2019-05-05_23:45:41 00346 11.384 394.400 4489.850 8.376 -257.600 -2157.658 0.81
2019-05-05_23:45:42 00347 11.376 387.600 4409.338 8.376 -269.200 -2254.819 0.81
2019-05-05_23:45:43 00348 11.376 402.000 4573.152 8.384 -272.400 -2283.802 0.82
2019-05-05_23:45:44 00349 11.368 409.600 4656.333 8.384 -277.200 -2324.045 0.82
2019-05-05_23:45:45 00350 11.360 410.400 4662.144 8.392 -286.000 -2400.112 0.82
2019-05-05_23:45:46 00351 11.360 419.200 4762.112 8.392 -290.400 -2437.037 0.82
2019-05-05_23:45:47 00352 11.360 421.200 4784.832 8.400 -300.000 -2520.000 0.82
2019-05-05_23:45:48 00353 11.352 418.400 4749.677 8.408 -302.800 -2545.942 0.81
2019-05-05_23:45:49 00354 11.392 381.200 4342.630 8.360 -241.600 -2019.776 0.81
2019-05-05_23:45:50 00355 11.392 386.000 4397.312 8.368 -248.800 -2081.958 0.81
2019-05-05_23:45:51 00356 11.384 386.000 4394.224 8.368 -252.800 -2115.430 0.81
2019-05-05_23:45:52 00357 11.384 393.200 4476.189 8.368 -262.400 -2195.763 0.81
2019-05-05_23:45:53 00358 11.376 391.600 4454.842 8.376 -265.600 -2224.666 0.81
2019-05-05_23:45:54 00359 11.368 404.000 4592.672 8.376 -270.400 -2264.870 0.82
2019-05-05_23:45:55 00360 11.368 405.600 4610.861 8.384 -277.600 -2327.398 0.82
2019-05-05_23:45:56 00361 11.360 414.000 4703.040 8.392 -290.400 -2437.037 0.82
2019-05-05_23:45:57 00362 11.360 418.800 4757.568 8.400 -296.400 -2489.760 0.82
2019-05-05_23:45:58 00363 11.352 423.200 4804.166 8.400 -296.000 -2486.400 0.82
2019-05-05_23:45:59 00364 11.352 426.800 4845.034 8.408 -303.200 -2549.306 0.81
2019-05-05_23:46:00 00365 11.400 379.200 4322.880 8.360 -242.400 -2026.464 0.81
2019-05-05_23:46:01 00366 11.392 385.200 4388.198 8.360 -247.200 -2066.592 0.81
2019-05-05_23:46:02 00367 11.384 387.600 4412.438 8.368 -255.200 -2135.514 0.81
2019-05-05_23:46:03 00368 11.384 390.800 4448.867 8.376 -258.800 -2167.709 0.81
2019-05-05_23:46:04 00369 11.376 397.600 4523.098 8.376 -264.000 -2211.264 0.81
2019-05-05_23:46:05 00370 11.376 404.000 4595.904 8.376 -270.400 -2264.870 0.82
2019-05-05_23:46:06 00371 11.368 410.800 4669.974 8.384 -275.200 -2307.277 0.82
2019-05-05_23:46:07 00372 11.360 416.400 4730.304 8.392 -284.400 -2386.685 0.82
2019-05-05_23:46:08 00373 11.360 420.000 4771.200 8.392 -290.400 -2437.037 0.82
2019-05-05_23:46:09 00374 11.352 423.200 4804.166 8.400 -296.000 -2486.400 0.82
2019-05-05_23:46:10 00375 11.352 430.000 4881.360 8.408 -302.400 -2542.579 0.81
2019-05-05_23:46:11 00376 11.400 380.000 4332.000 8.360 -240.400 -2009.744 0.81
2019-05-05_23:46:12 00377 11.392 384.400 4379.085 8.368 -246.400 -2061.875 0.81
2019-05-05_23:46:13 00378 11.392 376.400 4287.949 8.368 -252.800 -2115.430 0.81
2019-05-05_23:46:14 00379 11.384 396.800 4517.171 8.368 -257.600 -2155.597 0.81
2019-05-05_23:46:15 00380 11.376 393.200 4473.043 8.376 -263.600 -2207.914 0.81
2019-05-05_23:46:16 00381 11.368 400.400 4551.747 8.384 -270.000 -2263.680 0.82
2019-05-05_23:46:17 00382 11.368 408.400 4642.691 8.384 -275.600 -2310.630 0.82
2019-05-05_23:46:18 00383 11.368 416.400 4733.635 8.392 -289.600 -2430.323 0.82
2019-05-05_23:46:19 00384 11.360 414.800 4712.128 8.400 -289.200 -2429.280 0.82
2019-05-05_23:46:20 00385 11.352 424.000 4813.248 8.400 -294.800 -2476.320 0.82
2019-05-05_23:46:21 00386 11.352 420.000 4767.840 8.408 -302.400 -2542.579 0.81
2019-05-05_23:46:22 00387 11.392 378.000 4306.176 8.360 -240.000 -2006.400 0.81
2019-05-05_23:46:23 00388 11.392 382.400 4356.301 8.368 -247.200 -2068.570 0.81
2019-05-05_23:46:24 00389 11.392 380.800 4338.074 8.368 -252.800 -2115.430 0.81
2019-05-05_23:46:25 00390 11.384 393.600 4480.742 8.368 -257.600 -2155.597 0.81
2019-05-05_23:46:26 00391 11.376 398.000 4527.648 8.376 -263.600 -2207.914 0.81
2019-05-05_23:46:27 00392 11.376 394.000 4482.144 8.384 -272.400 -2283.802 0.82
2019-05-05_23:46:28 00393 11.368 408.400 4642.691 8.384 -277.200 -2324.045 0.82
2019-05-05_23:46:29 00394 11.368 412.800 4692.710 8.392 -284.000 -2383.328 0.82
2019-05-05_23:46:30 00395 11.376 395.200 4495.795 8.400 -307.600 -2583.840 0.82
2019-05-05_23:46:31 00396 11.376 391.600 4454.842 8.408 -312.000 -2623.296 0.81
2019-05-05_23:46:32 00397 11.416 342.000 3904.272 8.360 -250.400 -2093.344 0.81
2019-05-05_23:46:33 00398 11.408 354.800 4047.558 8.360 -256.800 -2146.848 0.81
2019-05-05_23:46:34 00399 11.408 360.800 4116.006 8.368 -262.800 -2199.110 0.81
2019-05-05_23:46:35 00400 11.400 356.000 4058.400 8.368 -268.400 -2245.971 0.81
2019-05-05_23:46:36 00401 11.392 360.800 4110.234 8.376 -274.000 -2295.024 0.81
2019-05-05_23:46:37 00402 11.376 383.600 4363.834 8.376 -274.800 -2301.725 0.81
2019-05-05_23:46:38 00403 11.384 378.800 4312.259 8.384 -286.400 -2401.178 0.82
2019-05-05_23:46:39 00404 11.384 375.200 4271.277 8.392 -292.400 -2453.821 0.82