2019-05-05_22:01:15 01819 2.240 -0.800 -1.792 7.928 202.000 1601.456 0.00
2019-05-05_22:01:16 01820 2.240 -0.800 -1.792 7.928 192.800 1528.518 0.00
2019-05-05_22:01:17 01821 2.240 -0.800 -1.792 7.928 192.400 1525.347 0.00
2019-05-05_22:01:18 01822 2.240 -0.800 -1.792 7.928 192.800 1528.518 0.00
2019-05-05_22:01:19 01823 2.240 -0.800 -1.792 7.928 192.400 1525.347 0.00
2019-05-05_22:01:20 01824 2.240 -0.800 -1.792 7.928 192.800 1528.518 0.00
2019-05-05_22:01:21 01825 2.240 -0.800 -1.792 7.928 194.400 1541.203 0.00
2019-05-05_22:01:22 01826 2.240 -0.800 -1.792 7.928 193.200 1531.690 0.00
2019-05-05_22:01:23 01827 2.240 -0.800 -1.792 7.928 192.800 1528.518 0.00
2019-05-05_22:01:24 01828 2.240 -0.800 -1.792 7.928 192.400 1525.347 0.00
2019-05-05_22:01:25 01829 2.240 -0.800 -1.792 7.928 192.800 1528.518 0.00
2019-05-05_22:01:26 01830 2.240 -0.800 -1.792 7.928 194.000 1538.032 0.00
2019-05-05_22:01:27 01831 2.240 -0.800 -1.792 7.912 216.400 1712.157 0.00
2019-05-05_22:01:28 01832 2.240 -0.800 -1.792 7.928 194.800 1544.374 0.00
2019-05-05_22:01:29 01833 2.240 -0.400 -0.896 7.928 192.400 1525.347 0.00
2019-05-05_22:01:30 01834 2.240 -0.800 -1.792 7.928 192.000 1522.176 0.00
2019-05-05_22:01:31 01835 2.240 -0.800 -1.792 7.928 192.400 1525.347 0.00
2019-05-05_22:01:32 01836 2.240 -0.800 -1.792 7.928 192.800 1528.518 0.00
2019-05-05_22:01:33 01837 2.240 -0.800 -1.792 7.928 191.600 1519.005 0.00
2019-05-05_22:01:34 01838 2.240 -0.800 -1.792 7.920 192.400 1523.808 0.00
2019-05-05_22:01:35 01839 2.240 -0.800 -1.792 7.928 192.400 1525.347 0.00
2019-05-05_22:01:36 01840 2.240 -0.800 -1.792 7.928 192.800 1528.518 0.00
2019-05-05_22:01:37 01841 2.240 -0.800 -1.792 7.928 192.800 1528.518 0.00
2019-05-05_22:01:38 01842 2.240 -0.800 -1.792 7.912 192.400 1522.269 0.00
2019-05-05_22:01:39 01843 2.240 -0.800 -1.792 7.928 193.200 1531.690 0.00
2019-05-05_22:01:40 01844 2.240 -0.800 -1.792 7.928 192.800 1528.518 0.00
2019-05-05_22:01:41 01845 2.240 -0.800 -1.792 7.928 192.400 1525.347 0.00
2019-05-05_22:01:42 01846 2.240 -0.800 -1.792 7.928 192.400 1525.347 0.00
2019-05-05_22:01:43 01847 2.240 -0.800 -1.792 7.928 192.800 1528.518 0.00
2019-05-05_22:01:44 01848 2.240 -0.400 -0.896 7.928 192.400 1525.347 0.00
2019-05-05_22:01:45 01849 2.240 -0.800 -1.792 7.928 192.400 1525.347 0.00
2019-05-05_22:01:46 01850 2.240 -0.800 -1.792 7.928 192.400 1525.347 0.00
2019-05-05_22:01:47 01851 2.240 -0.800 -1.792 7.928 200.800 1591.942 0.00
2019-05-05_22:01:48 01852 2.240 -0.800 -1.792 7.928 192.400 1525.347 0.00
2019-05-05_22:01:49 01853 2.240 -0.800 -1.792 7.928 192.400 1525.347 0.00
2019-05-05_22:01:50 01854 2.240 -0.800 -1.792 7.928 192.400 1525.347 0.00
2019-05-05_22:01:51 01855 2.240 -0.800 -1.792 7.928 202.800 1607.798 0.00
2019-05-05_22:01:52 01856 2.240 -0.800 -1.792 7.928 192.400 1525.347 0.00
2019-05-05_22:01:53 01857 2.240 -0.800 -1.792 7.928 194.000 1538.032 0.00
2019-05-05_22:01:54 01858 2.240 -0.800 -1.792 7.920 192.400 1523.808 0.00
2019-05-05_22:01:55 01859 2.240 -0.800 -1.792 7.928 192.400 1525.347 0.00
2019-05-05_22:01:56 01860 2.240 -0.800 -1.792 7.904 216.400 1710.426 0.00
2019-05-05_22:01:57 01861 2.240 -0.800 -1.792 7.928 197.200 1563.402 0.00
2019-05-05_22:01:58 01862 2.240 -0.800 -1.792 7.928 192.400 1525.347 0.00
2019-05-05_22:01:59 01863 2.240 -0.800 -1.792 7.928 192.800 1528.518 0.00
2019-05-05_22:02:00 01864 2.240 -0.800 -1.792 7.928 202.800 1607.798 0.00
2019-05-05_22:02:01 01865 2.240 -0.800 -1.792 7.928 192.800 1528.518 0.00
2019-05-05_22:02:02 01866 2.240 -0.800 -1.792 7.928 192.400 1525.347 0.00
2019-05-05_22:02:03 01867 2.240 -0.800 -1.792 7.928 192.800 1528.518 0.00
2019-05-05_22:02:04 01868 2.240 -0.800 -1.792 7.928 192.800 1528.518 0.00
2019-05-05_22:02:05 01869 2.240 -0.800 -1.792 7.928 192.800 1528.518 0.00
2019-05-05_22:02:06 01870 2.240 -0.800 -1.792 7.928 192.400 1525.347 0.00
2019-05-05_22:02:07 01871 2.240 -0.800 -1.792 7.912 192.800 1525.434 0.00
2019-05-05_22:02:08 01872 2.240 -0.800 -1.792 7.928 192.400 1525.347 0.00
2019-05-05_22:02:09 01873 2.240 -0.800 -1.792 7.928 192.400 1525.347 0.00
2019-05-05_22:02:10 01874 2.240 -0.800 -1.792 7.920 192.800 1526.976 0.00
2019-05-05_22:02:11 01875 2.240 -0.800 -1.792 7.928 197.200 1563.402 0.00
2019-05-05_22:02:12 01876 2.240 -0.800 -1.792 7.928 192.400 1525.347 0.00
2019-05-05_22:02:13 01877 2.240 -0.800 -1.792 7.928 192.400 1525.347 0.00
2019-05-05_22:02:14 01878 2.240 -0.800 -1.792 7.928 202.400 1604.627 0.00
2019-05-05_22:02:15 01879 2.240 -0.800 -1.792 7.928 192.400 1525.347 0.00
2019-05-05_22:02:16 01880 2.240 -0.800 -1.792 7.928 192.400 1525.347 0.00
2019-05-05_22:02:17 01881 2.240 -0.800 -1.792 7.928 192.800 1528.518 0.00
2019-05-05_22:02:18 01882 2.240 -0.800 -1.792 7.928 192.800 1528.518 0.00
2019-05-05_22:02:19 01883 2.240 -0.800 -1.792 7.928 192.400 1525.347 0.00
2019-05-05_22:02:20 01884 2.240 -0.800 -1.792 7.920 192.800 1526.976 0.00
2019-05-05_22:02:21 01885 2.240 -0.800 -1.792 7.928 192.400 1525.347 0.00
2019-05-05_22:02:22 01886 2.240 -0.800 -1.792 7.928 192.800 1528.518 0.00
2019-05-05_22:02:23 01887 2.240 -0.800 -1.792 7.928 193.200 1531.690 0.00
2019-05-05_22:02:24 01888 2.240 -0.800 -1.792 7.928 195.200 1547.546 0.00
2019-05-05_22:02:25 01889 2.240 -0.800 -1.792 7.928 193.200 1531.690 0.00
2019-05-05_22:02:26 01890 2.240 -0.800 -1.792 7.904 215.600 1704.102 0.00
2019-05-05_22:02:27 01891 2.240 -0.800 -1.792 7.928 192.400 1525.347 0.00
2019-05-05_22:02:28 01892 2.240 -0.800 -1.792 7.928 192.800 1528.518 0.00
2019-05-05_22:02:29 01893 2.240 -0.800 -1.792 7.928 192.800 1528.518 0.00
2019-05-05_22:02:30 01894 2.240 -0.800 -1.792 7.920 193.200 1530.144 0.00
2019-05-05_22:02:31 01895 2.240 -0.800 -1.792 7.928 196.800 1560.230 0.00
2019-05-05_22:02:32 01896 2.240 -0.800 -1.792 7.920 192.400 1523.808 0.00
2019-05-05_22:02:33 01897 2.240 -0.800 -1.792 7.928 192.400 1525.347 0.00
2019-05-05_22:02:34 01898 2.240 -0.800 -1.792 7.928 193.200 1531.690 0.00
2019-05-05_22:02:35 01899 2.240 -0.800 -1.792 7.928 192.400 1525.347 0.00
2019-05-05_22:02:36 01900 2.240 -0.800 -1.792 7.928 193.200 1531.690 0.00
2019-05-05_22:02:37 01901 2.240 -0.800 -1.792 7.920 192.400 1523.808 0.00
2019-05-05_22:02:38 01902 2.240 -0.800 -1.792 7.928 198.400 1572.915 0.00
2019-05-05_22:02:39 01903 2.240 -0.800 -1.792 7.928 193.200 1531.690 0.00
2019-05-05_22:02:40 01904 2.240 -0.800 -1.792 7.928 192.400 1525.347 0.00
2019-05-05_22:02:41 01905 2.240 -0.800 -1.792 7.928 193.200 1531.690 0.00
2019-05-05_22:02:42 01906 2.240 -0.800 -1.792 7.928 192.800 1528.518 0.00
2019-05-05_22:02:43 01907 2.240 -0.800 -1.792 7.928 192.800 1528.518 0.00
2019-05-05_22:02:44 01908 2.240 -0.800 -1.792 7.928 192.400 1525.347 0.00
2019-05-05_22:02:45 01909 2.240 -0.800 -1.792 7.912 192.400 1522.269 0.00
2019-05-05_22:02:46 01910 2.240 -0.800 -1.792 7.928 193.200 1531.690 0.00
2019-05-05_22:02:47 01911 2.240 -0.800 -1.792 7.928 192.400 1525.347 0.00
2019-05-05_22:02:48 01912 2.240 -0.800 -1.792 7.912 192.800 1525.434 0.00
2019-05-05_22:02:49 01913 2.240 -0.800 -1.792 7.920 192.800 1526.976 0.00
2019-05-05_22:02:50 01914 2.240 -0.800 -1.792 7.928 192.800 1528.518 0.00
2019-05-05_22:02:51 01915 2.240 -0.800 -1.792 7.920 192.800 1526.976 0.00
2019-05-05_22:02:52 01916 2.240 -0.800 -1.792 7.928 192.800 1528.518 0.00
2019-05-05_22:02:53 01917 2.240 -0.800 -1.792 7.928 192.800 1528.518 0.00
2019-05-05_22:02:54 01918 2.240 -0.800 -1.792 7.928 192.400 1525.347 0.00
2019-05-05_22:02:55 01919 2.240 -0.800 -1.792 7.928 193.200 1531.690 0.00