2019-05-05_00:00:26 01112 11.576 170.400 1972.550 8.368 0.400 3.347 0.76
2019-05-05_00:00:27 01113 11.576 169.200 1958.659 8.384 0.400 3.354 0.76
2019-05-05_00:00:28 01114 11.576 170.400 1972.550 8.392 0.000 0.000 0.76
2019-05-05_00:00:29 01115 11.576 169.200 1958.659 8.400 0.400 3.360 0.76
2019-05-05_00:00:30 01116 11.568 168.400 1948.051 8.408 0.400 3.363 0.75
2019-05-05_00:00:31 01117 11.584 170.400 1973.914 8.312 0.000 0.000 0.75
2019-05-05_00:00:32 01118 11.584 170.400 1973.914 8.320 0.000 0.000 0.75
2019-05-05_00:00:33 01119 11.584 156.000 1807.104 8.328 0.400 3.331 0.75
2019-05-05_00:00:34 01120 11.584 162.400 1881.242 8.344 0.400 3.338 0.75
2019-05-05_00:00:35 01121 11.560 197.200 2279.632 8.352 0.400 3.341 0.75
2019-05-05_00:00:36 01122 11.576 169.200 1958.659 8.360 0.400 3.344 0.76
2019-05-05_00:00:37 01123 11.576 170.000 1967.920 8.376 0.000 0.000 0.76
2019-05-05_00:00:38 01124 11.576 170.400 1972.550 8.384 0.400 3.354 0.76
2019-05-05_00:00:39 01125 11.576 168.400 1949.398 8.392 0.400 3.357 0.76
2019-05-05_00:00:40 01126 11.552 195.600 2259.571 8.400 0.000 0.000 0.76
2019-05-05_00:00:41 01127 11.568 170.400 1971.187 8.416 0.000 0.000 0.75
2019-05-05_00:00:42 01128 11.584 170.400 1973.914 8.312 0.000 0.000 0.75
2019-05-05_00:00:43 01129 11.584 169.600 1964.646 8.320 0.000 0.000 0.75
2019-05-05_00:00:44 01130 11.584 168.400 1950.746 8.328 0.400 3.331 0.75
2019-05-05_00:00:45 01131 11.576 168.400 1949.398 8.344 0.400 3.338 0.75
2019-05-05_00:00:46 01132 11.576 168.800 1954.029 8.352 0.000 0.000 0.75
2019-05-05_00:00:47 01133 11.552 199.600 2305.779 8.344 0.000 0.000 0.76
2019-05-05_00:00:48 01134 11.576 169.600 1963.290 8.368 0.000 0.000 0.76
2019-05-05_00:00:49 01135 11.576 168.000 1944.768 8.376 0.000 0.000 0.76
2019-05-05_00:00:50 01136 11.568 194.800 2253.446 8.376 0.000 0.000 0.76
2019-05-05_00:00:51 01137 11.568 170.400 1971.187 8.400 0.000 0.000 0.76
2019-05-05_00:00:52 01138 11.576 195.600 2264.266 8.408 0.000 0.000 0.75
2019-05-05_00:00:53 01139 11.584 169.600 1964.646 8.312 0.000 0.000 0.75
2019-05-05_00:00:54 01140 11.584 169.200 1960.013 8.320 0.000 0.000 0.75
2019-05-05_00:00:55 01141 11.568 194.000 2244.192 8.312 0.000 0.000 0.75
2019-05-05_00:00:56 01142 11.584 170.000 1969.280 8.344 0.400 3.338 0.75
2019-05-05_00:00:57 01143 11.576 172.000 1991.072 8.352 0.400 3.341 0.75
2019-05-05_00:00:58 01144 11.576 172.000 1991.072 8.360 0.400 3.344 0.76
2019-05-05_00:00:59 01145 11.576 167.200 1935.507 8.368 0.000 0.000 0.76
2019-05-05_00:01:00 01146 11.560 192.800 2228.768 8.368 0.000 0.000 0.76
2019-05-05_00:01:01 01147 11.576 168.400 1949.398 8.392 0.000 0.000 0.76
2019-05-05_00:01:02 01148 11.576 164.000 1898.464 8.400 0.400 3.360 0.76
2019-05-05_00:01:03 01149 11.568 170.400 1971.187 8.408 0.000 0.000 0.75
2019-05-05_00:01:04 01150 11.584 170.000 1969.280 8.312 0.000 0.000 0.75
2019-05-05_00:01:05 01151 11.584 167.600 1941.478 8.320 0.000 0.000 0.75
2019-05-05_00:01:06 01152 11.584 164.400 1904.410 8.328 0.000 0.000 0.75
2019-05-05_00:01:07 01153 11.568 195.600 2262.701 8.344 0.000 0.000 0.75
2019-05-05_00:01:08 01154 11.584 170.400 1973.914 8.352 0.000 0.000 0.75
2019-05-05_00:01:09 01155 11.576 172.800 2000.333 8.360 0.400 3.344 0.76
2019-05-05_00:01:10 01156 11.576 171.600 1986.442 8.368 0.000 0.000 0.76
2019-05-05_00:01:11 01157 11.576 169.200 1958.659 8.376 0.400 3.350 0.76
2019-05-05_00:01:12 01158 11.552 188.800 2181.018 8.384 0.000 0.000 0.76
2019-05-05_00:01:13 01159 11.568 170.400 1971.187 8.400 0.000 0.000 0.76
2019-05-05_00:01:14 01160 11.576 170.000 1967.920 8.408 0.000 0.000 0.75
2019-05-05_00:01:15 01161 11.560 184.000 2127.040 8.296 0.000 0.000 0.77
2019-05-05_00:01:16 01162 11.568 166.400 1924.915 8.544 0.000 0.000 0.76
2019-05-05_00:01:17 01163 11.552 188.400 2176.397 8.408 0.000 0.000 0.75
2019-05-05_00:01:18 01164 11.584 168.400 1950.746 8.312 0.000 0.000 0.75
2019-05-05_00:01:19 01165 11.584 170.400 1973.914 8.320 0.000 0.000 0.75
2019-05-05_00:01:20 01166 11.560 192.000 2219.520 8.320 0.000 0.000 0.75
2019-05-05_00:01:21 01167 11.584 166.800 1932.211 8.344 0.400 3.338 0.75
2019-05-05_00:01:22 01168 11.576 166.000 1921.616 8.352 0.000 0.000 0.75
2019-05-05_00:01:23 01169 11.576 171.200 1981.811 8.360 0.400 3.344 0.76
2019-05-05_00:01:24 01170 11.576 168.800 1954.029 8.368 0.000 0.000 0.76
2019-05-05_00:01:25 01171 11.560 193.600 2238.016 8.368 0.000 0.000 0.76
2019-05-05_00:01:26 01172 11.576 168.000 1944.768 8.392 0.400 3.357 0.76
2019-05-05_00:01:27 01173 11.552 198.000 2287.296 8.392 0.400 3.357 0.76
2019-05-05_00:01:28 01174 11.568 170.400 1971.187 8.416 0.000 0.000 0.75
2019-05-05_00:01:29 01175 11.584 170.800 1978.547 8.312 0.000 0.000 0.75
2019-05-05_00:01:30 01176 11.584 170.000 1969.280 8.320 0.000 0.000 0.75
2019-05-05_00:01:31 01177 11.584 170.000 1969.280 8.328 0.000 0.000 0.75
2019-05-05_00:01:32 01178 11.560 186.000 2150.160 8.328 0.400 3.331 0.75
2019-05-05_00:01:33 01179 11.576 168.800 1954.029 8.352 0.400 3.341 0.75
2019-05-05_00:01:34 01180 11.576 168.400 1949.398 8.360 0.400 3.344 0.76
2019-05-05_00:01:35 01181 11.568 174.800 2022.086 8.360 0.000 0.000 0.76
2019-05-05_00:01:36 01182 11.576 168.800 1954.029 8.384 0.000 0.000 0.76
2019-05-05_00:01:37 01183 11.552 194.400 2245.709 8.376 0.000 0.000 0.76
2019-05-05_00:01:38 01184 11.576 168.800 1954.029 8.400 0.000 0.000 0.76
2019-05-05_00:01:39 01185 11.576 170.000 1967.920 8.416 0.000 0.000 0.75
2019-05-05_00:01:40 01186 11.568 186.400 2156.275 8.296 0.000 0.000 0.77
2019-05-05_00:01:41 01187 11.568 168.400 1948.051 8.544 0.000 0.000 0.76
2019-05-05_00:01:42 01188 11.560 194.800 2251.888 8.392 0.000 0.000 0.76
2019-05-05_00:01:43 01189 11.568 169.600 1961.933 8.424 0.000 0.000 0.75
2019-05-05_00:01:44 01190 11.584 168.800 1955.379 8.320 0.000 0.000 0.75
2019-05-05_00:01:45 01191 11.568 196.000 2267.328 8.320 0.000 0.000 0.75
2019-05-05_00:01:46 01192 11.576 169.600 1963.290 8.344 0.400 3.338 0.75
2019-05-05_00:01:47 01193 11.576 168.800 1954.029 8.360 0.000 0.000 0.75
2019-05-05_00:01:48 01194 11.576 170.400 1972.550 8.360 0.400 3.344 0.76
2019-05-05_00:01:49 01195 11.576 170.000 1967.920 8.376 0.000 0.000 0.76
2019-05-05_00:01:50 01196 11.560 191.200 2210.272 8.368 0.400 3.347 0.76
2019-05-05_00:01:51 01197 11.576 168.800 1954.029 8.392 0.000 0.000 0.76
2019-05-05_00:01:52 01198 11.552 191.200 2208.742 8.384 0.000 0.000 0.76
2019-05-05_00:01:53 01199 11.576 167.200 1935.507 8.408 0.000 0.000 0.75
2019-05-05_00:01:54 01200 11.584 168.000 1946.112 8.312 0.000 0.000 0.75
2019-05-05_00:01:55 01201 11.560 196.400 2270.384 8.312 0.400 3.325 0.75
2019-05-05_00:01:56 01202 11.584 170.400 1973.914 8.328 0.000 0.000 0.75
2019-05-05_00:01:57 01203 11.560 196.000 2265.760 8.328 0.400 3.331 0.75
2019-05-05_00:01:58 01204 11.576 168.400 1949.398 8.352 0.400 3.341 0.75
2019-05-05_00:01:59 01205 11.576 166.400 1926.246 8.360 0.000 0.000 0.76
2019-05-05_00:02:00 01206 11.552 196.400 2268.813 8.360 0.000 0.000 0.76
2019-05-05_00:02:01 01207 11.576 170.400 1972.550 8.384 0.400 3.354 0.76
2019-05-05_00:02:02 01208 11.560 196.400 2270.384 8.376 0.000 0.000 0.76
2019-05-05_00:02:03 01209 11.576 169.600 1963.290 8.400 0.400 3.360 0.76
2019-05-05_00:02:04 01210 11.568 168.400 1948.051 8.408 0.000 0.000 0.75
2019-05-05_00:02:05 01211 11.576 193.200 2236.483 8.296 0.000 0.000 0.77
2019-05-05_00:02:06 01212 11.576 166.400 1926.246 8.544 0.000 0.000 0.76