2019-05-05_23:01:55 05455 11.304 480.800 5434.963 8.368 -388.400 -3250.131 0.82
2019-05-05_23:01:56 05456 11.296 486.000 5489.856 8.376 -385.600 -3229.786 0.82
2019-05-05_23:01:57 05457 11.296 492.400 5562.150 8.384 -401.600 -3367.014 0.83
2019-05-05_23:01:58 05458 11.296 493.200 5571.187 8.392 -407.600 -3420.579 0.83
2019-05-05_23:01:59 05459 11.304 487.600 5511.830 8.400 -424.400 -3564.960 0.83
2019-05-05_23:02:00 05460 11.296 508.000 5738.368 8.400 -418.800 -3517.920 0.83
2019-05-05_23:02:01 05461 11.288 510.800 5765.910 8.408 -424.400 -3568.355 0.82
2019-05-05_23:02:02 05462 11.328 462.400 5238.067 8.352 -362.400 -3026.765 0.82
2019-05-05_23:02:03 05463 11.320 472.800 5352.096 8.360 -370.000 -3093.200 0.82
2019-05-05_23:02:04 05464 11.312 474.400 5366.413 8.360 -375.600 -3140.016 0.82
2019-05-05_23:02:05 05465 11.320 462.400 5234.368 8.368 -385.600 -3226.701 0.82
2019-05-05_23:02:06 05466 11.312 482.800 5461.434 8.368 -387.200 -3240.090 0.82
2019-05-05_23:02:07 05467 11.304 485.200 5484.701 8.376 -396.400 -3320.246 0.82
2019-05-05_23:02:08 05468 11.296 495.200 5593.779 8.384 -402.000 -3370.368 0.83
2019-05-05_23:02:09 05469 11.296 496.400 5607.334 8.392 -409.200 -3434.006 0.83
2019-05-05_23:02:10 05470 11.296 502.400 5675.110 8.400 -414.800 -3484.320 0.83
2019-05-05_23:02:11 05471 11.288 510.000 5756.880 8.400 -421.600 -3541.440 0.83
2019-05-05_23:02:12 05472 11.280 512.000 5775.360 8.400 -414.800 -3484.320 0.83
2019-05-05_23:02:13 05473 11.280 507.600 5725.728 8.408 -421.600 -3544.813 0.82
2019-05-05_23:02:14 05474 11.320 464.800 5261.536 8.360 -370.000 -3093.200 0.82
2019-05-05_23:02:15 05475 11.312 474.400 5366.413 8.360 -374.400 -3129.984 0.82
2019-05-05_23:02:16 05476 11.320 460.400 5211.728 8.368 -388.000 -3246.784 0.82
2019-05-05_23:02:17 05477 11.312 481.200 5443.334 8.376 -385.600 -3229.786 0.82
2019-05-05_23:02:18 05478 11.304 485.200 5484.701 8.376 -394.800 -3306.845 0.82
2019-05-05_23:02:19 05479 11.304 495.600 5602.262 8.384 -400.000 -3353.600 0.83
2019-05-05_23:02:20 05480 11.304 498.000 5629.392 8.392 -404.000 -3390.368 0.83
2019-05-05_23:02:21 05481 11.296 503.600 5688.666 8.392 -412.800 -3464.218 0.83
2019-05-05_23:02:22 05482 11.304 491.200 5552.525 8.408 -425.200 -3575.082 0.82
2019-05-05_23:02:23 05483 11.328 455.600 5161.037 8.344 -353.200 -2947.101 0.82
2019-05-05_23:02:24 05484 11.320 460.400 5211.728 8.352 -360.000 -3006.720 0.82
2019-05-05_23:02:25 05485 11.304 473.200 5349.053 8.352 -352.800 -2946.586 0.82
2019-05-05_23:02:26 05486 11.320 468.400 5302.288 8.360 -374.800 -3133.328 0.82
2019-05-05_23:02:27 05487 11.336 463.200 5250.835 8.368 -383.200 -3206.618 0.82
2019-05-05_23:02:28 05488 11.304 481.200 5439.485 8.368 -383.200 -3206.618 0.82
2019-05-05_23:02:29 05489 11.312 484.000 5475.008 8.376 -391.600 -3280.042 0.82
2019-05-05_23:02:30 05490 11.304 491.600 5557.046 8.384 -398.400 -3340.186 0.83
2019-05-05_23:02:31 05491 11.296 496.800 5611.853 8.384 -392.400 -3289.882 0.83
2019-05-05_23:02:32 05492 11.296 499.600 5643.482 8.400 -412.000 -3460.800 0.83
2019-05-05_23:02:33 05493 11.304 491.200 5552.525 8.408 -428.800 -3605.350 0.82
2019-05-05_23:02:34 05494 11.328 453.600 5138.381 8.344 -356.800 -2977.139 0.82
2019-05-05_23:02:35 05495 11.320 464.000 5252.480 8.352 -362.800 -3030.106 0.82
2019-05-05_23:02:36 05496 11.328 468.800 5310.566 8.352 -370.000 -3090.240 0.82
2019-05-05_23:02:37 05497 11.320 471.200 5333.984 8.360 -372.400 -3113.264 0.82
2019-05-05_23:02:38 05498 11.312 473.600 5357.363 8.368 -378.000 -3163.104 0.82
2019-05-05_23:02:39 05499 11.312 480.800 5438.810 8.376 -385.600 -3229.786 0.82
2019-05-05_23:02:40 05500 11.304 488.400 5520.874 8.376 -391.600 -3280.042 0.82
2019-05-05_23:02:41 05501 11.312 477.200 5398.086 8.392 -408.400 -3427.293 0.83
2019-05-05_23:02:42 05502 11.304 484.800 5480.179 8.392 -411.200 -3450.790 0.83
2019-05-05_23:02:43 05503 11.296 503.200 5684.147 8.400 -414.800 -3484.320 0.83
2019-05-05_23:02:44 05504 11.280 516.000 5820.480 8.400 -410.400 -3447.360 0.83
2019-05-05_23:02:45 05505 11.296 511.200 5774.515 8.400 -409.600 -3440.640 0.83
2019-05-05_23:02:46 05506 11.288 513.200 5793.002 8.416 -421.600 -3548.186 0.82
2019-05-05_23:02:47 05507 11.320 469.200 5311.344 8.352 -366.800 -3063.514 0.82
2019-05-05_23:02:48 05508 11.320 473.200 5356.624 8.368 -376.400 -3149.715 0.82
2019-05-05_23:02:49 05509 11.312 474.000 5361.888 8.368 -379.200 -3173.146 0.82
2019-05-05_23:02:50 05510 11.304 478.400 5407.834 8.368 -384.800 -3220.006 0.82
2019-05-05_23:02:51 05511 11.304 485.200 5484.701 8.376 -392.000 -3283.392 0.82
2019-05-05_23:02:52 05512 11.312 475.600 5379.987 8.392 -408.400 -3427.293 0.83
2019-05-05_23:02:53 05513 11.296 495.200 5593.779 8.392 -406.800 -3413.866 0.83
2019-05-05_23:02:54 05514 11.304 502.800 5683.651 8.400 -414.800 -3484.320 0.83
2019-05-05_23:02:55 05515 11.288 503.600 5684.637 8.400 -414.800 -3484.320 0.83
2019-05-05_23:02:56 05516 11.288 509.600 5752.365 8.408 -424.400 -3568.355 0.82
2019-05-05_23:02:57 05517 11.328 457.200 5179.162 8.352 -356.000 -2973.312 0.82
2019-05-05_23:02:58 05518 11.328 449.200 5088.538 8.360 -374.000 -3126.640 0.82
2019-05-05_23:02:59 05519 11.320 469.600 5315.872 8.360 -370.800 -3099.888 0.82
2019-05-05_23:03:00 05520 11.312 475.200 5375.462 8.368 -380.800 -3186.534 0.82
2019-05-05_23:03:01 05521 11.312 478.800 5416.186 8.368 -384.000 -3213.312 0.82
2019-05-05_23:03:02 05522 11.312 487.600 5515.731 8.376 -390.800 -3273.341 0.82
2019-05-05_23:03:03 05523 11.296 488.000 5512.448 8.384 -400.400 -3356.954 0.83
2019-05-05_23:03:04 05524 11.312 480.400 5434.285 8.392 -412.000 -3457.504 0.83
2019-05-05_23:03:05 05525 11.304 486.800 5502.787 8.400 -419.200 -3521.280 0.83
2019-05-05_23:03:06 05526 11.296 493.200 5571.187 8.400 -416.800 -3501.120 0.83
2019-05-05_23:03:07 05527 11.304 495.600 5602.262 8.416 -430.000 -3618.880 0.82
2019-05-05_23:03:08 05528 11.320 459.600 5202.672 8.352 -360.800 -3013.402 0.82
2019-05-05_23:03:09 05529 11.320 467.600 5293.232 8.360 -364.000 -3043.040 0.82
2019-05-05_23:03:10 05530 11.312 468.400 5298.541 8.368 -373.600 -3126.285 0.82
2019-05-05_23:03:11 05531 11.312 470.800 5325.690 8.368 -378.800 -3169.798 0.82
2019-05-05_23:03:12 05532 11.312 479.600 5425.235 8.376 -383.200 -3209.683 0.82
2019-05-05_23:03:13 05533 11.320 470.400 5324.928 8.384 -399.200 -3346.893 0.82
2019-05-05_23:03:14 05534 11.296 502.800 5679.629 8.376 -381.200 -3192.931 0.83
2019-05-05_23:03:15 05535 11.304 496.800 5615.827 8.392 -407.600 -3420.579 0.83
2019-05-05_23:03:16 05536 11.304 498.000 5629.392 8.400 -409.600 -3440.640 0.83
2019-05-05_23:03:17 05537 11.280 518.000 5843.040 8.408 -415.600 -3494.365 0.82
2019-05-05_23:03:18 05538 11.320 457.600 5180.032 8.344 -353.600 -2950.438 0.82
2019-05-05_23:03:19 05539 11.328 456.800 5174.630 8.352 -360.000 -3006.720 0.82
2019-05-05_23:03:20 05540 11.320 460.400 5211.728 8.360 -367.200 -3069.792 0.82
2019-05-05_23:03:21 05541 11.312 471.600 5334.739 8.360 -372.800 -3116.608 0.82
2019-05-05_23:03:22 05542 11.328 461.200 5224.474 8.376 -386.800 -3239.837 0.82
2019-05-05_23:03:23 05543 11.328 461.600 5229.005 8.376 -394.000 -3300.144 0.82
2019-05-05_23:03:24 05544 11.296 494.800 5589.261 8.376 -385.600 -3229.786 0.82
2019-05-05_23:03:25 05545 11.304 489.600 5534.438 8.384 -394.800 -3310.003 0.83
2019-05-05_23:03:26 05546 11.304 492.800 5570.611 8.392 -403.600 -3387.011 0.83
2019-05-05_23:03:27 05547 11.264 526.400 5929.370 8.392 -401.200 -3366.870 0.83
2019-05-05_23:03:28 05548 11.296 509.200 5751.923 8.400 -416.000 -3494.400 0.83
2019-05-05_23:03:29 05549 11.280 521.200 5879.136 8.408 -418.400 -3517.907 0.82
2019-05-05_23:03:30 05550 11.328 457.200 5179.162 8.352 -359.600 -3003.379 0.82
2019-05-05_23:03:31 05551 11.312 484.400 5479.533 8.352 -352.800 -2946.586 0.82
2019-05-05_23:03:32 05552 11.320 470.000 5320.400 8.360 -372.400 -3113.264 0.82
2019-05-05_23:03:33 05553 11.312 479.600 5425.235 8.368 -369.600 -3092.813 0.82
2019-05-05_23:03:34 05554 11.304 494.800 5593.219 8.376 -375.600 -3146.026 0.82
2019-05-05_23:03:35 05555 11.304 494.400 5588.698 8.376 -381.600 -3196.282 0.82