2019-05-05_21:30:55 00001 2.360 -1.600 -3.776 7.944 285.600 2268.806 0.00
2019-05-05_21:30:56 00002 2.240 -0.800 -1.792 7.928 257.200 2039.082 0.00
2019-05-05_21:30:57 00003 2.240 -0.800 -1.792 7.952 250.000 1988.000 0.00
2019-05-05_21:30:58 00004 2.240 -0.800 -1.792 7.936 267.600 2123.674 0.00
2019-05-05_21:30:59 00005 2.240 -0.800 -1.792 7.936 266.000 2110.976 0.00
2019-05-05_21:31:00 00006 2.240 -0.800 -1.792 7.928 261.600 2073.965 0.00
2019-05-05_21:31:01 00007 2.240 -0.800 -1.792 7.928 266.000 2108.848 0.00
2019-05-05_21:31:02 00008 2.240 -0.800 -1.792 7.928 261.200 2070.794 0.00
2019-05-05_21:31:03 00009 2.248 -0.800 -1.798 7.928 259.600 2058.109 0.00
2019-05-05_21:31:04 00010 2.240 -0.800 -1.792 7.928 255.600 2026.397 0.00
2019-05-05_21:31:05 00011 2.248 -0.800 -1.798 7.928 267.200 2118.362 0.00
2019-05-05_21:31:06 00012 2.240 -0.800 -1.792 7.920 311.600 2467.872 0.00
2019-05-05_21:31:07 00013 2.240 -0.800 -1.792 7.904 268.000 2118.272 0.00
2019-05-05_21:31:08 00014 2.240 -0.800 -1.792 7.928 263.200 2086.650 0.00
2019-05-05_21:31:09 00015 2.240 -0.800 -1.792 7.928 277.200 2197.642 0.00
2019-05-05_21:31:10 00016 2.240 -0.800 -1.792 7.928 279.600 2216.669 0.00
2019-05-05_21:31:11 00017 2.240 -0.800 -1.792 7.928 260.800 2067.622 0.00
2019-05-05_21:31:12 00018 2.240 -0.800 -1.792 7.928 261.200 2070.794 0.00
2019-05-05_21:31:13 00019 2.240 -0.800 -1.792 7.928 266.000 2108.848 0.00
2019-05-05_21:31:14 00020 2.240 -0.800 -1.792 7.928 265.200 2102.506 0.00
2019-05-05_21:31:15 00021 2.240 -0.800 -1.792 7.928 260.000 2061.280 0.00
2019-05-05_21:31:16 00022 2.240 -0.800 -1.792 7.920 280.400 2220.768 0.00
2019-05-05_21:31:17 00023 2.248 -0.800 -1.798 7.928 268.000 2124.704 0.00
2019-05-05_21:31:18 00024 2.240 -0.800 -1.792 7.928 265.200 2102.506 0.00
2019-05-05_21:31:19 00025 2.248 -0.800 -1.798 7.928 286.000 2267.408 0.00
2019-05-05_21:31:20 00026 2.240 -0.800 -1.792 7.920 264.000 2090.880 0.00
2019-05-05_21:31:21 00027 2.248 -0.800 -1.798 7.904 267.600 2115.110 0.00
2019-05-05_21:31:22 00028 2.240 -0.800 -1.792 7.928 275.200 2181.786 0.00
2019-05-05_21:31:23 00029 2.240 -0.800 -1.792 7.920 237.600 1881.792 0.00
2019-05-05_21:31:24 00030 2.240 -0.800 -1.792 7.920 273.600 2166.912 0.00
2019-05-05_21:31:25 00031 2.240 -0.800 -1.792 7.960 216.400 1722.544 0.00
2019-05-05_21:31:26 00032 2.240 -0.800 -1.792 7.960 192.000 1528.320 0.00
2019-05-05_21:31:27 00033 2.240 -0.800 -1.792 7.960 218.000 1735.280 0.00
2019-05-05_21:31:28 00034 2.240 -0.800 -1.792 7.976 194.800 1553.725 0.00
2019-05-05_21:31:29 00035 2.240 -0.800 -1.792 7.968 194.800 1552.166 0.00
2019-05-05_21:31:30 00036 2.240 -0.800 -1.792 7.976 192.800 1537.773 0.00
2019-05-05_21:31:31 00037 2.240 -0.800 -1.792 7.976 219.200 1748.339 0.00
2019-05-05_21:31:32 00038 2.240 -0.800 -1.792 7.976 195.600 1560.106 0.00
2019-05-05_21:31:33 00039 2.240 -0.400 -0.896 7.976 194.800 1553.725 0.00
2019-05-05_21:31:34 00040 2.240 -0.800 -1.792 7.968 194.800 1552.166 0.00
2019-05-05_21:31:35 00041 2.240 -0.800 -1.792 7.976 194.400 1550.534 0.00
2019-05-05_21:31:36 00042 2.240 -0.800 -1.792 7.976 194.400 1550.534 0.00
2019-05-05_21:31:37 00043 2.240 -0.800 -1.792 7.976 194.400 1550.534 0.00
2019-05-05_21:31:38 00044 2.240 -0.800 -1.792 7.968 195.200 1555.354 0.00
2019-05-05_21:31:39 00045 2.240 -0.400 -0.896 7.976 194.800 1553.725 0.00
2019-05-05_21:31:40 00046 2.240 -0.800 -1.792 7.976 194.800 1553.725 0.00
2019-05-05_21:31:41 00047 2.240 -0.800 -1.792 7.960 219.200 1744.832 0.00
2019-05-05_21:31:42 00048 2.240 -0.800 -1.792 7.976 194.800 1553.725 0.00
2019-05-05_21:31:43 00049 2.240 -0.800 -1.792 7.976 195.200 1556.915 0.00
2019-05-05_21:31:44 00050 2.240 -0.800 -1.792 7.976 194.800 1553.725 0.00
2019-05-05_21:31:45 00051 2.240 -0.400 -0.896 7.976 194.400 1550.534 0.00
2019-05-05_21:31:46 00052 2.240 -0.800 -1.792 7.976 194.800 1553.725 0.00
2019-05-05_21:31:47 00053 2.240 -0.800 -1.792 7.960 194.800 1550.608 0.00
2019-05-05_21:31:48 00054 2.240 -0.800 -1.792 7.976 194.000 1547.344 0.00
2019-05-05_21:31:49 00055 2.240 -0.800 -1.792 7.976 195.200 1556.915 0.00
2019-05-05_21:31:50 00056 2.240 -0.800 -1.792 7.976 195.200 1556.915 0.00
2019-05-05_21:31:51 00057 2.240 -0.800 -1.792 7.976 194.400 1550.534 0.00
2019-05-05_21:31:52 00058 2.240 -0.800 -1.792 7.976 212.400 1694.102 0.00
2019-05-05_21:31:53 00059 2.240 -0.800 -1.792 7.976 194.800 1553.725 0.00
2019-05-05_21:31:54 00060 2.240 -0.800 -1.792 7.976 195.200 1556.915 0.00
2019-05-05_21:31:55 00061 2.240 -0.800 -1.792 7.968 199.200 1587.226 0.00
2019-05-05_21:31:56 00062 2.240 -0.800 -1.792 7.976 206.000 1643.056 0.00
2019-05-05_21:31:57 00063 2.240 -0.800 -1.792 7.976 194.800 1553.725 0.00
2019-05-05_21:31:58 00064 2.240 -0.400 -0.896 7.976 194.800 1553.725 0.00
2019-05-05_21:31:59 00065 2.240 -0.800 -1.792 7.976 194.400 1550.534 0.00
2019-05-05_21:32:00 00066 2.240 -0.800 -1.792 7.968 194.400 1548.979 0.00
2019-05-05_21:32:01 00067 2.240 -0.400 -0.896 7.976 203.600 1623.914 0.00
2019-05-05_21:32:02 00068 2.240 -0.800 -1.792 7.960 218.800 1741.648 0.00
2019-05-05_21:32:03 00069 2.240 -0.800 -1.792 7.976 194.400 1550.534 0.00
2019-05-05_21:32:04 00070 2.240 -0.800 -1.792 7.968 194.400 1548.979 0.00
2019-05-05_21:32:05 00071 2.240 -0.800 -1.792 7.976 194.400 1550.534 0.00
2019-05-05_21:32:06 00072 2.240 -0.800 -1.792 7.976 194.400 1550.534 0.00
2019-05-05_21:32:07 00073 2.240 -0.800 -1.792 7.976 194.800 1553.725 0.00
2019-05-05_21:32:08 00074 2.240 -0.800 -1.792 7.968 193.600 1542.605 0.00
2019-05-05_21:32:09 00075 2.240 -0.800 -1.792 7.976 194.800 1553.725 0.00
2019-05-05_21:32:10 00076 2.240 -0.400 -0.896 7.976 194.400 1550.534 0.00
2019-05-05_21:32:11 00077 2.240 -0.800 -1.792 7.976 207.200 1652.627 0.00
2019-05-05_21:32:12 00078 2.240 -0.400 -0.896 7.976 192.400 1534.582 0.00
2019-05-05_21:32:13 00079 2.240 -0.800 -1.792 7.960 201.600 1604.736 0.00
2019-05-05_21:32:14 00080 2.240 -0.400 -0.896 7.976 194.800 1553.725 0.00
2019-05-05_21:32:15 00081 2.240 -0.800 -1.792 7.976 195.200 1556.915 0.00
2019-05-05_21:32:16 00082 2.240 -0.800 -1.792 7.976 192.400 1534.582 0.00
2019-05-05_21:32:17 00083 2.240 -0.800 -1.792 7.976 191.600 1528.202 0.00
2019-05-05_21:32:18 00084 2.240 -0.800 -1.792 7.976 194.800 1553.725 0.00
2019-05-05_21:32:19 00085 2.240 -0.800 -1.792 7.960 201.200 1601.552 0.00
2019-05-05_21:32:20 00086 2.240 -0.800 -1.792 7.976 196.000 1563.296 0.00
2019-05-05_21:32:21 00087 2.240 -0.800 -1.792 7.976 192.400 1534.582 0.00
2019-05-05_21:32:22 00088 2.240 -0.800 -1.792 7.976 194.400 1550.534 0.00
2019-05-05_21:32:23 00089 2.240 -0.800 -1.792 7.960 194.800 1550.608 0.00
2019-05-05_21:32:24 00090 2.240 -0.800 -1.792 7.976 191.600 1528.202 0.00
2019-05-05_21:32:25 00091 2.240 -0.800 -1.792 7.976 193.600 1544.154 0.00
2019-05-05_21:32:26 00092 2.240 -0.800 -1.792 7.976 195.600 1560.106 0.00
2019-05-05_21:32:27 00093 2.240 -0.800 -1.792 7.944 219.200 1741.325 0.00
2019-05-05_21:32:28 00094 2.240 -0.800 -1.792 7.976 192.000 1531.392 0.00
2019-05-05_21:32:29 00095 2.240 -0.800 -1.792 7.976 194.400 1550.534 0.00
2019-05-05_21:32:30 00096 2.240 -0.800 -1.792 7.976 194.800 1553.725 0.00
2019-05-05_21:32:31 00097 2.240 -0.800 -1.792 7.976 194.000 1547.344 0.00
2019-05-05_21:32:32 00098 2.240 -0.800 -1.792 7.968 194.400 1548.979 0.00
2019-05-05_21:32:33 00099 2.240 -0.400 -0.896 7.960 203.600 1620.656 0.00
2019-05-05_21:32:34 00100 2.240 -0.800 -1.792 7.976 194.800 1553.725 0.00
2019-05-05_21:32:35 00101 2.240 -0.800 -1.792 7.976 194.400 1550.534 0.00