2019-05-05_23:10:20 05960 11.312 469.600 5312.115 8.384 -355.200 -2977.997 0.82
2019-05-05_23:10:21 05961 11.312 470.800 5325.690 8.384 -362.000 -3035.008 0.82
2019-05-05_23:10:22 05962 11.304 476.800 5389.747 8.392 -369.600 -3101.683 0.82
2019-05-05_23:10:23 05963 11.304 482.000 5448.528 8.392 -376.400 -3158.749 0.83
2019-05-05_23:10:24 05964 11.296 490.800 5544.077 8.400 -380.400 -3195.360 0.83
2019-05-05_23:10:25 05965 11.296 489.200 5526.003 8.408 -387.200 -3255.578 0.82
2019-05-05_23:10:26 05966 11.336 436.800 4951.565 8.352 -323.200 -2699.366 0.82
2019-05-05_23:10:27 05967 11.336 444.800 5042.253 8.352 -329.200 -2749.478 0.82
2019-05-05_23:10:28 05968 11.320 443.600 5021.552 8.360 -334.800 -2798.928 0.82
2019-05-05_23:10:29 05969 11.320 458.000 5184.560 8.368 -344.800 -2885.286 0.82
2019-05-05_23:10:30 05970 11.320 456.400 5166.448 8.368 -348.000 -2912.064 0.82
2019-05-05_23:10:31 05971 11.312 467.600 5289.491 8.376 -360.400 -3018.710 0.82
2019-05-05_23:10:32 05972 11.312 476.000 5384.512 8.384 -358.800 -3008.179 0.82
2019-05-05_23:10:33 05973 11.304 476.800 5389.747 8.392 -372.800 -3128.538 0.82
2019-05-05_23:10:34 05974 11.312 481.200 5443.334 8.392 -377.200 -3165.462 0.83
2019-05-05_23:10:35 05975 11.304 482.400 5453.050 8.408 -383.200 -3221.946 0.82
2019-05-05_23:10:36 05976 11.336 437.600 4960.634 8.344 -321.600 -2683.430 0.82
2019-05-05_23:10:37 05977 11.336 443.200 5024.115 8.352 -329.600 -2752.819 0.82
2019-05-05_23:10:38 05978 11.336 428.800 4860.877 8.360 -341.200 -2852.432 0.82
2019-05-05_23:10:39 05979 11.328 446.800 5061.350 8.360 -335.600 -2805.616 0.82
2019-05-05_23:10:40 05980 11.320 454.000 5139.280 8.368 -343.200 -2871.898 0.82
2019-05-05_23:10:41 05981 11.320 455.200 5152.864 8.376 -350.800 -2938.301 0.82
2019-05-05_23:10:42 05982 11.312 466.000 5271.392 8.376 -354.000 -2965.104 0.82
2019-05-05_23:10:43 05983 11.328 466.000 5278.848 8.392 -372.800 -3128.538 0.82
2019-05-05_23:10:44 05984 11.312 476.800 5393.562 8.392 -372.000 -3121.824 0.82
2019-05-05_23:10:45 05985 11.304 482.800 5457.571 8.392 -375.600 -3152.035 0.83
2019-05-05_23:10:46 05986 11.312 486.400 5502.157 8.400 -384.400 -3228.960 0.83
2019-05-05_23:10:47 05987 11.312 476.800 5393.562 8.408 -397.200 -3339.658 0.82
2019-05-05_23:10:48 05988 11.336 437.600 4960.634 8.352 -328.400 -2742.797 0.82
2019-05-05_23:10:49 05989 11.344 438.400 4973.210 8.360 -340.400 -2845.744 0.82
2019-05-05_23:10:50 05990 11.328 452.800 5129.318 8.360 -340.400 -2845.744 0.82
2019-05-05_23:10:51 05991 11.328 456.000 5165.568 8.368 -343.600 -2875.245 0.82
2019-05-05_23:10:52 05992 11.320 462.800 5238.896 8.376 -350.000 -2931.600 0.82
2019-05-05_23:10:53 05993 11.312 470.000 5316.640 8.384 -354.000 -2967.936 0.82
2019-05-05_23:10:54 05994 11.320 472.800 5352.096 8.384 -362.000 -3035.008 0.82
2019-05-05_23:10:55 05995 11.304 474.800 5367.139 8.392 -368.800 -3094.970 0.82
2019-05-05_23:10:56 05996 11.304 481.200 5439.485 8.400 -374.400 -3144.960 0.83
2019-05-05_23:10:57 05997 11.312 485.200 5488.582 8.400 -382.000 -3208.800 0.83
2019-05-05_23:10:58 05998 11.296 490.800 5544.077 8.408 -388.000 -3262.304 0.82
2019-05-05_23:10:59 05999 11.336 436.000 4942.496 8.352 -327.200 -2732.774 0.82
2019-05-05_23:11:00 06000 11.328 445.200 5043.226 8.360 -331.600 -2772.176 0.82
2019-05-05_23:11:01 06001 11.328 449.200 5088.538 8.360 -337.600 -2822.336 0.82
2019-05-05_23:11:02 06002 11.320 460.000 5207.200 8.368 -341.200 -2855.162 0.82
2019-05-05_23:11:03 06003 11.312 458.000 5180.896 8.376 -350.400 -2934.950 0.82
2019-05-05_23:11:04 06004 11.312 466.000 5271.392 8.384 -357.600 -2998.118 0.82
2019-05-05_23:11:05 06005 11.312 471.200 5330.214 8.384 -363.200 -3045.069 0.82
2019-05-05_23:11:06 06006 11.312 474.400 5366.413 8.392 -365.600 -3068.115 0.82
2019-05-05_23:11:07 06007 11.304 478.800 5412.355 8.400 -380.800 -3198.720 0.83
2019-05-05_23:11:08 06008 11.304 487.600 5511.830 8.408 -386.000 -3245.488 0.82
2019-05-05_23:11:09 06009 11.344 436.000 4945.984 8.344 -316.400 -2640.042 0.82
2019-05-05_23:11:10 06010 11.336 438.000 4965.168 8.352 -327.600 -2736.115 0.82
2019-05-05_23:11:11 06011 11.328 445.200 5043.226 8.360 -334.000 -2792.240 0.82
2019-05-05_23:11:12 06012 11.328 451.200 5111.194 8.360 -335.600 -2805.616 0.82
2019-05-05_23:11:13 06013 11.328 449.200 5088.538 8.376 -343.200 -2874.643 0.82
2019-05-05_23:11:14 06014 11.320 462.400 5234.368 8.376 -347.200 -2908.147 0.82
2019-05-05_23:11:15 06015 11.320 466.800 5284.176 8.384 -361.600 -3031.654 0.82
2019-05-05_23:11:16 06016 11.312 472.800 5348.314 8.384 -363.200 -3045.069 0.82
2019-05-05_23:11:17 06017 11.304 475.200 5371.661 8.392 -366.400 -3074.829 0.82
2019-05-05_23:11:18 06018 11.304 483.600 5466.614 8.400 -374.000 -3141.600 0.83
2019-05-05_23:11:19 06019 11.296 488.800 5521.485 8.400 -382.800 -3215.520 0.83
2019-05-05_23:11:20 06020 11.304 495.200 5597.741 8.416 -390.000 -3282.240 0.82
2019-05-05_23:11:21 06021 11.336 445.200 5046.787 8.352 -320.800 -2679.322 0.82
2019-05-05_23:11:22 06022 11.336 442.000 5010.512 8.360 -328.000 -2742.080 0.82
2019-05-05_23:11:23 06023 11.328 451.600 5115.725 8.368 -338.800 -2835.078 0.82
2019-05-05_23:11:24 06024 11.320 456.800 5170.976 8.368 -338.400 -2831.731 0.82
2019-05-05_23:11:25 06025 11.320 455.200 5152.864 8.376 -347.200 -2908.147 0.82
2019-05-05_23:11:26 06026 11.320 465.600 5270.592 8.376 -352.400 -2951.702 0.82
2019-05-05_23:11:27 06027 11.312 472.000 5339.264 8.384 -358.000 -3001.472 0.82
2019-05-05_23:11:28 06028 11.304 477.600 5398.790 8.392 -366.000 -3071.472 0.82
2019-05-05_23:11:29 06029 11.304 484.400 5475.658 8.400 -373.200 -3134.880 0.83
2019-05-05_23:11:30 06030 11.304 486.400 5498.266 8.400 -378.400 -3178.560 0.83
2019-05-05_23:11:31 06031 11.296 494.400 5584.742 8.408 -385.600 -3242.125 0.82
2019-05-05_23:11:32 06032 11.336 443.200 5024.115 8.352 -321.200 -2682.662 0.82
2019-05-05_23:11:33 06033 11.336 448.400 5083.062 8.360 -329.600 -2755.456 0.82
2019-05-05_23:11:34 06034 11.328 454.400 5147.443 8.360 -334.000 -2792.240 0.82
2019-05-05_23:11:35 06035 11.320 458.000 5184.560 8.368 -344.400 -2881.939 0.82
2019-05-05_23:11:36 06036 11.320 464.000 5252.480 8.376 -345.200 -2891.395 0.82
2019-05-05_23:11:37 06037 11.320 468.000 5297.760 8.384 -355.600 -2981.350 0.82
2019-05-05_23:11:38 06038 11.312 473.200 5352.838 8.384 -357.600 -2998.118 0.82
2019-05-05_23:11:39 06039 11.320 474.800 5374.736 8.392 -364.000 -3054.688 0.82
2019-05-05_23:11:40 06040 11.304 466.000 5267.664 8.400 -372.000 -3124.800 0.83
2019-05-05_23:11:41 06041 11.312 463.200 5239.718 8.408 -392.400 -3299.299 0.82
2019-05-05_23:11:42 06042 11.352 415.600 4717.891 8.352 -329.200 -2749.478 0.82
2019-05-05_23:11:43 06043 11.352 413.600 4695.187 8.360 -332.000 -2775.520 0.82
2019-05-05_23:11:44 06044 11.344 426.800 4841.619 8.360 -338.400 -2829.024 0.82
2019-05-05_23:11:45 06045 11.344 429.600 4873.382 8.368 -344.800 -2885.286 0.82
2019-05-05_23:11:46 06046 11.336 436.400 4947.030 8.376 -350.000 -2931.600 0.82
2019-05-05_23:11:47 06047 11.328 442.000 5006.976 8.376 -356.800 -2988.557 0.82
2019-05-05_23:11:48 06048 11.328 446.800 5061.350 8.384 -362.800 -3041.715 0.82
2019-05-05_23:11:49 06049 11.328 450.800 5106.662 8.392 -369.200 -3098.326 0.82
2019-05-05_23:11:50 06050 11.320 456.800 5170.976 8.400 -374.000 -3141.600 0.82
2019-05-05_23:11:51 06051 11.320 462.800 5238.896 8.400 -382.000 -3208.800 0.83
2019-05-05_23:11:52 06052 11.312 466.400 5275.917 8.408 -388.400 -3265.667 0.82
2019-05-05_23:11:53 06053 11.352 414.400 4704.269 8.352 -323.200 -2699.366 0.82
2019-05-05_23:11:54 06054 11.344 422.800 4796.243 8.360 -332.000 -2775.520 0.82
2019-05-05_23:11:55 06055 11.344 426.800 4841.619 8.368 -337.600 -2825.037 0.82
2019-05-05_23:11:56 06056 11.344 432.000 4900.608 8.368 -349.200 -2922.106 0.82
2019-05-05_23:11:57 06057 11.336 434.000 4919.824 8.376 -351.200 -2941.651 0.82
2019-05-05_23:11:58 06058 11.336 439.200 4978.771 8.376 -356.800 -2988.557 0.82
2019-05-05_23:11:59 06059 11.328 445.600 5047.757 8.384 -362.000 -3035.008 0.82
2019-05-05_23:12:00 06060 11.320 450.400 5098.528 8.392 -368.400 -3091.613 0.82