2019-05-05_01:35:43 00001 11.560 200.000 2312.000 3.216 0.000 0.000 0.32
2019-05-05_01:35:44 00002 11.568 198.000 2290.464 3.432 0.000 0.000 0.34
2019-05-05_01:35:45 00003 11.560 196.400 2270.384 3.672 0.000 0.000 0.36
2019-05-05_01:35:46 00004 11.576 200.000 2315.200 3.920 0.000 0.000 0.38
2019-05-05_01:35:47 00005 11.560 200.400 2316.624 4.144 0.000 0.000 0.40
2019-05-05_01:35:48 00006 11.560 202.400 2339.744 4.384 0.000 0.000 0.42
2019-05-05_01:35:49 00007 11.568 202.000 2336.736 4.616 0.000 0.000 0.44
2019-05-05_01:35:50 00008 11.568 198.400 2295.091 4.856 0.000 0.000 0.46
2019-05-05_01:35:51 00009 11.552 202.000 2333.504 5.072 0.000 0.000 0.48
2019-05-05_01:35:52 00010 11.560 203.200 2348.992 5.312 0.000 0.000 0.50
2019-05-05_01:35:53 00011 11.560 202.800 2344.368 5.536 0.000 0.000 0.52
2019-05-05_01:35:54 00012 11.560 200.000 2312.000 5.776 0.000 0.000 0.54
2019-05-05_01:35:55 00013 11.552 203.600 2351.987 5.992 0.000 0.000 0.56
2019-05-05_01:35:56 00014 11.560 204.400 2362.864 6.224 0.000 0.000 0.58
2019-05-05_01:35:57 00015 11.560 203.200 2348.992 6.448 0.000 0.000 0.60
2019-05-05_01:35:58 00016 11.560 202.400 2339.744 6.680 0.000 0.000 0.62
2019-05-05_01:35:59 00017 11.552 202.400 2338.125 6.896 0.000 0.000 0.64
2019-05-05_01:36:00 00018 11.568 202.400 2341.363 7.128 0.000 0.000 0.66
2019-05-05_01:36:01 00019 11.568 201.600 2332.109 7.344 0.000 0.000 0.68
2019-05-05_01:36:02 00020 11.552 200.400 2315.021 7.560 0.000 0.000 0.70
2019-05-05_01:36:03 00021 11.552 199.600 2305.779 7.768 0.000 0.000 0.72
2019-05-05_01:36:04 00022 11.568 197.600 2285.837 7.984 0.400 3.194 0.74
2019-05-05_01:36:05 00023 11.568 196.000 2267.328 8.200 0.000 0.000 0.76
2019-05-05_01:36:06 00024 11.552 200.800 2319.642 8.416 0.000 0.000 0.75
2019-05-05_01:36:07 00025 11.560 198.800 2298.128 8.304 0.000 0.000 0.75
2019-05-05_01:36:08 00026 11.560 197.600 2284.256 8.304 0.000 0.000 0.75
2019-05-05_01:36:09 00027 11.560 202.000 2335.120 8.320 0.400 3.328 0.75
2019-05-05_01:36:10 00028 11.560 199.200 2302.752 8.336 0.000 0.000 0.75
2019-05-05_01:36:11 00029 11.552 200.400 2315.021 8.344 0.000 0.000 0.76
2019-05-05_01:36:12 00030 11.560 198.400 2293.504 8.352 0.400 3.341 0.76
2019-05-05_01:36:13 00031 11.560 200.800 2321.248 8.360 0.000 0.000 0.76
2019-05-05_01:36:14 00032 11.560 198.800 2298.128 8.376 0.000 0.000 0.76
2019-05-05_01:36:15 00033 11.552 200.800 2319.642 8.384 0.000 0.000 0.76
2019-05-05_01:36:16 00034 11.552 200.000 2310.400 8.400 0.400 3.360 0.76
2019-05-05_01:36:17 00035 11.552 196.800 2273.434 8.416 0.000 0.000 0.75
2019-05-05_01:36:18 00036 11.568 197.600 2285.837 8.312 0.000 0.000 0.75
2019-05-05_01:36:19 00037 11.560 195.200 2256.512 8.312 0.400 3.325 0.75
2019-05-05_01:36:20 00038 11.560 198.000 2288.880 8.328 0.000 0.000 0.75
2019-05-05_01:36:21 00039 11.560 198.800 2298.128 8.336 0.400 3.334 0.75
2019-05-05_01:36:22 00040 11.560 198.000 2288.880 8.344 0.400 3.338 0.76
2019-05-05_01:36:23 00041 11.552 194.800 2250.330 8.360 0.000 0.000 0.76
2019-05-05_01:36:24 00042 11.552 200.000 2310.400 8.368 0.000 0.000 0.76
2019-05-05_01:36:25 00043 11.552 201.200 2324.262 8.376 0.400 3.350 0.76
2019-05-05_01:36:26 00044 11.552 200.400 2315.021 8.384 0.000 0.000 0.76
2019-05-05_01:36:27 00045 11.552 201.200 2324.262 8.400 0.000 0.000 0.76
2019-05-05_01:36:28 00046 11.552 198.400 2291.917 8.408 0.000 0.000 0.75
2019-05-05_01:36:29 00047 11.560 198.800 2298.128 8.304 0.000 0.000 0.75
2019-05-05_01:36:30 00048 11.560 198.400 2293.504 8.312 0.000 0.000 0.75
2019-05-05_01:36:31 00049 11.560 199.600 2307.376 8.320 0.000 0.000 0.75
2019-05-05_01:36:32 00050 11.560 195.600 2261.136 8.336 0.000 0.000 0.75
2019-05-05_01:36:33 00051 11.560 200.000 2312.000 8.344 0.000 0.000 0.76
2019-05-05_01:36:34 00052 11.560 195.200 2256.512 8.352 0.000 0.000 0.76
2019-05-05_01:36:35 00053 11.552 199.200 2301.158 8.368 0.000 0.000 0.76
2019-05-05_01:36:36 00054 11.560 197.600 2284.256 8.376 0.400 3.350 0.76
2019-05-05_01:36:37 00055 11.552 199.200 2301.158 8.384 0.000 0.000 0.76
2019-05-05_01:36:38 00056 11.552 196.400 2268.813 8.400 0.000 0.000 0.76
2019-05-05_01:36:39 00057 11.560 180.800 2090.048 8.416 0.000 0.000 0.75
2019-05-05_01:36:40 00058 11.568 196.400 2271.955 8.296 0.000 0.000 0.77
2019-05-05_01:36:41 00059 11.560 190.800 2205.648 8.560 0.000 0.000 0.76
2019-05-05_01:36:42 00060 11.552 198.800 2296.538 8.408 0.000 0.000 0.75
2019-05-05_01:36:43 00061 11.568 188.800 2184.038 8.304 0.400 3.322 0.75
2019-05-05_01:36:44 00062 11.568 188.800 2184.038 8.320 0.400 3.328 0.75
2019-05-05_01:36:45 00063 11.560 195.600 2261.136 8.328 0.400 3.331 0.75
2019-05-05_01:36:46 00064 11.560 194.400 2247.264 8.336 0.400 3.334 0.75
2019-05-05_01:36:47 00065 11.560 195.600 2261.136 8.344 0.000 0.000 0.76
2019-05-05_01:36:48 00066 11.560 194.400 2247.264 8.360 0.400 3.344 0.76
2019-05-05_01:36:49 00067 11.560 191.200 2210.272 8.368 0.000 0.000 0.76
2019-05-05_01:36:50 00068 11.560 197.200 2279.632 8.376 0.000 0.000 0.76
2019-05-05_01:36:51 00069 11.552 195.200 2254.950 8.392 0.400 3.357 0.76
2019-05-05_01:36:52 00070 11.552 178.400 2060.877 8.416 0.000 0.000 0.75
2019-05-05_01:36:53 00071 11.584 189.600 2196.326 8.304 0.000 0.000 0.75
2019-05-05_01:36:54 00072 11.592 153.200 1775.894 8.320 0.400 3.328 0.75
2019-05-05_01:36:55 00073 11.592 158.400 1836.173 8.336 0.400 3.334 0.75
2019-05-05_01:36:56 00074 11.584 157.600 1825.638 8.344 0.400 3.338 0.75
2019-05-05_01:36:57 00075 11.584 164.400 1904.410 8.360 0.400 3.344 0.75
2019-05-05_01:36:58 00076 11.584 156.000 1807.104 8.360 0.400 3.344 0.76
2019-05-05_01:36:59 00077 11.576 154.400 1787.334 8.376 0.000 0.000 0.76
2019-05-05_01:37:00 00078 11.576 164.400 1903.094 8.392 0.400 3.357 0.76
2019-05-05_01:37:01 00079 11.576 169.600 1963.290 8.384 0.000 0.000 0.76
2019-05-05_01:37:02 00080 11.576 154.000 1782.704 8.408 0.000 0.000 0.75
2019-05-05_01:37:03 00081 11.584 170.000 1969.280 8.296 0.000 0.000 0.77
2019-05-05_01:37:04 00082 11.584 166.400 1927.578 8.544 0.000 0.000 0.76
2019-05-05_01:37:05 00083 11.584 153.600 1779.302 8.408 0.400 3.363 0.75
2019-05-05_01:37:06 00084 11.568 178.000 2059.104 8.296 0.000 0.000 0.77
2019-05-05_01:37:07 00085 11.568 166.800 1929.542 8.544 0.000 0.000 0.76
2019-05-05_01:37:08 00086 11.576 169.600 1963.290 8.400 0.400 3.360 0.76
2019-05-05_01:37:09 00087 11.576 158.400 1833.638 8.424 0.400 3.370 0.75
2019-05-05_01:37:10 00088 11.584 164.800 1909.043 8.304 0.000 0.000 0.75
2019-05-05_01:37:11 00089 11.576 194.000 2245.744 8.312 0.400 3.325 0.75
2019-05-05_01:37:12 00090 11.584 170.800 1978.547 8.320 0.000 0.000 0.75
2019-05-05_01:37:13 00091 11.584 164.000 1899.776 8.352 0.400 3.341 0.75
2019-05-05_01:37:14 00092 11.592 165.200 1914.998 8.360 0.400 3.344 0.75
2019-05-05_01:37:15 00093 11.584 160.400 1858.074 8.368 0.000 0.000 0.76
2019-05-05_01:37:16 00094 11.576 172.400 1995.702 8.368 0.000 0.000 0.76
2019-05-05_01:37:17 00095 11.576 153.200 1773.443 8.384 0.400 3.354 0.76
2019-05-05_01:37:18 00096 11.576 163.600 1893.834 8.400 0.000 0.000 0.76
2019-05-05_01:37:19 00097 11.584 153.200 1774.669 8.408 0.000 0.000 0.75
2019-05-05_01:37:20 00098 11.600 153.200 1777.120 8.304 0.000 0.000 0.75
2019-05-05_01:37:21 00099 11.584 167.600 1941.478 8.304 0.400 3.322 0.75
2019-05-05_01:37:22 00100 11.584 164.000 1899.776 8.320 0.000 0.000 0.75
2019-05-05_01:37:23 00101 11.584 170.000 1969.280 8.328 0.400 3.331 0.75