2019-05-05_22:13:03 02526 2.240 -0.800 -1.792 7.904 193.200 1527.053 0.00
2019-05-05_22:13:04 02527 2.240 -0.800 -1.792 7.904 193.200 1527.053 0.00
2019-05-05_22:13:05 02528 2.240 -0.800 -1.792 7.904 192.800 1523.891 0.00
2019-05-05_22:13:06 02529 2.240 -0.800 -1.792 7.888 193.200 1523.962 0.00
2019-05-05_22:13:07 02530 2.240 -0.800 -1.792 7.904 193.200 1527.053 0.00
2019-05-05_22:13:08 02531 2.240 -0.800 -1.792 7.904 193.600 1530.214 0.00
2019-05-05_22:13:09 02532 2.240 -0.800 -1.792 7.904 192.800 1523.891 0.00
2019-05-05_22:13:10 02533 2.240 -0.800 -1.792 7.896 192.800 1522.349 0.00
2019-05-05_22:13:11 02534 2.240 -0.800 -1.792 7.904 193.200 1527.053 0.00
2019-05-05_22:13:12 02535 2.240 -0.800 -1.792 7.904 192.800 1523.891 0.00
2019-05-05_22:13:13 02536 2.240 -0.800 -1.792 7.904 193.200 1527.053 0.00
2019-05-05_22:13:14 02537 2.240 -0.800 -1.792 7.896 194.400 1534.982 0.00
2019-05-05_22:13:15 02538 2.240 -0.800 -1.792 7.904 193.200 1527.053 0.00
2019-05-05_22:13:16 02539 2.240 -0.800 -1.792 7.904 193.200 1527.053 0.00
2019-05-05_22:13:17 02540 2.240 -0.800 -1.792 7.904 193.200 1527.053 0.00
2019-05-05_22:13:18 02541 2.240 -0.800 -1.792 7.904 192.800 1523.891 0.00
2019-05-05_22:13:19 02542 2.240 -0.800 -1.792 7.904 192.800 1523.891 0.00
2019-05-05_22:13:20 02543 2.240 -0.800 -1.792 7.904 193.200 1527.053 0.00
2019-05-05_22:13:21 02544 2.240 -0.800 -1.792 7.888 193.600 1527.117 0.00
2019-05-05_22:13:22 02545 2.240 -0.800 -1.792 7.904 192.800 1523.891 0.00
2019-05-05_22:13:23 02546 2.240 -0.800 -1.792 7.904 193.200 1527.053 0.00
2019-05-05_22:13:24 02547 2.240 -0.400 -0.896 7.904 193.200 1527.053 0.00
2019-05-05_22:13:25 02548 2.240 -0.800 -1.792 7.904 193.200 1527.053 0.00
2019-05-05_22:13:26 02549 2.240 -0.800 -1.792 7.904 192.400 1520.730 0.00
2019-05-05_22:13:27 02550 2.240 -0.800 -1.792 7.880 234.400 1847.072 0.00
2019-05-05_22:13:28 02551 2.240 -0.800 -1.792 7.904 193.600 1530.214 0.00
2019-05-05_22:13:29 02552 2.240 -0.800 -1.792 7.904 192.800 1523.891 0.00
2019-05-05_22:13:30 02553 2.240 -0.400 -0.896 7.904 192.800 1523.891 0.00
2019-05-05_22:13:31 02554 2.240 -0.800 -1.792 7.904 192.800 1523.891 0.00
2019-05-05_22:13:32 02555 2.240 -0.800 -1.792 7.880 217.200 1711.536 0.00
2019-05-05_22:13:33 02556 2.240 -0.800 -1.792 7.896 193.200 1525.507 0.00
2019-05-05_22:13:34 02557 2.240 -0.800 -1.792 7.904 193.200 1527.053 0.00
2019-05-05_22:13:35 02558 2.240 -0.800 -1.792 7.904 193.600 1530.214 0.00
2019-05-05_22:13:36 02559 2.240 -0.800 -1.792 7.904 193.200 1527.053 0.00
2019-05-05_22:13:37 02560 2.240 -0.800 -1.792 7.904 192.800 1523.891 0.00
2019-05-05_22:13:38 02561 2.240 -0.800 -1.792 7.904 194.000 1533.376 0.00
2019-05-05_22:13:39 02562 2.240 -0.800 -1.792 7.904 193.200 1527.053 0.00
2019-05-05_22:13:40 02563 2.240 -0.800 -1.792 7.904 193.200 1527.053 0.00
2019-05-05_22:13:41 02564 2.240 -0.800 -1.792 7.904 193.200 1527.053 0.00
2019-05-05_22:13:42 02565 2.240 -0.800 -1.792 7.904 193.600 1530.214 0.00
2019-05-05_22:13:43 02566 2.240 -0.800 -1.792 7.904 192.800 1523.891 0.00
2019-05-05_22:13:44 02567 2.240 -0.800 -1.792 7.896 193.200 1525.507 0.00
2019-05-05_22:13:45 02568 2.240 -0.800 -1.792 7.904 193.200 1527.053 0.00
2019-05-05_22:13:46 02569 2.240 -0.800 -1.792 7.904 194.400 1536.538 0.00
2019-05-05_22:13:47 02570 2.240 -0.800 -1.792 7.904 193.200 1527.053 0.00
2019-05-05_22:13:48 02571 2.240 -0.800 -1.792 7.896 192.800 1522.349 0.00
2019-05-05_22:13:49 02572 2.240 -0.800 -1.792 7.904 193.200 1527.053 0.00
2019-05-05_22:13:50 02573 2.240 -0.800 -1.792 7.904 193.200 1527.053 0.00
2019-05-05_22:13:51 02574 2.240 -0.800 -1.792 7.888 193.200 1523.962 0.00
2019-05-05_22:13:52 02575 2.240 -0.800 -1.792 7.904 192.800 1523.891 0.00
2019-05-05_22:13:53 02576 2.240 -0.800 -1.792 7.904 193.600 1530.214 0.00
2019-05-05_22:13:54 02577 2.240 -0.800 -1.792 7.904 193.200 1527.053 0.00
2019-05-05_22:13:55 02578 2.240 -0.800 -1.792 7.888 193.200 1523.962 0.00
2019-05-05_22:13:56 02579 2.240 -0.800 -1.792 7.904 194.000 1533.376 0.00
2019-05-05_22:13:57 02580 2.240 -0.800 -1.792 7.904 193.200 1527.053 0.00
2019-05-05_22:13:58 02581 2.240 -0.800 -1.792 7.904 193.200 1527.053 0.00
2019-05-05_22:13:59 02582 2.240 -0.800 -1.792 7.904 202.800 1602.931 0.00
2019-05-05_22:14:00 02583 2.240 -0.800 -1.792 7.904 193.200 1527.053 0.00
2019-05-05_22:14:01 02584 2.240 -0.800 -1.792 7.904 193.200 1527.053 0.00
2019-05-05_22:14:02 02585 2.240 -0.800 -1.792 7.880 221.200 1743.056 0.00
2019-05-05_22:14:03 02586 2.240 -0.800 -1.792 7.904 193.600 1530.214 0.00
2019-05-05_22:14:04 02587 2.240 -0.800 -1.792 7.904 193.200 1527.053 0.00
2019-05-05_22:14:05 02588 2.240 -0.800 -1.792 7.904 204.000 1612.416 0.00
2019-05-05_22:14:06 02589 2.240 -0.800 -1.792 7.904 198.000 1564.992 0.00
2019-05-05_22:14:07 02590 2.240 -0.800 -1.792 7.896 193.200 1525.507 0.00
2019-05-05_22:14:08 02591 2.240 -0.800 -1.792 7.896 193.200 1525.507 0.00
2019-05-05_22:14:09 02592 2.240 -0.800 -1.792 7.904 192.400 1520.730 0.00
2019-05-05_22:14:10 02593 2.240 -0.800 -1.792 7.904 194.400 1536.538 0.00
2019-05-05_22:14:11 02594 2.240 -0.800 -1.792 7.904 193.200 1527.053 0.00
2019-05-05_22:14:12 02595 2.240 -0.800 -1.792 7.904 193.600 1530.214 0.00
2019-05-05_22:14:13 02596 2.240 -0.800 -1.792 7.904 193.200 1527.053 0.00
2019-05-05_22:14:14 02597 2.240 -0.800 -1.792 7.904 194.000 1533.376 0.00
2019-05-05_22:14:15 02598 2.240 -0.800 -1.792 7.904 193.200 1527.053 0.00
2019-05-05_22:14:16 02599 2.240 -0.800 -1.792 7.888 193.600 1527.117 0.00
2019-05-05_22:14:17 02600 2.240 -0.800 -1.792 7.896 193.200 1525.507 0.00
2019-05-05_22:14:18 02601 2.240 -0.800 -1.792 7.904 193.200 1527.053 0.00
2019-05-05_22:14:19 02602 2.240 -0.800 -1.792 7.896 193.200 1525.507 0.00
2019-05-05_22:14:20 02603 2.240 -0.800 -1.792 7.896 200.400 1582.358 0.00
2019-05-05_22:14:21 02604 2.240 -0.800 -1.792 7.904 193.200 1527.053 0.00
2019-05-05_22:14:22 02605 2.240 -0.800 -1.792 7.904 193.200 1527.053 0.00
2019-05-05_22:14:23 02606 2.240 -0.800 -1.792 7.896 193.600 1528.666 0.00
2019-05-05_22:14:24 02607 2.240 -0.800 -1.792 7.896 192.800 1522.349 0.00
2019-05-05_22:14:25 02608 2.240 -0.800 -1.792 7.896 193.200 1525.507 0.00
2019-05-05_22:14:26 02609 2.240 -0.800 -1.792 7.896 193.200 1525.507 0.00
2019-05-05_22:14:27 02610 2.240 -0.800 -1.792 7.872 217.600 1712.947 0.00
2019-05-05_22:14:28 02611 2.240 -0.800 -1.792 7.904 193.600 1530.214 0.00
2019-05-05_22:14:29 02612 2.240 -0.800 -1.792 7.896 194.400 1534.982 0.00
2019-05-05_22:14:30 02613 2.240 -0.800 -1.792 7.904 193.200 1527.053 0.00
2019-05-05_22:14:31 02614 2.240 -0.800 -1.792 7.896 196.400 1550.774 0.00
2019-05-05_22:14:32 02615 2.240 -0.800 -1.792 7.904 192.800 1523.891 0.00
2019-05-05_22:14:33 02616 2.240 -0.800 -1.792 7.904 193.200 1527.053 0.00
2019-05-05_22:14:34 02617 2.240 -0.800 -1.792 7.904 202.400 1599.770 0.00
2019-05-05_22:14:35 02618 2.240 -0.800 -1.792 7.904 193.600 1530.214 0.00
2019-05-05_22:14:36 02619 2.240 -0.800 -1.792 7.896 193.600 1528.666 0.00
2019-05-05_22:14:37 02620 2.240 -0.800 -1.792 7.904 193.200 1527.053 0.00
2019-05-05_22:14:38 02621 2.240 -0.800 -1.792 7.896 203.600 1607.626 0.00
2019-05-05_22:14:39 02622 2.240 -0.800 -1.792 7.896 195.600 1544.458 0.00
2019-05-05_22:14:40 02623 2.240 -0.800 -1.792 7.896 194.400 1534.982 0.00
2019-05-05_22:14:41 02624 2.240 -0.800 -1.792 7.896 193.600 1528.666 0.00
2019-05-05_22:14:42 02625 2.240 -0.800 -1.792 7.896 193.200 1525.507 0.00
2019-05-05_22:14:43 02626 2.240 -0.800 -1.792 7.896 193.200 1525.507 0.00