2019-05-05_01:17:59 05758 11.568 168.800 1952.678 8.552 0.000 0.000 0.76
2019-05-05_01:18:00 05759 11.576 164.000 1898.464 8.408 0.000 0.000 0.75
2019-05-05_01:18:01 05760 11.584 170.400 1973.914 8.312 0.000 0.000 0.75
2019-05-05_01:18:02 05761 11.584 171.600 1987.814 8.312 0.000 0.000 0.75
2019-05-05_01:18:03 05762 11.576 170.400 1972.550 8.328 0.000 0.000 0.75
2019-05-05_01:18:04 05763 11.584 168.400 1950.746 8.336 0.000 0.000 0.75
2019-05-05_01:18:05 05764 11.568 192.800 2230.310 8.336 0.000 0.000 0.75
2019-05-05_01:18:06 05765 11.576 169.200 1958.659 8.360 0.400 3.344 0.76
2019-05-05_01:18:07 05766 11.576 170.800 1977.181 8.376 0.400 3.350 0.76
2019-05-05_01:18:08 05767 11.576 172.400 1995.702 8.360 0.400 3.344 0.76
2019-05-05_01:18:09 05768 11.576 167.200 1935.507 8.384 0.400 3.354 0.76
2019-05-05_01:18:10 05769 11.560 188.800 2182.528 8.392 0.000 0.000 0.76
2019-05-05_01:18:11 05770 11.568 169.200 1957.306 8.408 0.000 0.000 0.75
2019-05-05_01:18:12 05771 11.584 169.200 1960.013 8.312 0.000 0.000 0.75
2019-05-05_01:18:13 05772 11.560 197.600 2284.256 8.304 0.000 0.000 0.75
2019-05-05_01:18:14 05773 11.584 170.400 1973.914 8.328 0.400 3.331 0.75
2019-05-05_01:18:15 05774 11.568 194.000 2244.192 8.328 0.400 3.331 0.75
2019-05-05_01:18:16 05775 11.584 170.000 1969.280 8.352 0.400 3.341 0.75
2019-05-05_01:18:17 05776 11.576 169.600 1963.290 8.360 0.400 3.344 0.76
2019-05-05_01:18:18 05777 11.576 169.200 1958.659 8.368 0.400 3.347 0.76
2019-05-05_01:18:19 05778 11.576 166.000 1921.616 8.376 0.400 3.350 0.76
2019-05-05_01:18:20 05779 11.576 165.600 1916.986 8.392 0.400 3.357 0.76
2019-05-05_01:18:21 05780 11.576 168.800 1954.029 8.400 0.000 0.000 0.76
2019-05-05_01:18:22 05781 11.568 168.800 1952.678 8.408 0.400 3.363 0.75
2019-05-05_01:18:23 05782 11.584 170.000 1969.280 8.312 0.000 0.000 0.75
2019-05-05_01:18:24 05783 11.584 170.400 1973.914 8.312 0.000 0.000 0.75
2019-05-05_01:18:25 05784 11.560 181.200 2094.672 8.312 0.000 0.000 0.75
2019-05-05_01:18:26 05785 11.584 168.400 1950.746 8.336 0.400 3.334 0.75
2019-05-05_01:18:27 05786 11.576 166.800 1930.877 8.344 0.000 0.000 0.75
2019-05-05_01:18:28 05787 11.560 193.200 2233.392 8.344 0.000 0.000 0.76
2019-05-05_01:18:29 05788 11.560 192.800 2228.768 8.360 0.000 0.000 0.76
2019-05-05_01:18:30 05789 11.560 194.800 2251.888 8.368 0.000 0.000 0.76
2019-05-05_01:18:31 05790 11.576 166.800 1930.877 8.392 0.400 3.357 0.76
2019-05-05_01:18:32 05791 11.568 169.200 1957.306 8.400 0.400 3.360 0.76
2019-05-05_01:18:33 05792 11.560 197.200 2279.632 8.400 0.400 3.360 0.76
2019-05-05_01:18:34 05793 11.568 170.400 1971.187 8.424 0.000 0.000 0.75
2019-05-05_01:18:35 05794 11.560 192.000 2219.520 8.304 0.000 0.000 0.75
2019-05-05_01:18:36 05795 11.584 170.400 1973.914 8.328 0.000 0.000 0.75
2019-05-05_01:18:37 05796 11.576 166.400 1926.246 8.336 0.000 0.000 0.75
2019-05-05_01:18:38 05797 11.576 169.200 1958.659 8.352 0.400 3.341 0.75
2019-05-05_01:18:39 05798 11.576 170.000 1967.920 8.360 0.400 3.344 0.76
2019-05-05_01:18:40 05799 11.576 170.000 1967.920 8.368 0.400 3.347 0.76
2019-05-05_01:18:41 05800 11.576 169.600 1963.290 8.376 0.000 0.000 0.76
2019-05-05_01:18:42 05801 11.576 170.000 1967.920 8.392 0.400 3.357 0.76
2019-05-05_01:18:43 05802 11.576 170.000 1967.920 8.400 0.400 3.360 0.76
2019-05-05_01:18:44 05803 11.568 170.400 1971.187 8.408 0.400 3.363 0.75
2019-05-05_01:18:45 05804 11.560 180.400 2085.424 8.296 0.400 3.318 0.77
2019-05-05_01:18:46 05805 11.568 165.600 1915.661 8.552 0.000 0.000 0.76
2019-05-05_01:18:47 05806 11.568 170.000 1966.560 8.408 0.000 0.000 0.75
2019-05-05_01:18:48 05807 11.560 197.200 2279.632 8.304 0.000 0.000 0.75
2019-05-05_01:18:49 05808 11.584 170.400 1973.914 8.312 0.000 0.000 0.75
2019-05-05_01:18:50 05809 11.560 185.200 2140.912 8.312 0.000 0.000 0.75
2019-05-05_01:18:51 05810 11.576 169.600 1963.290 8.336 0.000 0.000 0.75
2019-05-05_01:18:52 05811 11.576 169.600 1963.290 8.352 0.400 3.341 0.75
2019-05-05_01:18:53 05812 11.552 196.000 2264.192 8.352 0.400 3.341 0.76
2019-05-05_01:18:54 05813 11.576 170.800 1977.181 8.368 0.400 3.347 0.76
2019-05-05_01:18:55 05814 11.560 194.400 2247.264 8.368 0.400 3.347 0.76
2019-05-05_01:18:56 05815 11.576 170.800 1977.181 8.392 0.400 3.357 0.76
2019-05-05_01:18:57 05816 11.576 168.400 1949.398 8.400 0.000 0.000 0.76
2019-05-05_01:18:58 05817 11.552 193.200 2231.846 8.408 0.000 0.000 0.75
2019-05-05_01:18:59 05818 11.584 170.000 1969.280 8.304 0.000 0.000 0.75
2019-05-05_01:19:00 05819 11.584 168.400 1950.746 8.312 0.000 0.000 0.75
2019-05-05_01:19:01 05820 11.584 167.600 1941.478 8.328 0.000 0.000 0.75
2019-05-05_01:19:02 05821 11.576 169.200 1958.659 8.336 0.400 3.334 0.75
2019-05-05_01:19:03 05822 11.576 170.800 1977.181 8.344 0.400 3.338 0.75
2019-05-05_01:19:04 05823 11.576 170.000 1967.920 8.368 0.400 3.347 0.76
2019-05-05_01:19:05 05824 11.584 169.200 1960.013 8.368 0.400 3.347 0.76
2019-05-05_01:19:06 05825 11.576 170.800 1977.181 8.376 0.400 3.350 0.76
2019-05-05_01:19:07 05826 11.576 157.600 1824.378 8.392 0.400 3.357 0.76
2019-05-05_01:19:08 05827 11.576 169.600 1963.290 8.408 0.400 3.363 0.75
2019-05-05_01:19:09 05828 11.584 170.400 1973.914 8.296 0.000 0.000 0.77
2019-05-05_01:19:10 05829 11.568 169.200 1957.306 8.536 0.000 0.000 0.76
2019-05-05_01:19:11 05830 11.576 161.600 1870.682 8.408 0.400 3.363 0.75
2019-05-05_01:19:12 05831 11.584 170.400 1973.914 8.296 0.000 0.000 0.77
2019-05-05_01:19:13 05832 11.584 157.200 1821.005 8.536 0.000 0.000 0.76
2019-05-05_01:19:14 05833 11.576 162.400 1879.942 8.400 0.000 0.000 0.76
2019-05-05_01:19:15 05834 11.552 200.400 2315.021 8.392 0.000 0.000 0.76
2019-05-05_01:19:16 05835 11.576 170.400 1972.550 8.424 0.000 0.000 0.75
2019-05-05_01:19:17 05836 11.584 169.600 1964.646 8.312 0.000 0.000 0.75
2019-05-05_01:19:18 05837 11.552 200.400 2315.021 8.312 0.400 3.325 0.75
2019-05-05_01:19:19 05838 11.584 168.400 1950.746 8.336 0.000 0.000 0.75
2019-05-05_01:19:20 05839 11.568 196.400 2271.955 8.344 0.400 3.338 0.75
2019-05-05_01:19:21 05840 11.576 171.200 1981.811 8.360 0.400 3.344 0.76
2019-05-05_01:19:22 05841 11.584 160.400 1858.074 8.368 0.400 3.347 0.76
2019-05-05_01:19:23 05842 11.576 167.200 1935.507 8.376 0.400 3.350 0.76
2019-05-05_01:19:24 05843 11.576 172.400 1995.702 8.392 0.400 3.357 0.76
2019-05-05_01:19:25 05844 11.576 167.600 1940.138 8.400 0.000 0.000 0.76
2019-05-05_01:19:26 05845 11.568 168.800 1952.678 8.408 0.400 3.363 0.75
2019-05-05_01:19:27 05846 11.584 169.200 1960.013 8.312 0.000 0.000 0.75
2019-05-05_01:19:28 05847 11.584 170.400 1973.914 8.312 0.000 0.000 0.75
2019-05-05_01:19:29 05848 11.560 190.400 2201.024 8.312 0.400 3.325 0.75
2019-05-05_01:19:30 05849 11.560 194.000 2242.640 8.336 0.000 0.000 0.75
2019-05-05_01:19:31 05850 11.576 169.600 1963.290 8.352 0.000 0.000 0.75
2019-05-05_01:19:32 05851 11.576 170.400 1972.550 8.360 0.000 0.000 0.76
2019-05-05_01:19:33 05852 11.576 169.200 1958.659 8.376 0.400 3.350 0.76
2019-05-05_01:19:34 05853 11.576 170.800 1977.181 8.384 0.400 3.354 0.76
2019-05-05_01:19:35 05854 11.552 201.600 2328.883 8.376 0.400 3.350 0.76
2019-05-05_01:19:36 05855 11.576 153.200 1773.443 8.400 0.000 0.000 0.76
2019-05-05_01:19:37 05856 11.576 168.400 1949.398 8.408 0.000 0.000 0.75
2019-05-05_01:19:38 05857 11.584 173.200 2006.349 8.304 0.000 0.000 0.75
2019-05-05_01:19:39 05858 11.584 169.600 1964.646 8.320 0.400 3.328 0.75