2019-05-06_22:35:24 00920 1.040 -5.200 -5.408 8.040 147.200 1183.488 0.00
2019-05-06_22:35:34 00930 1.040 -5.200 -5.408 8.040 145.200 1167.408 0.00
2019-05-06_22:35:44 00940 1.040 -5.200 -5.408 8.040 150.400 1209.216 0.00
2019-05-06_22:35:54 00950 1.040 -5.200 -5.408 8.040 144.000 1157.760 0.00
2019-05-06_22:36:04 00960 1.040 -5.200 -5.408 8.040 143.200 1151.328 0.00
2019-05-06_22:36:14 00970 1.040 -5.200 -5.408 8.040 142.800 1148.112 0.00
2019-05-06_22:36:24 00980 1.040 -5.200 -5.408 8.040 143.200 1151.328 0.00
2019-05-06_22:36:34 00990 1.040 -5.200 -5.408 8.040 144.400 1160.976 0.00
2019-05-06_22:36:44 01000 1.040 -5.200 -5.408 8.040 146.800 1180.272 0.00
2019-05-06_22:36:54 01010 1.040 -5.200 -5.408 8.040 148.000 1189.920 0.00
2019-05-06_22:37:04 01020 1.040 -5.200 -5.408 8.040 147.200 1183.488 0.00
2019-05-06_22:37:14 01030 1.040 -5.200 -5.408 8.040 148.400 1193.136 0.00
2019-05-06_22:37:24 01040 1.040 -5.200 -5.408 8.040 144.000 1157.760 0.00
2019-05-06_22:37:34 01050 1.040 -5.200 -5.408 8.040 144.800 1164.192 0.00
2019-05-06_22:37:44 01060 1.040 -5.200 -5.408 8.040 145.200 1167.408 0.00
2019-05-06_22:37:54 01070 1.040 -5.200 -5.408 8.008 162.000 1297.296 0.00
2019-05-06_22:38:04 01080 1.040 -5.200 -5.408 8.040 144.000 1157.760 0.00
2019-05-06_22:38:14 01090 1.040 -5.200 -5.408 8.032 149.600 1201.587 0.00
2019-05-06_22:38:24 01100 1.040 -5.200 -5.408 8.040 157.600 1267.104 0.00
2019-05-06_22:38:34 01110 1.040 -5.200 -5.408 8.000 150.800 1206.400 0.00
2019-05-06_22:38:44 01120 1.040 -5.200 -5.408 8.032 144.800 1163.034 0.00
2019-05-06_22:38:54 01130 1.040 -5.200 -5.408 8.040 143.200 1151.328 0.00
2019-05-06_22:39:04 01140 1.040 -5.200 -5.408 8.040 145.200 1167.408 0.00
2019-05-06_22:39:14 01150 1.040 -5.200 -5.408 8.000 142.800 1142.400 0.00
2019-05-06_22:39:24 01160 1.040 -5.200 -5.408 8.040 142.000 1141.680 0.00
2019-05-06_22:39:34 01170 1.040 -5.200 -5.408 8.040 147.200 1183.488 0.00
2019-05-06_22:39:44 01180 1.040 -5.200 -5.408 8.040 147.200 1183.488 0.00
2019-05-06_22:39:54 01190 1.040 -5.200 -5.408 8.008 145.600 1165.965 0.00
2019-05-06_22:40:04 01200 1.040 -5.200 -5.408 8.032 147.600 1185.523 0.00
2019-05-06_22:40:14 01210 1.040 -5.200 -5.408 8.040 147.200 1183.488 0.00
2019-05-06_22:40:24 01220 1.040 -5.200 -5.408 8.040 144.400 1160.976 0.00
2019-05-06_22:40:34 01230 1.040 -5.200 -5.408 8.040 145.200 1167.408 0.00
2019-05-06_22:40:44 01240 1.040 -5.200 -5.408 8.040 145.200 1167.408 0.00
2019-05-06_22:40:54 01250 1.040 -5.200 -5.408 8.040 144.000 1157.760 0.00
2019-05-06_22:41:04 01260 1.040 -5.200 -5.408 8.032 147.600 1185.523 0.00
2019-05-06_22:41:14 01270 1.040 -5.200 -5.408 8.032 147.200 1182.310 0.00
2019-05-06_22:41:24 01280 1.040 -5.200 -5.408 8.032 147.600 1185.523 0.00
2019-05-06_22:41:34 01290 1.040 -5.200 -5.408 8.032 147.600 1185.523 0.00
2019-05-06_22:41:44 01300 1.040 -5.200 -5.408 8.032 148.400 1191.949 0.00
2019-05-06_22:41:54 01310 1.040 -5.200 -5.408 8.032 144.800 1163.034 0.00
2019-05-06_22:42:04 01320 1.040 -5.200 -5.408 8.040 142.400 1144.896 0.00
2019-05-06_22:42:14 01330 1.040 -5.200 -5.408 8.040 145.600 1170.624 0.00
2019-05-06_22:42:24 01340 1.040 -5.200 -5.408 8.040 144.000 1157.760 0.00
2019-05-06_22:42:34 01350 1.040 -5.200 -5.408 8.016 184.000 1474.944 0.00
2019-05-06_22:42:44 01360 1.040 -5.200 -5.408 8.040 147.200 1183.488 0.00
2019-05-06_22:42:54 01370 1.040 -5.200 -5.408 8.032 148.000 1188.736 0.00
2019-05-06_22:43:04 01380 1.040 -5.200 -5.408 8.032 148.000 1188.736 0.00
2019-05-06_22:43:14 01390 1.040 -5.200 -5.408 8.032 186.800 1500.378 0.00
2019-05-06_22:43:24 01400 1.040 -5.200 -5.408 8.032 148.400 1191.949 0.00
2019-05-06_22:43:34 01410 1.040 -5.200 -5.408 8.040 144.000 1157.760 0.00
2019-05-06_22:43:44 01420 1.040 -5.200 -5.408 8.040 145.200 1167.408 0.00
2019-05-06_22:43:54 01430 1.040 -5.200 -5.408 8.008 184.400 1476.675 0.00
2019-05-06_22:44:04 01440 1.040 -5.200 -5.408 8.032 144.800 1163.034 0.00
2019-05-06_22:44:14 01450 1.040 -5.200 -5.408 8.040 144.800 1164.192 0.00
2019-05-06_22:44:24 01460 1.040 -5.200 -5.408 8.032 147.200 1182.310 0.00
2019-05-06_22:44:34 01470 1.040 -5.200 -5.408 8.000 186.000 1488.000 0.00
2019-05-06_22:44:44 01480 1.040 -5.200 -5.408 8.032 148.000 1188.736 0.00
2019-05-06_22:44:54 01490 1.040 -5.200 -5.408 8.032 145.600 1169.459 0.00
2019-05-06_22:45:04 01500 1.040 -5.200 -5.408 8.032 144.800 1163.034 0.00
2019-05-06_22:45:15 01510 1.040 -5.200 -5.408 8.000 184.400 1475.200 0.00
2019-05-06_22:45:25 01520 1.040 -5.200 -5.408 8.032 144.400 1159.821 0.00
2019-05-06_22:45:35 01530 1.040 -5.200 -5.408 8.032 148.000 1188.736 0.00
2019-05-06_22:45:45 01540 1.040 -5.200 -5.408 8.032 148.000 1188.736 0.00
2019-05-06_22:45:55 01550 1.040 -5.200 -5.408 8.024 154.400 1238.906 0.00
2019-05-06_22:46:05 01560 1.040 -5.200 -5.408 8.032 149.200 1198.374 0.00
2019-05-06_22:46:15 01570 1.040 -5.200 -5.408 8.024 142.400 1142.618 0.00
2019-05-06_22:46:25 01580 1.040 -5.200 -5.408 8.040 142.400 1144.896 0.00
2019-05-06_22:46:35 01590 1.040 -5.200 -5.408 8.032 151.600 1217.651 0.00
2019-05-06_22:46:45 01600 1.040 -5.200 -5.408 8.032 143.200 1150.182 0.00
2019-05-06_22:46:55 01610 1.040 -5.200 -5.408 8.040 142.000 1141.680 0.00
2019-05-06_22:47:05 01620 1.040 -5.200 -5.408 8.032 147.200 1182.310 0.00
2019-05-06_22:47:15 01630 1.040 -5.200 -5.408 8.024 146.800 1177.923 0.00
2019-05-06_22:47:25 01640 1.040 -5.200 -5.408 8.032 144.800 1163.034 0.00
2019-05-06_22:47:35 01650 1.040 -5.200 -5.408 8.032 146.000 1172.672 0.00
2019-05-06_22:47:45 01660 1.040 -5.200 -5.408 8.032 145.200 1166.246 0.00
2019-05-06_22:47:55 01670 1.040 -5.200 -5.408 8.024 159.200 1277.421 0.00
2019-05-06_22:48:05 01680 1.040 -5.200 -5.408 8.032 144.400 1159.821 0.00
2019-05-06_22:48:15 01690 1.040 -5.200 -5.408 8.032 144.400 1159.821 0.00
2019-05-06_22:48:25 01700 1.040 -5.200 -5.408 8.032 142.400 1143.757 0.00
2019-05-06_22:48:35 01710 1.040 -5.200 -5.408 8.024 147.600 1184.342 0.00
2019-05-06_22:48:45 01720 1.040 -5.200 -5.408 8.032 148.400 1191.949 0.00
2019-05-06_22:48:55 01730 1.040 -5.200 -5.408 8.032 146.800 1179.098 0.00
2019-05-06_22:49:05 01740 1.040 -5.200 -5.408 8.032 146.000 1172.672 0.00
2019-05-06_22:49:15 01750 1.040 -5.200 -5.408 8.032 143.600 1153.395 0.00
2019-05-06_22:49:25 01760 1.040 -5.200 -5.408 8.032 144.400 1159.821 0.00
2019-05-06_22:49:35 01770 1.040 -5.200 -5.408 8.032 142.000 1140.544 0.00
2019-05-06_22:49:45 01780 1.040 -5.200 -5.408 8.032 144.800 1163.034 0.00
2019-05-06_22:49:55 01790 1.040 -5.200 -5.408 8.008 170.000 1361.360 0.00
2019-05-06_22:50:05 01800 1.040 -5.200 -5.408 8.032 145.200 1166.246 0.00
2019-05-06_22:50:15 01810 1.040 -5.200 -5.408 8.032 146.000 1172.672 0.00
2019-05-06_22:50:25 01820 1.040 -5.200 -5.408 8.032 151.200 1214.438 0.00