2019-05-05_02:00:30 00001 11.560 199.600 2307.376 3.208 0.000 0.000 0.32
2019-05-05_02:00:31 00002 11.560 198.800 2298.128 3.440 0.000 0.000 0.34
2019-05-05_02:00:33 00003 11.560 202.000 2335.120 3.672 0.000 0.000 0.36
2019-05-05_02:00:34 00004 11.568 199.200 2304.346 3.920 0.000 0.000 0.38
2019-05-05_02:00:35 00005 11.552 202.400 2338.125 4.144 0.000 0.000 0.40
2019-05-05_02:00:36 00006 11.560 201.600 2330.496 4.376 0.000 0.000 0.42
2019-05-05_02:00:37 00007 11.560 202.000 2335.120 4.608 0.000 0.000 0.44
2019-05-05_02:00:38 00008 11.568 202.000 2336.736 4.848 0.000 0.000 0.46
2019-05-05_02:00:39 00009 11.560 202.400 2339.744 5.072 0.000 0.000 0.48
2019-05-05_02:00:40 00010 11.560 202.400 2339.744 5.312 0.000 0.000 0.50
2019-05-05_02:00:41 00011 11.560 204.400 2362.864 5.536 0.000 0.000 0.52
2019-05-05_02:00:42 00012 11.568 203.600 2355.245 5.768 0.000 0.000 0.54
2019-05-05_02:00:43 00013 11.552 204.000 2356.608 5.992 0.000 0.000 0.56
2019-05-05_02:00:44 00014 11.560 203.200 2348.992 6.224 0.000 0.000 0.58
2019-05-05_02:00:45 00015 11.560 203.200 2348.992 6.448 0.000 0.000 0.60
2019-05-05_02:00:46 00016 11.560 202.400 2339.744 6.680 0.000 0.000 0.62
2019-05-05_02:00:47 00017 11.552 198.800 2296.538 6.888 0.000 0.000 0.64
2019-05-05_02:00:48 00018 11.568 202.800 2345.990 7.128 0.000 0.000 0.66
2019-05-05_02:00:49 00019 11.560 201.600 2330.496 7.344 0.000 0.000 0.68
2019-05-05_02:00:50 00020 11.552 202.400 2338.125 7.552 0.000 0.000 0.70
2019-05-05_02:00:51 00021 11.552 197.600 2282.675 7.760 0.000 0.000 0.72
2019-05-05_02:00:52 00022 11.568 201.200 2327.482 7.992 0.400 3.197 0.74
2019-05-05_02:00:53 00023 11.568 200.400 2318.227 8.200 0.000 0.000 0.76
2019-05-05_02:00:54 00024 11.552 199.600 2305.779 8.416 0.000 0.000 0.75
2019-05-05_02:00:55 00025 11.560 200.800 2321.248 8.304 0.000 0.000 0.75
2019-05-05_02:00:56 00026 11.568 195.600 2262.701 8.312 0.400 3.325 0.75
2019-05-05_02:00:57 00027 11.560 198.000 2288.880 8.320 0.000 0.000 0.75
2019-05-05_02:00:58 00028 11.560 200.400 2316.624 8.336 0.400 3.334 0.75
2019-05-05_02:00:59 00029 11.560 199.200 2302.752 8.344 0.000 0.000 0.76
2019-05-05_02:01:00 00030 11.560 198.800 2298.128 8.352 0.400 3.341 0.76
2019-05-05_02:01:01 00031 11.552 198.400 2291.917 8.360 0.000 0.000 0.76
2019-05-05_02:01:02 00032 11.560 200.400 2316.624 8.376 0.000 0.000 0.76
2019-05-05_02:01:03 00033 11.552 199.200 2301.158 8.384 0.400 3.354 0.76
2019-05-05_02:01:04 00034 11.560 196.000 2265.760 8.400 0.000 0.000 0.76
2019-05-05_02:01:05 00035 11.552 199.600 2305.779 8.416 0.000 0.000 0.75
2019-05-05_02:01:06 00036 11.560 197.200 2279.632 8.304 0.000 0.000 0.75
2019-05-05_02:01:07 00037 11.560 199.200 2302.752 8.312 0.000 0.000 0.75
2019-05-05_02:01:08 00038 11.560 198.000 2288.880 8.328 0.000 0.000 0.75
2019-05-05_02:01:09 00039 11.560 194.400 2247.264 8.344 0.000 0.000 0.75
2019-05-05_02:01:10 00040 11.560 194.000 2242.640 8.352 0.000 0.000 0.76
2019-05-05_02:01:11 00041 11.560 195.600 2261.136 8.352 0.400 3.341 0.76
2019-05-05_02:01:12 00042 11.552 195.200 2254.950 8.360 0.400 3.344 0.76
2019-05-05_02:01:13 00043 11.552 193.200 2231.846 8.384 0.000 0.000 0.76
2019-05-05_02:01:14 00044 11.560 198.400 2293.504 8.392 0.000 0.000 0.76
2019-05-05_02:01:15 00045 11.560 195.600 2261.136 8.400 0.000 0.000 0.76
2019-05-05_02:01:16 00046 11.560 195.200 2256.512 8.416 0.000 0.000 0.75
2019-05-05_02:01:17 00047 11.560 200.000 2312.000 8.304 0.000 0.000 0.75
2019-05-05_02:01:18 00048 11.552 195.600 2259.571 8.312 0.000 0.000 0.75
2019-05-05_02:01:19 00049 11.568 196.000 2267.328 8.328 0.000 0.000 0.75
2019-05-05_02:01:20 00050 11.560 194.800 2251.888 8.328 0.400 3.331 0.75
2019-05-05_02:01:21 00051 11.552 197.600 2282.675 8.352 0.400 3.341 0.76
2019-05-05_02:01:22 00052 11.552 200.400 2315.021 8.360 0.400 3.344 0.76
2019-05-05_02:01:23 00053 11.560 198.400 2293.504 8.368 0.000 0.000 0.76
2019-05-05_02:01:24 00054 11.560 189.600 2191.776 8.384 0.000 0.000 0.76
2019-05-05_02:01:25 00055 11.584 153.600 1779.302 8.408 0.000 0.000 0.75
2019-05-05_02:01:26 00056 11.600 153.600 1781.760 8.304 0.000 0.000 0.75
2019-05-05_02:01:27 00057 11.592 153.600 1780.531 8.312 0.400 3.325 0.75
2019-05-05_02:01:28 00058 11.584 166.400 1927.578 8.328 0.000 0.000 0.75
2019-05-05_02:01:29 00059 11.576 188.800 2185.549 8.328 0.000 0.000 0.75
2019-05-05_02:01:30 00060 11.576 170.400 1972.550 8.336 0.000 0.000 0.75
2019-05-05_02:01:31 00061 11.592 153.600 1780.531 8.360 0.400 3.344 0.75
2019-05-05_02:01:32 00062 11.584 153.600 1779.302 8.368 0.000 0.000 0.76
2019-05-05_02:01:33 00063 11.584 157.600 1825.638 8.376 0.400 3.350 0.76
2019-05-05_02:01:34 00064 11.576 165.200 1912.355 8.392 0.400 3.357 0.76
2019-05-05_02:01:35 00065 11.584 165.200 1913.677 8.400 0.400 3.360 0.76
2019-05-05_02:01:36 00066 11.584 153.600 1779.302 8.408 0.400 3.363 0.75
2019-05-05_02:01:37 00067 11.584 170.400 1973.914 8.304 0.000 0.000 0.75
2019-05-05_02:01:38 00068 11.592 153.600 1780.531 8.312 0.000 0.000 0.75
2019-05-05_02:01:39 00069 11.568 185.600 2147.021 8.320 0.000 0.000 0.75
2019-05-05_02:01:40 00070 11.584 170.000 1969.280 8.336 0.400 3.334 0.75
2019-05-05_02:01:41 00071 11.592 153.600 1780.531 8.352 0.400 3.341 0.75
2019-05-05_02:01:42 00072 11.584 156.400 1811.738 8.360 0.400 3.344 0.75
2019-05-05_02:01:43 00073 11.576 168.800 1954.029 8.360 0.000 0.000 0.76
2019-05-05_02:01:44 00074 11.576 169.600 1963.290 8.368 0.400 3.347 0.76
2019-05-05_02:01:45 00075 11.584 153.600 1779.302 8.384 0.400 3.354 0.76
2019-05-05_02:01:46 00076 11.576 171.200 1981.811 8.392 0.400 3.357 0.76
2019-05-05_02:01:47 00077 11.584 153.600 1779.302 8.408 0.400 3.363 0.75
2019-05-05_02:01:48 00078 11.584 154.800 1793.203 8.304 0.000 0.000 0.75
2019-05-05_02:01:49 00079 11.560 196.800 2275.008 8.288 0.000 0.000 0.77
2019-05-05_02:01:50 00080 11.584 153.200 1774.669 8.560 0.000 0.000 0.76
2019-05-05_02:01:51 00081 11.568 171.600 1985.069 8.424 0.400 3.370 0.75
2019-05-05_02:01:52 00082 11.584 169.600 1964.646 8.304 0.000 0.000 0.75
2019-05-05_02:01:53 00083 11.584 155.600 1802.470 8.328 0.000 0.000 0.75
2019-05-05_02:01:54 00084 11.584 164.800 1909.043 8.336 0.000 0.000 0.75
2019-05-05_02:01:55 00085 11.576 171.200 1981.811 8.336 0.000 0.000 0.75
2019-05-05_02:01:56 00086 11.576 171.600 1986.442 8.352 0.400 3.341 0.75
2019-05-05_02:01:57 00087 11.584 153.600 1779.302 8.368 0.400 3.347 0.76
2019-05-05_02:01:58 00088 11.584 153.600 1779.302 8.376 0.400 3.350 0.76
2019-05-05_02:01:59 00089 11.576 155.200 1796.595 8.392 0.400 3.357 0.76
2019-05-05_02:02:00 00090 11.576 164.400 1903.094 8.400 0.400 3.360 0.76
2019-05-05_02:02:01 00091 11.576 166.000 1921.616 8.400 0.400 3.360 0.76
2019-05-05_02:02:02 00092 11.584 153.200 1774.669 8.424 0.000 0.000 0.75
2019-05-05_02:02:03 00093 11.584 158.000 1830.272 8.312 0.000 0.000 0.75
2019-05-05_02:02:04 00094 11.584 169.200 1960.013 8.320 0.400 3.328 0.75
2019-05-05_02:02:05 00095 11.592 153.600 1780.531 8.336 0.400 3.334 0.75
2019-05-05_02:02:06 00096 11.576 170.400 1972.550 8.336 0.000 0.000 0.75
2019-05-05_02:02:07 00097 11.584 163.200 1890.509 8.360 0.000 0.000 0.75
2019-05-05_02:02:08 00098 11.576 164.400 1903.094 8.368 0.400 3.347 0.76
2019-05-05_02:02:09 00099 11.576 169.600 1963.290 8.368 0.400 3.347 0.76
2019-05-05_02:02:10 00100 11.592 153.200 1775.894 8.392 0.400 3.357 0.76
2019-05-05_02:02:11 00101 11.576 170.000 1967.920 8.392 0.400 3.357 0.76