2019-05-05_00:34:09 03132 11.576 168.400 1949.398 8.360 0.400 3.344 0.76
2019-05-05_00:34:10 03133 11.552 194.800 2250.330 8.368 0.400 3.347 0.76
2019-05-05_00:34:11 03134 11.576 169.600 1963.290 8.384 0.000 0.000 0.76
2019-05-05_00:34:12 03135 11.576 169.600 1963.290 8.392 0.000 0.000 0.76
2019-05-05_00:34:13 03136 11.568 170.400 1971.187 8.400 0.400 3.360 0.76
2019-05-05_00:34:14 03137 11.576 170.400 1972.550 8.408 0.000 0.000 0.75
2019-05-05_00:34:15 03138 11.560 188.400 2177.904 8.296 0.000 0.000 0.77
2019-05-05_00:34:16 03139 11.568 170.000 1966.560 8.544 0.000 0.000 0.76
2019-05-05_00:34:17 03140 11.576 168.400 1949.398 8.408 0.000 0.000 0.75
2019-05-05_00:34:18 03141 11.584 170.000 1969.280 8.304 0.400 3.322 0.75
2019-05-05_00:34:19 03142 11.584 168.800 1955.379 8.320 0.400 3.328 0.75
2019-05-05_00:34:20 03143 11.560 194.000 2242.640 8.328 0.400 3.331 0.75
2019-05-05_00:34:21 03144 11.576 169.200 1958.659 8.336 0.400 3.334 0.75
2019-05-05_00:34:22 03145 11.576 168.400 1949.398 8.352 0.400 3.341 0.75
2019-05-05_00:34:23 03146 11.576 170.400 1972.550 8.360 0.400 3.344 0.76
2019-05-05_00:34:24 03147 11.576 170.000 1967.920 8.368 0.000 0.000 0.76
2019-05-05_00:34:25 03148 11.552 197.600 2282.675 8.360 0.400 3.344 0.76
2019-05-05_00:34:26 03149 11.576 170.000 1967.920 8.392 0.400 3.357 0.76
2019-05-05_00:34:27 03150 11.576 170.800 1977.181 8.400 0.400 3.360 0.76
2019-05-05_00:34:28 03151 11.576 170.400 1972.550 8.416 0.400 3.366 0.75
2019-05-05_00:34:29 03152 11.584 166.800 1932.211 8.304 0.000 0.000 0.75
2019-05-05_00:34:30 03153 11.576 168.000 1944.768 8.320 0.000 0.000 0.75
2019-05-05_00:34:31 03154 11.584 170.000 1969.280 8.328 0.000 0.000 0.75
2019-05-05_00:34:32 03155 11.576 170.400 1972.550 8.344 0.400 3.338 0.75
2019-05-05_00:34:33 03156 11.576 170.400 1972.550 8.352 0.400 3.341 0.75
2019-05-05_00:34:34 03157 11.576 170.800 1977.181 8.360 0.400 3.344 0.76
2019-05-05_00:34:35 03158 11.568 193.600 2239.565 8.352 0.400 3.341 0.76
2019-05-05_00:34:36 03159 11.576 169.600 1963.290 8.384 0.000 0.000 0.76
2019-05-05_00:34:37 03160 11.576 168.800 1954.029 8.392 0.400 3.357 0.76
2019-05-05_00:34:38 03161 11.576 160.800 1861.421 8.400 0.000 0.000 0.76
2019-05-05_00:34:39 03162 11.568 164.000 1897.152 8.408 0.000 0.000 0.75
2019-05-05_00:34:40 03163 11.584 170.400 1973.914 8.304 0.000 0.000 0.75
2019-05-05_00:34:41 03164 11.584 169.600 1964.646 8.320 0.000 0.000 0.75
2019-05-05_00:34:42 03165 11.576 168.800 1954.029 8.328 0.000 0.000 0.75
2019-05-05_00:34:43 03166 11.576 170.400 1972.550 8.336 0.400 3.334 0.75
2019-05-05_00:34:44 03167 11.576 170.400 1972.550 8.352 0.400 3.341 0.75
2019-05-05_00:34:45 03168 11.560 196.800 2275.008 8.344 0.400 3.338 0.76
2019-05-05_00:34:46 03169 11.576 170.400 1972.550 8.368 0.400 3.347 0.76
2019-05-05_00:34:47 03170 11.576 170.400 1972.550 8.376 0.400 3.350 0.76
2019-05-05_00:34:48 03171 11.576 166.800 1930.877 8.392 0.400 3.357 0.76
2019-05-05_00:34:49 03172 11.576 170.000 1967.920 8.400 0.000 0.000 0.76
2019-05-05_00:34:50 03173 11.552 190.000 2194.880 8.392 0.000 0.000 0.76
2019-05-05_00:34:51 03174 11.568 166.800 1929.542 8.424 0.000 0.000 0.75
2019-05-05_00:34:52 03175 11.584 169.600 1964.646 8.320 0.000 0.000 0.75
2019-05-05_00:34:53 03176 11.576 168.400 1949.398 8.328 0.400 3.331 0.75
2019-05-05_00:34:54 03177 11.576 170.800 1977.181 8.336 0.000 0.000 0.75
2019-05-05_00:34:55 03178 11.568 197.600 2285.837 8.336 0.000 0.000 0.75
2019-05-05_00:34:56 03179 11.576 170.800 1977.181 8.360 0.400 3.344 0.76
2019-05-05_00:34:57 03180 11.576 166.800 1930.877 8.368 0.400 3.347 0.76
2019-05-05_00:34:58 03181 11.576 170.800 1977.181 8.384 0.400 3.354 0.76
2019-05-05_00:34:59 03182 11.576 169.200 1958.659 8.392 0.000 0.000 0.76
2019-05-05_00:35:00 03183 11.552 177.600 2051.635 8.384 0.000 0.000 0.76
2019-05-05_00:35:01 03184 11.576 170.000 1967.920 8.408 0.000 0.000 0.75
2019-05-05_00:35:02 03185 11.584 168.800 1955.379 8.304 0.000 0.000 0.75
2019-05-05_00:35:03 03186 11.584 170.000 1969.280 8.320 0.000 0.000 0.75
2019-05-05_00:35:04 03187 11.584 170.000 1969.280 8.328 0.400 3.331 0.75
2019-05-05_00:35:05 03188 11.560 193.600 2238.016 8.328 0.000 0.000 0.75
2019-05-05_00:35:06 03189 11.576 168.800 1954.029 8.352 0.400 3.341 0.75
2019-05-05_00:35:07 03190 11.576 170.400 1972.550 8.360 0.400 3.344 0.76
2019-05-05_00:35:08 03191 11.576 170.400 1972.550 8.368 0.400 3.347 0.76
2019-05-05_00:35:09 03192 11.576 162.400 1879.942 8.376 0.400 3.350 0.76
2019-05-05_00:35:10 03193 11.552 199.200 2301.158 8.376 0.400 3.350 0.76
2019-05-05_00:35:11 03194 11.576 170.800 1977.181 8.400 0.000 0.000 0.76
2019-05-05_00:35:12 03195 11.576 162.000 1875.312 8.408 0.400 3.363 0.75
2019-05-05_00:35:13 03196 11.584 164.000 1899.776 8.304 0.400 3.322 0.75
2019-05-05_00:35:14 03197 11.576 170.400 1972.550 8.320 0.400 3.328 0.75
2019-05-05_00:35:15 03198 11.560 194.000 2242.640 8.320 0.000 0.000 0.75
2019-05-05_00:35:16 03199 11.576 169.200 1958.659 8.344 0.400 3.338 0.75
2019-05-05_00:35:17 03200 11.576 170.400 1972.550 8.352 0.400 3.341 0.75
2019-05-05_00:35:18 03201 11.584 160.000 1853.440 8.360 0.400 3.344 0.76
2019-05-05_00:35:19 03202 11.576 165.600 1916.986 8.368 0.000 0.000 0.76
2019-05-05_00:35:20 03203 11.568 198.400 2295.091 8.376 0.000 0.000 0.76
2019-05-05_00:35:21 03204 11.576 170.400 1972.550 8.392 0.400 3.357 0.76
2019-05-05_00:35:22 03205 11.576 168.400 1949.398 8.400 0.400 3.360 0.76
2019-05-05_00:35:23 03206 11.576 168.000 1944.768 8.416 0.000 0.000 0.75
2019-05-05_00:35:24 03207 11.584 168.000 1946.112 8.304 0.000 0.000 0.75
2019-05-05_00:35:25 03208 11.560 192.000 2219.520 8.304 0.000 0.000 0.75
2019-05-05_00:35:26 03209 11.584 170.400 1973.914 8.328 0.000 0.000 0.75
2019-05-05_00:35:27 03210 11.576 168.400 1949.398 8.336 0.000 0.000 0.75
2019-05-05_00:35:28 03211 11.576 170.400 1972.550 8.352 0.000 0.000 0.75
2019-05-05_00:35:29 03212 11.576 171.200 1981.811 8.360 0.400 3.344 0.76
2019-05-05_00:35:30 03213 11.576 170.400 1972.550 8.368 0.400 3.347 0.76
2019-05-05_00:35:31 03214 11.576 169.600 1963.290 8.384 0.400 3.354 0.76
2019-05-05_00:35:32 03215 11.576 165.600 1916.986 8.392 0.400 3.357 0.76
2019-05-05_00:35:33 03216 11.568 169.200 1957.306 8.400 0.400 3.360 0.76
2019-05-05_00:35:34 03217 11.568 168.000 1943.424 8.408 0.000 0.000 0.75
2019-05-05_00:35:35 03218 11.568 198.000 2290.464 8.296 0.000 0.000 0.77
2019-05-05_00:35:36 03219 11.568 170.000 1966.560 8.544 0.000 0.000 0.76
2019-05-05_00:35:37 03220 11.576 170.400 1972.550 8.416 0.400 3.366 0.75
2019-05-05_00:35:38 03221 11.584 170.000 1969.280 8.304 0.000 0.000 0.75
2019-05-05_00:35:39 03222 11.584 166.400 1927.578 8.320 0.400 3.328 0.75
2019-05-05_00:35:40 03223 11.560 194.400 2247.264 8.320 0.400 3.328 0.75
2019-05-05_00:35:41 03224 11.576 170.800 1977.181 8.344 0.400 3.338 0.75
2019-05-05_00:35:42 03225 11.576 171.600 1986.442 8.352 0.400 3.341 0.75
2019-05-05_00:35:43 03226 11.576 170.400 1972.550 8.360 0.400 3.344 0.76
2019-05-05_00:35:44 03227 11.576 169.600 1963.290 8.368 0.400 3.347 0.76
2019-05-05_00:35:45 03228 11.576 168.000 1944.768 8.384 0.000 0.000 0.76
2019-05-05_00:35:46 03229 11.576 170.000 1967.920 8.392 0.000 0.000 0.76
2019-05-05_00:35:47 03230 11.568 170.800 1975.814 8.400 0.000 0.000 0.76
2019-05-05_00:35:48 03231 11.576 170.400 1972.550 8.408 0.000 0.000 0.75
2019-05-05_00:35:49 03232 11.592 160.000 1854.720 8.304 0.000 0.000 0.75