2019-05-05_00:49:19 04041 11.576 170.000 1967.920 8.384 0.400 3.354 0.76
2019-05-05_00:49:20 04042 11.560 172.000 1988.320 8.376 0.400 3.350 0.76
2019-05-05_00:49:21 04043 11.576 166.400 1926.246 8.400 0.000 0.000 0.76
2019-05-05_00:49:22 04044 11.560 194.800 2251.888 8.416 0.000 0.000 0.75
2019-05-05_00:49:23 04045 11.584 168.400 1950.746 8.304 0.000 0.000 0.75
2019-05-05_00:49:24 04046 11.584 170.400 1973.914 8.320 0.000 0.000 0.75
2019-05-05_00:49:25 04047 11.568 179.600 2077.613 8.312 0.000 0.000 0.75
2019-05-05_00:49:26 04048 11.576 166.800 1930.877 8.336 0.000 0.000 0.75
2019-05-05_00:49:27 04049 11.560 188.400 2177.904 8.352 0.000 0.000 0.75
2019-05-05_00:49:28 04050 11.576 168.400 1949.398 8.360 0.400 3.344 0.76
2019-05-05_00:49:29 04051 11.552 196.400 2268.813 8.360 0.000 0.000 0.76
2019-05-05_00:49:30 04052 11.576 168.800 1954.029 8.376 0.400 3.350 0.76
2019-05-05_00:49:31 04053 11.576 170.400 1972.550 8.392 0.000 0.000 0.76
2019-05-05_00:49:32 04054 11.552 188.800 2181.018 8.384 0.000 0.000 0.76
2019-05-05_00:49:33 04055 11.576 166.800 1930.877 8.408 0.000 0.000 0.75
2019-05-05_00:49:34 04056 11.584 167.600 1941.478 8.304 0.000 0.000 0.75
2019-05-05_00:49:35 04057 11.584 168.400 1950.746 8.320 0.000 0.000 0.75
2019-05-05_00:49:36 04058 11.584 170.000 1969.280 8.328 0.400 3.331 0.75
2019-05-05_00:49:37 04059 11.584 167.200 1936.845 8.336 0.400 3.334 0.75
2019-05-05_00:49:38 04060 11.576 165.600 1916.986 8.352 0.400 3.341 0.75
2019-05-05_00:49:39 04061 11.584 167.200 1936.845 8.360 0.400 3.344 0.76
2019-05-05_00:49:40 04062 11.552 192.800 2227.226 8.368 0.000 0.000 0.76
2019-05-05_00:49:41 04063 11.576 168.800 1954.029 8.376 0.000 0.000 0.76
2019-05-05_00:49:42 04064 11.560 196.000 2265.760 8.376 0.000 0.000 0.76
2019-05-05_00:49:43 04065 11.576 169.200 1958.659 8.400 0.000 0.000 0.76
2019-05-05_00:49:44 04066 11.576 169.200 1958.659 8.408 0.000 0.000 0.75
2019-05-05_00:49:45 04067 11.568 183.600 2123.885 8.296 0.000 0.000 0.77
2019-05-05_00:49:46 04068 11.568 166.800 1929.542 8.544 0.000 0.000 0.76
2019-05-05_00:49:47 04069 11.552 190.000 2194.880 8.408 0.000 0.000 0.75
2019-05-05_00:49:48 04070 11.584 170.000 1969.280 8.312 0.000 0.000 0.75
2019-05-05_00:49:49 04071 11.584 169.600 1964.646 8.320 0.400 3.328 0.75
2019-05-05_00:49:50 04072 11.568 194.800 2253.446 8.312 0.400 3.325 0.75
2019-05-05_00:49:51 04073 11.584 169.600 1964.646 8.344 0.400 3.338 0.75
2019-05-05_00:49:52 04074 11.560 195.200 2256.512 8.336 0.400 3.334 0.75
2019-05-05_00:49:53 04075 11.576 168.400 1949.398 8.360 0.400 3.344 0.76
2019-05-05_00:49:54 04076 11.584 170.000 1969.280 8.368 0.000 0.000 0.76
2019-05-05_00:49:55 04077 11.576 160.400 1856.790 8.376 0.400 3.350 0.76
2019-05-05_00:49:56 04078 11.576 169.600 1963.290 8.392 0.400 3.357 0.76
2019-05-05_00:49:57 04079 11.576 182.400 2111.462 8.384 0.000 0.000 0.76
2019-05-05_00:49:58 04080 11.576 160.800 1861.421 8.408 0.400 3.363 0.75
2019-05-05_00:49:59 04081 11.584 168.400 1950.746 8.304 0.000 0.000 0.75
2019-05-05_00:50:00 04082 11.560 194.800 2251.888 8.312 0.000 0.000 0.75
2019-05-05_00:50:01 04083 11.584 170.400 1973.914 8.328 0.000 0.000 0.75
2019-05-05_00:50:02 04084 11.568 189.600 2193.293 8.320 0.000 0.000 0.75
2019-05-05_00:50:03 04085 11.576 168.800 1954.029 8.352 0.000 0.000 0.75
2019-05-05_00:50:04 04086 11.576 168.800 1954.029 8.360 0.000 0.000 0.76
2019-05-05_00:50:05 04087 11.552 192.800 2227.226 8.368 0.400 3.347 0.76
2019-05-05_00:50:06 04088 11.576 169.600 1963.290 8.384 0.400 3.354 0.76
2019-05-05_00:50:07 04089 11.560 196.400 2270.384 8.376 0.400 3.350 0.76
2019-05-05_00:50:08 04090 11.576 170.000 1967.920 8.400 0.000 0.000 0.76
2019-05-05_00:50:09 04091 11.576 163.600 1893.834 8.416 0.400 3.366 0.75
2019-05-05_00:50:10 04092 11.560 196.800 2275.008 8.304 0.400 3.322 0.75
2019-05-05_00:50:11 04093 11.584 171.200 1983.181 8.320 0.000 0.000 0.75
2019-05-05_00:50:12 04094 11.568 182.400 2110.003 8.312 0.000 0.000 0.75
2019-05-05_00:50:13 04095 11.584 167.600 1941.478 8.336 0.400 3.334 0.75
2019-05-05_00:50:14 04096 11.576 170.400 1972.550 8.352 0.400 3.341 0.75
2019-05-05_00:50:15 04097 11.576 168.800 1954.029 8.360 0.000 0.000 0.76
2019-05-05_00:50:16 04098 11.584 168.000 1946.112 8.368 0.000 0.000 0.76
2019-05-05_00:50:17 04099 11.576 170.400 1972.550 8.376 0.400 3.350 0.76
2019-05-05_00:50:18 04100 11.576 166.400 1926.246 8.392 0.400 3.357 0.76
2019-05-05_00:50:19 04101 11.576 168.800 1954.029 8.400 0.000 0.000 0.76
2019-05-05_00:50:20 04102 11.568 178.800 2068.358 8.400 0.000 0.000 0.76
2019-05-05_00:50:21 04103 11.576 166.400 1926.246 8.424 0.000 0.000 0.75
2019-05-05_00:50:22 04104 11.568 198.400 2295.091 8.312 0.000 0.000 0.75
2019-05-05_00:50:23 04105 11.584 170.000 1969.280 8.328 0.000 0.000 0.75
2019-05-05_00:50:24 04106 11.584 170.400 1973.914 8.336 0.400 3.334 0.75
2019-05-05_00:50:25 04107 11.560 186.800 2159.408 8.336 0.000 0.000 0.75
2019-05-05_00:50:26 04108 11.576 167.200 1935.507 8.360 0.000 0.000 0.76
2019-05-05_00:50:27 04109 11.560 193.600 2238.016 8.352 0.000 0.000 0.76
2019-05-05_00:50:28 04110 11.576 168.800 1954.029 8.376 0.400 3.350 0.76
2019-05-05_00:50:29 04111 11.568 178.000 2059.104 8.376 0.000 0.000 0.76
2019-05-05_00:50:30 04112 11.576 168.000 1944.768 8.400 0.000 0.000 0.76
2019-05-05_00:50:31 04113 11.576 168.000 1944.768 8.408 0.400 3.363 0.75
2019-05-05_00:50:32 04114 11.560 196.800 2275.008 8.296 0.000 0.000 0.77
2019-05-05_00:50:33 04115 11.568 168.000 1943.424 8.552 0.000 0.000 0.76
2019-05-05_00:50:34 04116 11.576 168.000 1944.768 8.408 0.000 0.000 0.75
2019-05-05_00:50:35 04117 11.584 168.800 1955.379 8.312 0.000 0.000 0.75
2019-05-05_00:50:36 04118 11.584 170.800 1978.547 8.320 0.400 3.328 0.75
2019-05-05_00:50:38 04119 11.584 160.800 1862.707 8.328 0.400 3.331 0.75
2019-05-05_00:50:39 04120 11.584 170.400 1973.914 8.336 0.000 0.000 0.75
2019-05-05_00:50:40 04121 11.576 170.400 1972.550 8.352 0.000 0.000 0.75
2019-05-05_00:50:41 04122 11.560 172.400 1992.944 8.344 0.000 0.000 0.76
2019-05-05_00:50:42 04123 11.576 170.400 1972.550 8.368 0.400 3.347 0.76
2019-05-05_00:50:43 04124 11.552 192.800 2227.226 8.376 0.000 0.000 0.76
2019-05-05_00:50:44 04125 11.576 169.200 1958.659 8.384 0.400 3.354 0.76
2019-05-05_00:50:45 04126 11.576 165.600 1916.986 8.400 0.400 3.360 0.76
2019-05-05_00:50:46 04127 11.560 198.800 2298.128 8.400 0.000 0.000 0.76
2019-05-05_00:50:47 04128 11.568 170.400 1971.187 8.424 0.000 0.000 0.75
2019-05-05_00:50:48 04129 11.568 189.600 2193.293 8.304 0.400 3.322 0.75
2019-05-05_00:50:49 04130 11.584 170.000 1969.280 8.328 0.000 0.000 0.75
2019-05-05_00:50:50 04131 11.584 168.000 1946.112 8.336 0.400 3.334 0.75
2019-05-05_00:50:51 04132 11.560 188.000 2173.280 8.336 0.000 0.000 0.75
2019-05-05_00:50:52 04133 11.576 170.400 1972.550 8.360 0.400 3.344 0.76
2019-05-05_00:50:53 04134 11.552 179.600 2074.739 8.352 0.400 3.341 0.76
2019-05-05_00:50:54 04135 11.576 168.800 1954.029 8.376 0.400 3.350 0.76
2019-05-05_00:50:55 04136 11.576 170.800 1977.181 8.392 0.400 3.357 0.76
2019-05-05_00:50:56 04137 11.552 199.600 2305.779 8.384 0.000 0.000 0.76
2019-05-05_00:50:57 04138 11.576 171.600 1986.442 8.416 0.000 0.000 0.75
2019-05-05_00:50:58 04139 11.584 170.400 1973.914 8.304 0.000 0.000 0.75
2019-05-05_00:50:59 04140 11.584 170.000 1969.280 8.320 0.000 0.000 0.75
2019-05-05_00:51:00 04141 11.584 164.400 1904.410 8.328 0.000 0.000 0.75