2019-05-04_01:42:14 00127 16.584 384.000 6368.256 8.392 -404.400 -3393.725 0.57
2019-05-04_01:42:15 00128 16.584 389.600 6461.126 8.392 -415.200 -3484.358 0.57
2019-05-04_01:42:16 00129 16.576 396.000 6564.096 8.408 -436.000 -3665.888 0.56
2019-05-04_01:42:17 00130 16.648 336.000 5593.728 8.344 -311.200 -2596.653 0.56
2019-05-04_01:42:18 00131 16.640 337.200 5611.008 8.344 -333.200 -2780.221 0.57
2019-05-04_01:42:19 00132 16.632 343.200 5708.102 8.352 -329.600 -2752.819 0.57
2019-05-04_01:42:20 00133 16.624 349.600 5811.750 8.360 -330.800 -2765.488 0.57
2019-05-04_01:42:21 00134 16.616 355.200 5902.003 8.368 -343.200 -2871.898 0.57
2019-05-04_01:42:22 00135 16.608 365.200 6065.242 8.376 -382.000 -3199.632 0.57
2019-05-04_01:42:23 00136 16.608 371.200 6164.890 8.376 -386.400 -3236.486 0.57
2019-05-04_01:42:24 00137 16.600 376.000 6241.600 8.384 -410.400 -3440.794 0.57
2019-05-04_01:42:25 00138 16.584 382.800 6348.355 8.392 -408.000 -3423.936 0.57
2019-05-04_01:42:26 00139 16.584 391.200 6487.661 8.400 -415.600 -3491.040 0.57
2019-05-04_01:42:27 00140 16.576 396.000 6564.096 8.408 -433.200 -3642.346 0.56
2019-05-04_01:42:28 00141 16.648 331.200 5513.818 8.344 -311.200 -2596.653 0.56
2019-05-04_01:42:29 00142 16.640 335.200 5577.728 8.352 -326.400 -2726.093 0.57
2019-05-04_01:42:30 00143 16.632 344.800 5734.714 8.352 -330.400 -2759.501 0.57
2019-05-04_01:42:31 00144 16.632 350.400 5827.853 8.360 -342.800 -2865.808 0.57
2019-05-04_01:42:32 00145 16.616 353.600 5875.418 8.368 -341.200 -2855.162 0.57
2019-05-04_01:42:33 00146 16.608 364.400 6051.955 8.376 -377.600 -3162.778 0.57
2019-05-04_01:42:34 00147 16.600 368.000 6108.800 8.384 -386.000 -3236.224 0.57