2019-05-04_01:53:39 00405 16.648 309.600 5154.221 8.376 -321.600 -2693.722 0.57
2019-05-04_01:53:40 00406 16.640 312.800 5204.992 8.384 -330.000 -2766.720 0.57
2019-05-04_01:53:41 00407 16.632 316.800 5269.018 8.384 -349.200 -2927.693 0.57
2019-05-04_01:53:42 00408 16.624 329.200 5472.621 8.392 -339.200 -2846.566 0.57
2019-05-04_01:53:43 00409 16.616 336.800 5596.269 8.400 -380.800 -3198.720 0.57
2019-05-04_01:53:44 00410 16.608 344.000 5713.152 8.408 -383.600 -3225.309 0.56
2019-05-04_01:53:45 00411 16.688 277.200 4625.914 8.352 -280.800 -2345.242 0.56
2019-05-04_01:53:46 00412 16.680 282.800 4717.104 8.352 -290.400 -2425.421 0.56
2019-05-04_01:53:47 00413 16.672 288.800 4814.874 8.360 -305.200 -2551.472 0.56
2019-05-04_01:53:48 00414 16.656 298.400 4970.150 8.368 -312.800 -2617.510 0.56
2019-05-04_01:53:49 00415 16.656 305.600 5090.074 8.368 -314.000 -2627.552 0.57
2019-05-04_01:53:50 00416 16.648 306.400 5100.947 8.376 -326.800 -2737.277 0.57
2019-05-04_01:53:51 00417 16.640 312.400 5198.336 8.384 -334.000 -2800.256 0.57
2019-05-04_01:53:52 00418 16.624 320.400 5326.330 8.384 -355.200 -2977.997 0.57
2019-05-04_01:53:53 00419 16.624 331.200 5505.869 8.400 -334.400 -2808.960 0.57
2019-05-04_01:53:54 00420 16.616 331.600 5509.866 8.400 -366.400 -3077.760 0.57
2019-05-04_01:53:55 00421 16.600 337.600 5604.160 8.408 -379.200 -3188.314 0.56
2019-05-04_01:53:56 00422 16.680 280.400 4677.072 8.352 -280.800 -2345.242 0.56
2019-05-04_01:53:57 00423 16.672 288.400 4808.205 8.360 -291.200 -2434.432 0.56
2019-05-04_01:53:58 00424 16.672 288.800 4814.874 8.360 -304.400 -2544.784 0.56
2019-05-04_01:53:59 00425 16.664 295.200 4919.213 8.368 -312.400 -2614.163 0.56
2019-05-04_01:54:00 00426 16.656 300.400 5003.462 8.368 -309.600 -2590.733 0.57
2019-05-04_01:54:01 00427 16.640 306.800 5105.152 8.376 -314.000 -2630.064 0.57
2019-05-04_01:54:02 00428 16.632 315.600 5249.059 8.376 -338.800 -2837.789 0.57
2019-05-04_01:54:03 00429 16.632 317.600 5282.323 8.384 -350.800 -2941.107 0.57
2019-05-04_01:54:04 00430 16.624 326.000 5419.424 8.392 -336.800 -2826.426 0.57
2019-05-04_01:54:05 00431 16.608 331.200 5500.570 8.400 -365.200 -3067.680 0.57
2019-05-04_01:54:06 00432 16.600 341.200 5663.920 8.408 -378.000 -3178.224 0.56
2019-05-04_01:54:07 00433 16.688 282.800 4719.366 8.352 -280.400 -2341.901 0.56
2019-05-04_01:54:08 00434 16.680 283.600 4730.448 8.360 -291.600 -2437.776 0.56
2019-05-04_01:54:09 00435 16.672 288.800 4814.874 8.360 -303.600 -2538.096 0.56
2019-05-04_01:54:10 00436 16.664 294.800 4912.547 8.368 -313.600 -2624.205 0.56
2019-05-04_01:54:11 00437 16.648 303.600 5054.333 8.368 -314.000 -2627.552 0.57
2019-05-04_01:54:12 00438 16.640 309.600 5151.744 8.376 -332.400 -2784.182 0.57
2019-05-04_01:54:13 00439 16.640 312.000 5191.680 8.384 -339.200 -2843.853 0.57
2019-05-04_01:54:14 00440 16.632 316.800 5269.018 8.384 -344.400 -2887.450 0.57
2019-05-04_01:54:15 00441 16.616 326.000 5416.816 -6.808 -340.400 2317.443 0.59
2019-05-04_01:54:16 00442 16.504 457.200 7545.629 8.568 -604.400 -5178.499 0.58
2019-05-04_01:54:17 00443 16.552 394.800 6534.730 8.472 -468.400 -3968.285 0.57
2019-05-04_01:54:18 00444 16.624 324.800 5399.475 8.400 -333.200 -2798.880 0.57
2019-05-04_01:54:19 00445 16.608 331.600 5507.213 8.400 -376.800 -3165.120 0.57
2019-05-04_01:54:20 00446 16.600 341.600 5670.560 8.408 -380.800 -3201.766 0.56
2019-05-04_01:54:21 00447 16.688 277.200 4625.914 8.352 -278.400 -2325.197 0.56
2019-05-04_01:54:22 00448 16.680 283.200 4723.776 8.360 -289.600 -2421.056 0.56
2019-05-04_01:54:23 00449 16.664 299.200 4985.869 8.360 -297.600 -2487.936 0.56
2019-05-04_01:54:24 00450 16.656 297.600 4956.826 8.368 -310.800 -2600.774 0.56
2019-05-04_01:54:25 00451 16.656 303.600 5056.762 8.368 -314.400 -2630.899 0.57
2019-05-04_01:54:26 00452 16.656 305.600 5090.074 8.376 -321.200 -2690.371 0.57
2019-05-04_01:54:27 00453 16.648 312.400 5200.835 8.384 -335.200 -2810.317 0.57
2019-05-04_01:54:28 00454 16.632 320.400 5328.893 8.384 -346.000 -2900.864 0.57
2019-05-04_01:54:29 00455 16.624 329.600 5479.270 8.400 -329.200 -2765.280 0.57
2019-05-04_01:54:30 00456 16.616 331.200 5503.219 8.400 -354.000 -2973.600 0.57
2019-05-04_01:54:31 00457 16.608 336.800 5593.574 8.408 -372.000 -3127.776 0.56
2019-05-04_01:54:32 00458 16.688 277.600 4632.589 8.352 -278.000 -2321.856 0.56
2019-05-04_01:54:33 00459 16.680 282.800 4717.104 8.360 -287.600 -2404.336 0.56
2019-05-04_01:54:34 00460 16.664 290.000 4832.560 8.360 -302.800 -2531.408 0.56
2019-05-04_01:54:35 00461 16.656 298.800 4976.813 8.368 -311.600 -2607.469 0.56
2019-05-04_01:54:36 00462 16.656 300.400 5003.462 8.376 -312.000 -2613.312 0.57
2019-05-04_01:54:37 00463 16.648 305.600 5087.629 8.376 -327.200 -2740.627 0.57
2019-05-04_01:54:38 00464 16.640 311.200 5178.368 8.384 -331.200 -2776.781 0.57
2019-05-04_01:54:39 00465 16.632 316.800 5269.018 8.384 -352.800 -2957.875 0.57
2019-05-04_01:54:40 00466 16.616 329.200 5469.987 8.400 -323.600 -2718.240 0.57
2019-05-04_01:54:41 00467 16.616 331.200 5503.219 8.400 -381.200 -3202.080 0.57
2019-05-04_01:54:42 00468 16.608 337.200 5600.218 8.408 -380.800 -3201.766 0.56
2019-05-04_01:54:43 00469 16.688 277.200 4625.914 8.352 -278.400 -2325.197 0.56
2019-05-04_01:54:44 00470 16.672 284.000 4734.848 8.360 -288.800 -2414.368 0.56
2019-05-04_01:54:45 00471 16.664 294.000 4899.216 8.360 -302.800 -2531.408 0.56
2019-05-04_01:54:46 00472 16.664 294.000 4899.216 8.368 -313.600 -2624.205 0.56
2019-05-04_01:54:47 00473 16.656 300.000 4996.800 8.376 -311.600 -2609.962 0.57
2019-05-04_01:54:48 00474 16.640 313.200 5211.648 8.376 -312.400 -2616.662 0.57
2019-05-04_01:54:49 00475 16.632 314.800 5235.754 8.384 -342.000 -2867.328 0.57
2019-05-04_01:54:50 00476 16.632 317.200 5275.670 8.392 -349.200 -2930.486 0.57
2019-05-04_01:54:51 00477 16.624 328.000 5452.672 8.400 -326.400 -2741.760 0.57
2019-05-04_01:54:52 00478 16.608 331.600 5507.213 8.400 -376.400 -3161.760 0.57
2019-05-04_01:54:53 00479 16.600 341.200 5663.920 8.408 -378.400 -3181.587 0.56
2019-05-04_01:54:54 00480 16.688 280.400 4679.315 8.352 -278.000 -2321.856 0.56
2019-05-04_01:54:55 00481 16.680 282.800 4717.104 8.360 -289.200 -2417.712 0.56
2019-05-04_01:54:56 00482 16.672 288.400 4808.205 8.360 -301.200 -2518.032 0.56
2019-05-04_01:54:57 00483 16.664 294.400 4905.882 8.368 -310.800 -2600.774 0.56
2019-05-04_01:54:58 00484 16.648 303.600 5054.333 8.368 -315.200 -2637.594 0.57
2019-05-04_01:54:59 00485 16.648 305.600 5087.629 8.376 -314.400 -2633.414 0.57
2019-05-04_01:55:00 00486 16.640 312.400 5198.336 8.384 -320.400 -2686.234 0.57
2019-05-04_01:55:01 00487 16.632 318.800 5302.282 8.392 -336.400 -2823.069 0.57
2019-05-04_01:55:02 00488 16.616 328.000 5450.048 8.400 -329.200 -2765.280 0.57
2019-05-04_01:55:03 00489 16.608 334.800 5560.358 8.408 -368.400 -3097.507 0.56
2019-05-04_01:55:04 00490 16.704 275.200 4596.941 8.344 -264.800 -2209.491 0.56
2019-05-04_01:55:05 00491 16.688 276.800 4619.238 8.352 -278.000 -2321.856 0.56
2019-05-04_01:55:06 00492 16.680 284.000 4737.120 8.360 -289.600 -2421.056 0.56
2019-05-04_01:55:07 00493 16.664 292.400 4872.554 8.360 -300.000 -2508.000 0.56
2019-05-04_01:55:08 00494 16.664 294.000 4899.216 8.368 -310.800 -2600.774 0.56
2019-05-04_01:55:09 00495 16.656 300.400 5003.462 8.376 -312.400 -2616.662 0.57
2019-05-04_01:55:10 00496 16.640 306.800 5105.152 8.376 -316.400 -2650.166 0.57
2019-05-04_01:55:11 00497 16.640 311.600 5185.024 8.384 -332.000 -2783.488 0.57
2019-05-04_01:55:12 00498 16.640 316.000 5258.240 8.384 -349.600 -2931.046 0.57
2019-05-04_01:55:13 00499 16.624 324.000 5386.176 8.400 -325.600 -2735.040 0.57
2019-05-04_01:55:14 00500 16.616 331.600 5509.866 8.408 -370.400 -3114.323 0.56
2019-05-04_01:55:15 00501 16.696 272.800 4554.669 8.352 -265.600 -2218.291 0.56
2019-05-04_01:55:16 00502 16.688 282.800 4719.366 8.352 -278.400 -2325.197 0.56
2019-05-04_01:55:17 00503 16.680 282.000 4703.760 8.360 -289.600 -2421.056 0.56
2019-05-04_01:55:18 00504 16.672 287.600 4794.867 8.368 -300.400 -2513.747 0.56
2019-05-04_01:55:19 00505 16.664 293.200 4885.885 8.368 -312.000 -2610.816 0.56