2019-05-05_02:50:52 00001 11.552 212.400 2453.645 3.208 0.000 0.000 0.32
2019-05-05_02:50:53 00002 11.560 200.000 2312.000 3.440 0.000 0.000 0.34
2019-05-05_02:50:54 00003 11.568 198.400 2295.091 3.672 0.400 1.469 0.36
2019-05-05_02:50:55 00004 11.576 199.200 2305.939 3.920 0.000 0.000 0.38
2019-05-05_02:50:56 00005 11.552 202.800 2342.746 4.144 0.000 0.000 0.40
2019-05-05_02:50:57 00006 11.560 200.800 2321.248 4.384 0.000 0.000 0.42
2019-05-05_02:50:58 00007 11.560 206.000 2381.360 4.608 0.000 0.000 0.44
2019-05-05_02:50:59 00008 11.552 203.200 2347.366 4.848 0.000 0.000 0.46
2019-05-05_02:51:00 00009 11.552 199.600 2305.779 5.072 0.000 0.000 0.48
2019-05-05_02:51:01 00010 11.560 210.000 2427.600 5.312 0.000 0.000 0.50
2019-05-05_02:51:02 00011 11.560 206.400 2385.984 5.536 0.000 0.000 0.52
2019-05-05_02:51:03 00012 11.568 203.600 2355.245 5.768 0.000 0.000 0.54
2019-05-05_02:51:04 00013 11.552 206.000 2379.712 5.984 0.000 0.000 0.56
2019-05-05_02:51:05 00014 11.560 208.400 2409.104 6.224 0.000 0.000 0.58
2019-05-05_02:51:06 00015 11.560 204.400 2362.864 6.448 0.000 0.000 0.60
2019-05-05_02:51:07 00016 11.560 204.000 2358.240 6.680 0.000 0.000 0.62
2019-05-05_02:51:08 00017 11.552 204.400 2361.229 6.896 0.000 0.000 0.64
2019-05-05_02:51:09 00018 11.568 202.800 2345.990 7.128 0.400 2.851 0.66
2019-05-05_02:51:10 00019 11.560 199.200 2302.752 7.344 0.000 0.000 0.68
2019-05-05_02:51:11 00020 11.552 203.600 2351.987 7.552 0.000 0.000 0.70
2019-05-05_02:51:12 00021 11.560 201.600 2330.496 7.760 0.000 0.000 0.72
2019-05-05_02:51:13 00022 11.560 203.600 2353.616 7.984 0.400 3.194 0.74
2019-05-05_02:51:14 00023 11.568 206.000 2383.008 8.192 0.000 0.000 0.76
2019-05-05_02:51:15 00024 11.552 198.800 2296.538 8.408 0.000 0.000 0.75
2019-05-05_02:51:16 00025 11.552 206.400 2384.333 8.296 0.400 3.318 0.77
2019-05-05_02:51:17 00026 11.552 198.400 2291.917 8.552 0.000 0.000 0.76
2019-05-05_02:51:18 00027 11.544 205.600 2373.446 8.408 0.400 3.363 0.75
2019-05-05_02:51:19 00028 11.568 194.400 2248.819 8.304 0.000 0.000 0.75
2019-05-05_02:51:20 00029 11.576 172.800 2000.333 8.320 0.400 3.328 0.75
2019-05-05_02:51:21 00030 11.576 167.200 1935.507 8.344 0.000 0.000 0.75
2019-05-05_02:51:22 00031 11.592 154.800 1794.442 8.360 0.000 0.000 0.75
2019-05-05_02:51:23 00032 11.576 156.800 1815.117 8.368 0.400 3.347 0.76
2019-05-05_02:51:24 00033 11.576 164.800 1907.725 8.376 0.400 3.350 0.76
2019-05-05_02:51:25 00034 11.576 166.800 1930.877 8.384 0.400 3.354 0.76
2019-05-05_02:51:26 00035 11.584 155.200 1797.837 8.392 0.400 3.357 0.76
2019-05-05_02:51:27 00036 11.576 154.800 1791.965 8.408 0.400 3.363 0.75
2019-05-05_02:51:28 00037 11.584 164.400 1904.410 8.304 0.000 0.000 0.75
2019-05-05_02:51:29 00038 11.584 166.800 1932.211 8.312 0.000 0.000 0.75
2019-05-05_02:51:30 00039 11.584 171.600 1987.814 8.312 0.000 0.000 0.75
2019-05-05_02:51:31 00040 11.592 155.200 1799.078 8.328 0.000 0.000 0.75
2019-05-05_02:51:32 00041 11.592 155.200 1799.078 8.344 0.000 0.000 0.75
2019-05-05_02:51:33 00042 11.584 155.200 1797.837 8.352 0.400 3.341 0.75
2019-05-05_02:51:34 00043 11.576 157.600 1824.378 8.368 0.000 0.000 0.76
2019-05-05_02:51:35 00044 11.576 169.600 1963.290 8.152 -15.600 -127.171 0.78
2019-05-05_02:51:36 00045 11.528 219.600 2531.549 8.216 -78.800 -647.421 0.80
2019-05-05_02:51:37 00046 11.496 296.000 3402.816 8.304 -179.200 -1488.077 0.80
2019-05-05_02:51:38 00047 11.488 292.000 3354.496 8.304 -184.800 -1534.579 0.80
2019-05-05_02:51:39 00048 11.488 296.400 3405.043 8.312 -189.600 -1575.955 0.80
2019-05-05_02:51:40 00049 11.472 301.200 3455.366 8.312 -196.000 -1629.152 0.80
2019-05-05_02:51:41 00050 11.464 312.800 3585.939 8.320 -201.600 -1677.312 0.80
2019-05-05_02:51:42 00051 11.456 318.800 3652.173 8.320 -208.400 -1733.888 0.80
2019-05-05_02:51:43 00052 11.456 324.400 3716.326 8.328 -214.800 -1788.854 0.80
2019-05-05_02:51:44 00053 11.456 318.400 3647.590 8.328 -219.200 -1825.498 0.80
2019-05-05_02:51:45 00054 11.448 322.400 3690.835 8.328 -224.400 -1868.803 0.80
2019-05-05_02:51:46 00055 11.440 336.000 3843.840 8.336 -231.600 -1930.618 0.81
2019-05-05_02:51:47 00056 11.432 342.000 3909.744 8.336 -237.600 -1980.634 0.81
2019-05-05_02:51:48 00057 11.432 336.000 3841.152 8.344 -243.200 -2029.261 0.81
2019-05-05_02:51:49 00058 11.424 340.800 3893.299 8.344 -248.000 -2069.312 0.81
2019-05-05_02:51:50 00059 11.416 355.600 4059.530 8.352 -256.400 -2141.453 0.81
2019-05-05_02:51:51 00060 11.416 360.800 4118.893 8.352 -262.000 -2188.224 0.81
2019-05-05_02:51:52 00061 11.408 355.600 4056.685 8.360 -268.000 -2240.480 0.81
2019-05-05_02:51:53 00062 11.408 360.000 4106.880 8.360 -272.800 -2280.608 0.81
2019-05-05_02:51:54 00063 11.392 373.200 4251.494 8.368 -279.200 -2336.346 0.81
2019-05-05_02:51:55 00064 11.392 379.200 4319.846 8.376 -285.600 -2392.186 0.81
2019-05-05_02:51:56 00065 11.400 384.400 4382.160 8.376 -290.800 -2435.741 0.82
2019-05-05_02:51:57 00066 11.392 378.800 4315.290 8.384 -296.000 -2481.664 0.82
2019-05-05_02:51:58 00067 11.368 421.600 4792.749 8.384 -288.800 -2421.299 0.82
2019-05-05_02:51:59 00068 11.376 399.200 4541.299 8.400 -310.400 -2607.360 0.82
2019-05-05_02:52:00 00069 11.376 404.400 4600.454 8.400 -316.400 -2657.760 0.82
2019-05-05_02:52:01 00070 11.368 409.200 4651.786 8.408 -322.000 -2707.376 0.81
2019-05-05_02:52:02 00071 11.416 352.400 4022.998 8.352 -262.000 -2188.224 0.81
2019-05-05_02:52:03 00072 11.408 357.200 4074.938 8.360 -268.400 -2243.824 0.81
2019-05-05_02:52:04 00073 11.400 369.600 4213.440 8.368 -274.000 -2292.832 0.81
2019-05-05_02:52:05 00074 11.400 375.200 4277.280 8.368 -279.200 -2336.346 0.81
2019-05-05_02:52:06 00075 11.400 372.400 4245.360 8.376 -285.200 -2388.835 0.81
2019-05-05_02:52:07 00076 11.392 375.600 4278.835 8.376 -291.200 -2439.091 0.82
2019-05-05_02:52:08 00077 11.384 382.800 4357.795 8.384 -297.200 -2491.725 0.82
2019-05-05_02:52:09 00078 11.384 394.400 4489.850 8.392 -304.400 -2554.525 0.82
2019-05-05_02:52:10 00079 11.376 399.600 4545.850 8.400 -310.000 -2604.000 0.82
2019-05-05_02:52:11 00080 11.384 395.600 4503.510 8.408 -316.400 -2660.291 0.81
2019-05-05_02:52:12 00081 11.416 351.600 4013.866 8.352 -256.800 -2144.794 0.81
2019-05-05_02:52:13 00082 11.408 359.600 4102.317 8.352 -262.400 -2191.565 0.81
2019-05-05_02:52:14 00083 11.408 366.000 4175.328 8.360 -268.000 -2240.480 0.81
2019-05-05_02:52:15 00084 11.408 361.600 4125.133 8.368 -272.000 -2276.096 0.81
2019-05-05_02:52:16 00085 11.400 366.400 4176.960 8.368 -278.800 -2332.998 0.81
2019-05-05_02:52:17 00086 11.392 378.800 4315.290 8.376 -285.600 -2392.186 0.81
2019-05-05_02:52:18 00087 11.392 385.200 4388.198 8.384 -291.200 -2441.421 0.82
2019-05-05_02:52:19 00088 11.392 380.000 4328.960 8.384 -296.800 -2488.371 0.82
2019-05-05_02:52:20 00089 11.384 386.400 4398.778 8.392 -302.400 -2537.741 0.82
2019-05-05_02:52:21 00090 11.376 391.200 4450.291 8.400 -311.200 -2614.080 0.82
2019-05-05_02:52:22 00091 11.376 404.000 4595.904 8.400 -316.800 -2661.120 0.82
2019-05-05_02:52:23 00092 11.376 409.200 4655.059 8.416 -322.400 -2713.318 0.81
2019-05-05_02:52:24 00093 11.416 352.400 4022.998 8.352 -261.600 -2184.883 0.81
2019-05-05_02:52:25 00094 11.408 357.200 4074.938 8.360 -268.000 -2240.480 0.81
2019-05-05_02:52:26 00095 11.400 364.400 4154.160 8.368 -273.600 -2289.485 0.81
2019-05-05_02:52:27 00096 11.400 374.800 4272.720 8.368 -279.600 -2339.693 0.81
2019-05-05_02:52:28 00097 11.400 378.800 4318.320 8.376 -284.800 -2385.485 0.81
2019-05-05_02:52:29 00098 11.392 383.600 4369.971 8.384 -291.200 -2441.421 0.82
2019-05-05_02:52:30 00099 11.384 392.800 4471.635 8.384 -291.600 -2444.774 0.82
2019-05-05_02:52:31 00100 11.384 388.400 4421.546 8.392 -304.800 -2557.882 0.82
2019-05-05_02:52:32 00101 11.376 398.400 4532.198 8.400 -310.400 -2607.360 0.82