2019-05-05_01:24:44 06162 11.576 168.400 1949.398 8.400 0.400 3.360 0.76
2019-05-05_01:24:45 06163 11.576 167.600 1940.138 8.408 0.000 0.000 0.75
2019-05-05_01:24:46 06164 11.584 167.600 1941.478 8.304 0.000 0.000 0.75
2019-05-05_01:24:47 06165 11.584 166.400 1927.578 8.312 0.400 3.325 0.75
2019-05-05_01:24:48 06166 11.560 198.400 2293.504 8.320 0.400 3.328 0.75
2019-05-05_01:24:49 06167 11.576 168.800 1954.029 8.336 0.400 3.334 0.75
2019-05-05_01:24:50 06168 11.576 170.400 1972.550 8.352 0.000 0.000 0.75
2019-05-05_01:24:51 06169 11.576 170.400 1972.550 8.360 0.400 3.344 0.76
2019-05-05_01:24:52 06170 11.576 167.200 1935.507 8.368 0.400 3.347 0.76
2019-05-05_01:24:53 06171 11.552 192.400 2222.605 8.384 0.400 3.354 0.76
2019-05-05_01:24:54 06172 11.576 168.800 1954.029 8.392 0.000 0.000 0.76
2019-05-05_01:24:55 06173 11.576 170.000 1967.920 8.400 0.400 3.360 0.76
2019-05-05_01:24:56 06174 11.576 169.600 1963.290 8.408 0.000 0.000 0.75
2019-05-05_01:24:57 06175 11.584 167.200 1936.845 8.304 0.000 0.000 0.75
2019-05-05_01:24:58 06176 11.560 197.600 2284.256 8.304 0.400 3.322 0.75
2019-05-05_01:24:59 06177 11.584 170.400 1973.914 8.328 0.000 0.000 0.75
2019-05-05_01:25:00 06178 11.576 167.200 1935.507 8.336 0.400 3.334 0.75
2019-05-05_01:25:01 06179 11.552 195.600 2259.571 8.344 0.400 3.338 0.75
2019-05-05_01:25:02 06180 11.576 170.400 1972.550 8.360 0.400 3.344 0.76
2019-05-05_01:25:03 06181 11.576 170.400 1972.550 8.368 0.400 3.347 0.76
2019-05-05_01:25:04 06182 11.576 170.800 1977.181 8.384 0.000 0.000 0.76
2019-05-05_01:25:05 06183 11.576 168.800 1954.029 8.392 0.400 3.357 0.76
2019-05-05_01:25:06 06184 11.576 166.800 1930.877 8.400 0.400 3.360 0.76
2019-05-05_01:25:07 06185 11.576 168.000 1944.768 8.408 0.000 0.000 0.75
2019-05-05_01:25:08 06186 11.568 192.400 2225.683 8.288 0.000 0.000 0.77
2019-05-05_01:25:09 06187 11.568 169.200 1957.306 8.552 0.000 0.000 0.76
2019-05-05_01:25:10 06188 11.568 170.400 1971.187 8.408 0.000 0.000 0.75
2019-05-05_01:25:11 06189 11.584 170.000 1969.280 8.312 0.400 3.325 0.75
2019-05-05_01:25:12 06190 11.584 169.200 1960.013 8.320 0.000 0.000 0.75
2019-05-05_01:25:13 06191 11.568 179.200 2072.986 8.312 0.000 0.000 0.75
2019-05-05_01:25:14 06192 11.576 167.200 1935.507 8.336 0.400 3.334 0.75
2019-05-05_01:25:15 06193 11.576 169.600 1963.290 8.352 0.400 3.341 0.75
2019-05-05_01:25:16 06194 11.576 170.400 1972.550 8.360 0.000 0.000 0.76
2019-05-05_01:25:17 06195 11.576 170.400 1972.550 8.368 0.000 0.000 0.76
2019-05-05_01:25:18 06196 11.560 194.800 2251.888 8.360 0.000 0.000 0.76
2019-05-05_01:25:19 06197 11.568 166.800 1929.542 8.384 0.400 3.354 0.76
2019-05-05_01:25:20 06198 11.568 169.600 1961.933 8.400 0.400 3.360 0.76
2019-05-05_01:25:21 06199 11.568 169.600 1961.933 8.408 0.000 0.000 0.75
2019-05-05_01:25:22 06200 11.584 169.600 1964.646 8.304 0.000 0.000 0.75
2019-05-05_01:25:23 06201 11.584 170.800 1978.547 8.312 0.000 0.000 0.75
2019-05-05_01:25:24 06202 11.584 170.400 1973.914 8.328 0.000 0.000 0.75
2019-05-05_01:25:25 06203 11.584 158.400 1834.906 8.336 0.400 3.334 0.75
2019-05-05_01:25:26 06204 11.576 169.200 1958.659 8.352 0.400 3.341 0.75
2019-05-05_01:25:27 06205 11.576 170.400 1972.550 8.360 0.400 3.344 0.76
2019-05-05_01:25:28 06206 11.560 196.800 2275.008 8.352 0.000 0.000 0.76
2019-05-05_01:25:29 06207 11.576 170.400 1972.550 8.376 0.400 3.350 0.76
2019-05-05_01:25:30 06208 11.552 191.600 2213.363 8.376 0.400 3.350 0.76
2019-05-05_01:25:31 06209 11.576 172.400 1995.702 8.400 0.000 0.000 0.76
2019-05-05_01:25:32 06210 11.568 170.400 1971.187 8.416 0.400 3.366 0.75
2019-05-05_01:25:33 06211 11.560 186.000 2150.160 8.288 0.000 0.000 0.77
2019-05-05_01:25:34 06212 11.568 166.400 1924.915 8.544 0.000 0.000 0.76
2019-05-05_01:25:35 06213 11.576 167.200 1935.507 8.408 0.400 3.363 0.75
2019-05-05_01:25:36 06214 11.584 170.000 1969.280 8.304 0.000 0.000 0.75
2019-05-05_01:25:37 06215 11.584 170.400 1973.914 8.312 0.000 0.000 0.75
2019-05-05_01:25:38 06216 11.560 195.600 2261.136 8.320 0.000 0.000 0.75
2019-05-05_01:25:39 06217 11.576 170.400 1972.550 8.336 0.400 3.334 0.75
2019-05-05_01:25:40 06218 11.584 166.400 1927.578 8.352 0.400 3.341 0.75
2019-05-05_01:25:41 06219 11.576 166.400 1926.246 8.360 0.400 3.344 0.76
2019-05-05_01:25:42 06220 11.576 170.000 1967.920 8.368 0.000 0.000 0.76
2019-05-05_01:25:43 06221 11.552 193.600 2236.467 8.376 0.400 3.350 0.76
2019-05-05_01:25:44 06222 11.576 170.000 1967.920 8.392 0.400 3.357 0.76
2019-05-05_01:25:45 06223 11.576 170.400 1972.550 8.400 0.400 3.360 0.76
2019-05-05_01:25:46 06224 11.576 169.200 1958.659 8.408 0.400 3.363 0.75
2019-05-05_01:25:47 06225 11.584 168.000 1946.112 8.304 0.000 0.000 0.75
2019-05-05_01:25:48 06226 11.560 196.000 2265.760 8.320 0.400 3.328 0.75
2019-05-05_01:25:49 06227 11.576 169.200 1958.659 8.328 0.400 3.331 0.75
2019-05-05_01:25:50 06228 11.576 170.000 1967.920 8.336 0.000 0.000 0.75
2019-05-05_01:25:51 06229 11.576 170.000 1967.920 8.344 0.000 0.000 0.75
2019-05-05_01:25:52 06230 11.576 167.600 1940.138 8.360 0.400 3.344 0.76
2019-05-05_01:25:53 06231 11.552 193.600 2236.467 8.360 0.000 0.000 0.76
2019-05-05_01:25:54 06232 11.576 170.400 1972.550 8.384 0.400 3.354 0.76
2019-05-05_01:25:55 06233 11.576 166.000 1921.616 8.384 0.400 3.354 0.76
2019-05-05_01:25:56 06234 11.576 169.200 1958.659 8.400 0.000 0.000 0.76
2019-05-05_01:25:57 06235 11.576 166.400 1926.246 8.408 0.000 0.000 0.75
2019-05-05_01:25:58 06236 11.584 168.800 1955.379 8.304 0.000 0.000 0.75
2019-05-05_01:25:59 06237 11.584 170.400 1973.914 8.312 0.400 3.325 0.75
2019-05-05_01:26:00 06238 11.592 160.400 1859.357 8.320 0.400 3.328 0.75
2019-05-05_01:26:01 06239 11.584 167.600 1941.478 8.336 0.000 0.000 0.75
2019-05-05_01:26:02 06240 11.576 164.800 1907.725 8.352 0.400 3.341 0.75
2019-05-05_01:26:03 06241 11.584 170.000 1969.280 8.368 0.400 3.347 0.76
2019-05-05_01:26:04 06242 11.584 168.400 1950.746 8.368 0.400 3.347 0.76
2019-05-05_01:26:05 06243 11.584 163.600 1895.142 8.376 0.400 3.350 0.76
2019-05-05_01:26:06 06244 11.576 170.400 1972.550 8.400 0.000 0.000 0.76
2019-05-05_01:26:07 06245 11.576 169.600 1963.290 8.400 0.000 0.000 0.76
2019-05-05_01:26:08 06246 11.560 175.600 2029.936 8.392 0.000 0.000 0.76
2019-05-05_01:26:09 06247 11.568 170.400 1971.187 8.424 0.000 0.000 0.75
2019-05-05_01:26:10 06248 11.576 166.400 1926.246 8.312 0.000 0.000 0.75
2019-05-05_01:26:11 06249 11.584 169.600 1964.646 8.328 0.400 3.331 0.75
2019-05-05_01:26:12 06250 11.576 167.600 1940.138 8.336 0.400 3.334 0.75
2019-05-05_01:26:13 06251 11.560 198.800 2298.128 8.328 0.000 0.000 0.75
2019-05-05_01:26:14 06252 11.576 170.000 1967.920 8.360 0.400 3.344 0.76
2019-05-05_01:26:15 06253 11.576 170.400 1972.550 8.368 0.000 0.000 0.76
2019-05-05_01:26:16 06254 11.576 167.200 1935.507 8.376 0.000 0.000 0.76
2019-05-05_01:26:17 06255 11.576 170.000 1967.920 8.392 0.400 3.357 0.76
2019-05-05_01:26:18 06256 11.552 197.200 2278.054 8.392 0.000 0.000 0.76
2019-05-05_01:26:19 06257 11.568 170.400 1971.187 8.416 0.400 3.366 0.75
2019-05-05_01:26:20 06258 11.584 170.000 1969.280 8.304 0.000 0.000 0.75
2019-05-05_01:26:21 06259 11.584 167.600 1941.478 8.312 0.000 0.000 0.75
2019-05-05_01:26:22 06260 11.576 166.800 1930.877 8.320 0.400 3.328 0.75
2019-05-05_01:26:23 06261 11.576 170.000 1967.920 8.344 0.400 3.338 0.75
2019-05-05_01:26:24 06262 11.576 170.400 1972.550 8.352 0.400 3.341 0.75