2019-05-05_00:39:12 03435 11.568 175.600 2031.341 8.352 0.400 3.341 0.75
2019-05-05_00:39:13 03436 11.592 153.200 1775.894 8.368 0.400 3.347 0.76
2019-05-05_00:39:14 03437 11.592 153.200 1775.894 8.376 0.400 3.350 0.76
2019-05-05_00:39:15 03438 11.576 170.000 1967.920 8.384 0.000 0.000 0.76
2019-05-05_00:39:16 03439 11.576 162.400 1879.942 8.400 0.400 3.360 0.76
2019-05-05_00:39:17 03440 11.576 168.800 1954.029 8.400 0.000 0.000 0.76
2019-05-05_00:39:18 03441 11.568 170.800 1975.814 8.416 0.000 0.000 0.75
2019-05-05_00:39:19 03442 11.592 160.000 1854.720 8.320 0.000 0.000 0.75
2019-05-05_00:39:20 03443 11.584 169.200 1960.013 8.320 0.000 0.000 0.75
2019-05-05_00:39:21 03444 11.576 171.200 1981.811 8.328 0.400 3.331 0.75
2019-05-05_00:39:22 03445 11.568 173.600 2008.205 8.344 0.400 3.338 0.75
2019-05-05_00:39:23 03446 11.584 162.000 1876.608 8.360 0.400 3.344 0.75
2019-05-05_00:39:24 03447 11.576 168.000 1944.768 8.360 0.400 3.344 0.76
2019-05-05_00:39:25 03448 11.576 169.200 1958.659 8.368 0.400 3.347 0.76
2019-05-05_00:39:26 03449 11.592 153.200 1775.894 8.392 0.400 3.357 0.76
2019-05-05_00:39:27 03450 11.576 169.600 1963.290 8.384 0.400 3.354 0.76
2019-05-05_00:39:28 03451 11.576 154.400 1787.334 8.408 0.400 3.363 0.75
2019-05-05_00:39:29 03452 11.584 168.800 1955.379 8.296 0.000 0.000 0.77
2019-05-05_00:39:30 03453 11.576 163.200 1889.203 8.536 0.000 0.000 0.76
2019-05-05_00:39:31 03454 11.576 157.200 1819.747 8.408 0.400 3.363 0.75
2019-05-05_00:39:32 03455 11.592 161.200 1868.630 8.304 0.400 3.322 0.75
2019-05-05_00:39:33 03456 11.592 154.000 1785.168 8.320 0.000 0.000 0.75
2019-05-05_00:39:34 03457 11.592 162.800 1887.178 8.328 0.400 3.331 0.75
2019-05-05_00:39:35 03458 11.592 154.400 1789.805 8.336 0.000 0.000 0.75
2019-05-05_00:39:36 03459 11.592 154.800 1794.442 8.344 0.000 0.000 0.75
2019-05-05_00:39:37 03460 11.560 173.200 2002.192 8.352 0.400 3.341 0.75
2019-05-05_00:39:38 03461 11.584 154.400 1788.570 8.368 0.400 3.347 0.76
2019-05-05_00:39:39 03462 11.592 153.600 1780.531 8.376 0.400 3.350 0.76
2019-05-05_00:39:40 03463 11.576 169.200 1958.659 8.384 0.400 3.354 0.76
2019-05-05_00:39:41 03464 11.576 153.600 1778.074 8.400 0.400 3.360 0.76
2019-05-05_00:39:42 03465 11.576 182.400 2111.462 8.400 0.000 0.000 0.76
2019-05-05_00:39:43 03466 11.576 160.000 1852.160 8.424 0.000 0.000 0.75
2019-05-05_00:39:44 03467 11.592 153.600 1780.531 8.320 0.000 0.000 0.75
2019-05-05_00:39:45 03468 11.584 169.200 1960.013 8.320 0.000 0.000 0.75
2019-05-05_00:39:46 03469 11.592 153.200 1775.894 8.336 0.000 0.000 0.75
2019-05-05_00:39:47 03470 11.584 181.200 2099.021 8.344 0.000 0.000 0.75
2019-05-05_00:39:48 03471 11.584 160.800 1862.707 8.360 0.400 3.344 0.75
2019-05-05_00:39:49 03472 11.592 153.600 1780.531 8.368 0.400 3.347 0.76
2019-05-05_00:39:50 03473 11.584 162.800 1885.875 8.376 0.400 3.350 0.76
2019-05-05_00:39:51 03474 11.592 163.200 1891.814 8.392 0.000 0.000 0.76
2019-05-05_00:39:52 03475 11.584 153.200 1774.669 8.400 0.400 3.360 0.76
2019-05-05_00:39:53 03476 11.584 153.200 1774.669 8.408 0.000 0.000 0.75
2019-05-05_00:39:54 03477 11.600 153.600 1781.760 8.312 0.000 0.000 0.75
2019-05-05_00:39:55 03478 11.592 153.200 1775.894 8.320 0.000 0.000 0.75
2019-05-05_00:39:56 03479 11.592 162.400 1882.541 8.328 0.400 3.331 0.75
2019-05-05_00:39:57 03480 11.584 183.600 2126.822 8.328 0.000 0.000 0.75
2019-05-05_00:39:58 03481 11.592 153.200 1775.894 8.352 0.400 3.341 0.75
2019-05-05_00:39:59 03482 11.592 153.200 1775.894 8.360 0.400 3.344 0.75
2019-05-05_00:40:00 03483 11.584 153.600 1779.302 8.368 0.400 3.347 0.76
2019-05-05_00:40:01 03484 11.584 160.800 1862.707 8.376 0.400 3.350 0.76
2019-05-05_00:40:02 03485 11.576 170.000 1967.920 8.384 0.400 3.354 0.76
2019-05-05_00:40:03 03486 11.584 153.200 1774.669 8.400 0.000 0.000 0.76
2019-05-05_00:40:04 03487 11.576 158.800 1838.269 8.408 0.000 0.000 0.75
2019-05-05_00:40:05 03488 11.600 153.200 1777.120 8.304 0.000 0.000 0.75
2019-05-05_00:40:06 03489 11.600 153.600 1781.760 8.320 0.000 0.000 0.75
2019-05-05_00:40:07 03490 11.576 169.200 1958.659 8.320 0.400 3.328 0.75
2019-05-05_00:40:08 03491 11.592 153.600 1780.531 8.336 0.000 0.000 0.75
2019-05-05_00:40:09 03492 11.584 158.800 1839.539 8.352 0.400 3.341 0.75
2019-05-05_00:40:10 03493 11.584 157.200 1821.005 8.352 0.000 0.000 0.75
2019-05-05_00:40:11 03494 11.584 161.600 1871.974 8.368 0.400 3.347 0.76
2019-05-05_00:40:12 03495 11.584 153.200 1774.669 8.376 0.400 3.350 0.76
2019-05-05_00:40:13 03496 11.584 154.800 1793.203 8.392 0.400 3.357 0.76
2019-05-05_00:40:14 03497 11.576 156.000 1805.856 8.400 0.000 0.000 0.76
2019-05-05_00:40:15 03498 11.584 162.800 1885.875 8.408 0.000 0.000 0.75
2019-05-05_00:40:16 03499 11.600 153.200 1777.120 8.304 0.400 3.322 0.75
2019-05-05_00:40:17 03500 11.584 169.200 1960.013 8.304 0.000 0.000 0.75
2019-05-05_00:40:18 03501 11.584 158.800 1839.539 8.328 0.000 0.000 0.75
2019-05-05_00:40:19 03502 11.592 154.400 1789.805 8.336 0.400 3.334 0.75
2019-05-05_00:40:20 03503 11.592 155.200 1799.078 8.352 0.400 3.341 0.75
2019-05-05_00:40:21 03504 11.592 153.200 1775.894 8.360 0.400 3.344 0.75
2019-05-05_00:40:22 03505 11.576 169.200 1958.659 8.360 0.000 0.000 0.76
2019-05-05_00:40:23 03506 11.592 153.200 1775.894 8.376 0.000 0.000 0.76
2019-05-05_00:40:24 03507 11.584 153.200 1774.669 8.392 0.400 3.357 0.76
2019-05-05_00:40:25 03508 11.576 158.000 1829.008 8.400 0.400 3.360 0.76
2019-05-05_00:40:26 03509 11.576 158.800 1838.269 8.408 0.400 3.363 0.75
2019-05-05_00:40:27 03510 11.584 169.200 1960.013 8.304 0.000 0.000 0.75
2019-05-05_00:40:28 03511 11.584 156.000 1807.104 8.320 0.000 0.000 0.75
2019-05-05_00:40:29 03512 11.584 169.600 1964.646 8.320 0.000 0.000 0.75
2019-05-05_00:40:30 03513 11.592 153.600 1780.531 8.336 0.400 3.334 0.75
2019-05-05_00:40:31 03514 11.592 153.200 1775.894 8.344 0.000 0.000 0.75
2019-05-05_00:40:32 03515 11.584 159.200 1844.173 8.360 0.000 0.000 0.75
2019-05-05_00:40:33 03516 11.592 162.400 1882.541 8.368 0.400 3.347 0.76
2019-05-05_00:40:34 03517 11.592 153.200 1775.894 8.376 0.400 3.350 0.76
2019-05-05_00:40:35 03518 11.584 153.200 1774.669 8.392 0.000 0.000 0.76
2019-05-05_00:40:36 03519 11.576 155.600 1801.226 8.400 0.000 0.000 0.76
2019-05-05_00:40:37 03520 11.584 162.400 1881.242 8.408 0.400 3.363 0.75
2019-05-05_00:40:38 03521 11.600 153.200 1777.120 8.304 0.000 0.000 0.75
2019-05-05_00:40:39 03522 11.592 153.200 1775.894 8.320 0.000 0.000 0.75
2019-05-05_00:40:41 03523 11.592 153.200 1775.894 8.328 0.000 0.000 0.75
2019-05-05_00:40:42 03524 11.592 153.200 1775.894 8.336 0.000 0.000 0.75
2019-05-05_00:40:43 03525 11.568 172.400 1994.323 8.344 0.400 3.338 0.75
2019-05-05_00:40:44 03526 11.592 162.800 1887.178 8.360 0.000 0.000 0.75
2019-05-05_00:40:45 03527 11.584 159.200 1844.173 8.368 0.000 0.000 0.76
2019-05-05_00:40:46 03528 11.592 153.200 1775.894 8.376 0.000 0.000 0.76
2019-05-05_00:40:47 03529 11.592 153.200 1775.894 8.392 0.400 3.357 0.76
2019-05-05_00:40:48 03530 11.568 169.200 1957.306 8.392 0.000 0.000 0.76
2019-05-05_00:40:49 03531 11.576 162.400 1879.942 8.408 0.400 3.363 0.75
2019-05-05_00:40:50 03532 11.600 153.200 1777.120 8.304 0.400 3.322 0.75
2019-05-05_00:40:51 03533 11.592 153.200 1775.894 8.320 0.000 0.000 0.75
2019-05-05_00:40:52 03534 11.584 158.800 1839.539 8.328 0.000 0.000 0.75
2019-05-05_00:40:53 03535 11.584 169.600 1964.646 8.328 0.400 3.331 0.75