2019-05-05_00:07:10 01516 11.576 170.400 1972.550 8.352 0.000 0.000 0.75
2019-05-05_00:07:11 01517 11.576 168.800 1954.029 8.360 0.000 0.000 0.76
2019-05-05_00:07:12 01518 11.552 192.800 2227.226 8.368 0.400 3.347 0.76
2019-05-05_00:07:13 01519 11.576 169.200 1958.659 8.384 0.000 0.000 0.76
2019-05-05_00:07:14 01520 11.552 198.000 2287.296 8.376 0.000 0.000 0.76
2019-05-05_00:07:15 01521 11.576 170.000 1967.920 8.400 0.000 0.000 0.76
2019-05-05_00:07:16 01522 11.576 169.600 1963.290 8.416 0.000 0.000 0.75
2019-05-05_00:07:17 01523 11.568 174.800 2022.086 8.296 0.000 0.000 0.77
2019-05-05_00:07:18 01524 11.568 170.000 1966.560 8.544 0.000 0.000 0.76
2019-05-05_00:07:19 01525 11.552 198.400 2291.917 8.400 0.000 0.000 0.76
2019-05-05_00:07:20 01526 11.568 170.000 1966.560 8.424 0.000 0.000 0.75
2019-05-05_00:07:21 01527 11.584 165.600 1918.310 8.320 0.000 0.000 0.75
2019-05-05_00:07:22 01528 11.584 170.400 1973.914 8.328 0.000 0.000 0.75
2019-05-05_00:07:23 01529 11.576 169.600 1963.290 8.344 0.000 0.000 0.75
2019-05-05_00:07:24 01530 11.560 195.200 2256.512 8.344 0.000 0.000 0.75
2019-05-05_00:07:25 01531 11.576 171.600 1986.442 8.360 0.000 0.000 0.76
2019-05-05_00:07:26 01532 11.576 169.200 1958.659 8.368 0.400 3.347 0.76
2019-05-05_00:07:27 01533 11.552 197.200 2278.054 8.376 0.000 0.000 0.76
2019-05-05_00:07:28 01534 11.576 169.600 1963.290 8.392 0.400 3.357 0.76
2019-05-05_00:07:29 01535 11.576 183.200 2120.723 8.384 0.000 0.000 0.76
2019-05-05_00:07:30 01536 11.576 170.000 1967.920 8.408 0.000 0.000 0.75
2019-05-05_00:07:31 01537 11.584 165.600 1918.310 8.312 0.000 0.000 0.75
2019-05-05_00:07:32 01538 11.560 194.000 2242.640 8.304 0.000 0.000 0.75
2019-05-05_00:07:33 01539 11.584 169.200 1960.013 8.328 0.000 0.000 0.75
2019-05-05_00:07:34 01540 11.560 198.400 2293.504 8.336 0.400 3.334 0.75
2019-05-05_00:07:35 01541 11.576 170.400 1972.550 8.352 0.400 3.341 0.75
2019-05-05_00:07:36 01542 11.576 170.000 1967.920 8.360 0.000 0.000 0.76
2019-05-05_00:07:37 01543 11.576 168.800 1954.029 8.376 0.400 3.350 0.76
2019-05-05_00:07:38 01544 11.576 168.000 1944.768 8.376 0.400 3.350 0.76
2019-05-05_00:07:39 01545 11.576 170.000 1967.920 8.392 0.400 3.357 0.76
2019-05-05_00:07:40 01546 11.576 169.600 1963.290 8.400 0.000 0.000 0.76
2019-05-05_00:07:41 01547 11.576 166.400 1926.246 8.408 0.400 3.363 0.75
2019-05-05_00:07:42 01548 11.560 191.600 2214.896 8.296 0.000 0.000 0.77
2019-05-05_00:07:43 01549 11.568 166.800 1929.542 8.544 0.000 0.000 0.76
2019-05-05_00:07:44 01550 11.560 196.400 2270.384 8.400 0.400 3.360 0.76
2019-05-05_00:07:45 01551 11.576 169.600 1963.290 8.424 0.400 3.370 0.75
2019-05-05_00:07:46 01552 11.584 165.600 1918.310 8.320 0.000 0.000 0.75
2019-05-05_00:07:47 01553 11.560 191.200 2210.272 8.320 0.400 3.328 0.75
2019-05-05_00:07:48 01554 11.576 169.200 1958.659 8.344 0.400 3.338 0.75
2019-05-05_00:07:49 01555 11.560 197.600 2284.256 8.336 0.000 0.000 0.75
2019-05-05_00:07:50 01556 11.576 168.800 1954.029 8.360 0.400 3.344 0.76
2019-05-05_00:07:51 01557 11.576 168.800 1954.029 8.376 0.400 3.350 0.76
2019-05-05_00:07:52 01558 11.560 179.600 2076.176 8.368 0.400 3.347 0.76
2019-05-05_00:07:53 01559 11.576 168.400 1949.398 8.392 0.400 3.357 0.76
2019-05-05_00:07:54 01560 11.552 194.400 2245.709 8.392 0.000 0.000 0.76
2019-05-05_00:07:55 01561 11.576 170.000 1967.920 8.416 0.000 0.000 0.75
2019-05-05_00:07:56 01562 11.584 169.600 1964.646 8.312 0.000 0.000 0.75
2019-05-05_00:07:57 01563 11.560 198.000 2288.880 8.312 0.000 0.000 0.75
2019-05-05_00:07:58 01564 11.584 170.000 1969.280 8.328 0.400 3.331 0.75
2019-05-05_00:07:59 01565 11.560 192.000 2219.520 8.328 0.000 0.000 0.75
2019-05-05_00:08:00 01566 11.576 168.800 1954.029 8.352 0.000 0.000 0.75
2019-05-05_00:08:01 01567 11.576 169.200 1958.659 8.360 0.000 0.000 0.76
2019-05-05_00:08:02 01568 11.576 170.400 1972.550 8.368 0.000 0.000 0.76
2019-05-05_00:08:03 01569 11.576 170.000 1967.920 8.376 0.000 0.000 0.76
2019-05-05_00:08:04 01570 11.552 194.400 2245.709 8.376 0.400 3.350 0.76
2019-05-05_00:08:05 01571 11.568 166.800 1929.542 8.400 0.400 3.360 0.76
2019-05-05_00:08:06 01572 11.568 166.400 1924.915 8.408 0.000 0.000 0.75
2019-05-05_00:08:07 01573 11.560 193.200 2233.392 8.312 0.000 0.000 0.75
2019-05-05_00:08:08 01574 11.584 168.800 1955.379 8.320 0.000 0.000 0.75
2019-05-05_00:08:09 01575 11.568 198.800 2299.718 8.320 0.400 3.328 0.75
2019-05-05_00:08:10 01576 11.576 170.000 1967.920 8.344 0.400 3.338 0.75
2019-05-05_00:08:11 01577 11.576 169.200 1958.659 8.352 0.400 3.341 0.75
2019-05-05_00:08:12 01578 11.576 176.400 2042.006 8.344 0.400 3.338 0.76
2019-05-05_00:08:13 01579 11.576 170.000 1967.920 8.368 0.000 0.000 0.76
2019-05-05_00:08:14 01580 11.552 190.800 2204.122 8.368 0.400 3.347 0.76
2019-05-05_00:08:15 01581 11.576 169.600 1963.290 8.392 0.400 3.357 0.76
2019-05-05_00:08:16 01582 11.568 168.400 1948.051 8.408 0.400 3.363 0.75
2019-05-05_00:08:17 01583 11.576 189.600 2194.810 8.288 0.000 0.000 0.77
2019-05-05_00:08:18 01584 11.568 170.000 1966.560 8.528 0.000 0.000 0.76
2019-05-05_00:08:19 01585 11.568 166.800 1929.542 8.400 0.400 3.360 0.76
2019-05-05_00:08:20 01586 11.576 170.000 1967.920 8.408 0.000 0.000 0.75
2019-05-05_00:08:21 01587 11.584 167.200 1936.845 8.312 0.000 0.000 0.75
2019-05-05_00:08:23 01588 11.584 170.000 1969.280 8.320 0.400 3.328 0.75
2019-05-05_00:08:24 01589 11.584 170.400 1973.914 8.328 0.000 0.000 0.75
2019-05-05_00:08:25 01590 11.576 192.800 2231.853 8.328 0.400 3.331 0.75
2019-05-05_00:08:26 01591 11.576 170.000 1967.920 8.352 0.400 3.341 0.75
2019-05-05_00:08:27 01592 11.576 170.400 1972.550 8.360 0.400 3.344 0.76
2019-05-05_00:08:28 01593 11.576 168.000 1944.768 8.376 0.000 0.000 0.76
2019-05-05_00:08:29 01594 11.576 166.800 1930.877 8.384 0.400 3.354 0.76
2019-05-05_00:08:30 01595 11.552 195.200 2254.950 8.376 0.400 3.350 0.76
2019-05-05_00:08:31 01596 11.576 169.200 1958.659 8.400 0.400 3.360 0.76
2019-05-05_00:08:32 01597 11.568 169.600 1961.933 8.416 0.400 3.366 0.75
2019-05-05_00:08:33 01598 11.584 170.800 1978.547 8.312 0.400 3.325 0.75
2019-05-05_00:08:34 01599 11.584 170.400 1973.914 8.320 0.000 0.000 0.75
2019-05-05_00:08:35 01600 11.568 193.600 2239.565 8.312 0.000 0.000 0.75
2019-05-05_00:08:36 01601 11.576 166.400 1926.246 8.344 0.400 3.338 0.75
2019-05-05_00:08:37 01602 11.576 168.400 1949.398 8.352 0.000 0.000 0.75
2019-05-05_00:08:38 01603 11.560 197.200 2279.632 8.352 0.000 0.000 0.76
2019-05-05_00:08:39 01604 11.576 170.400 1972.550 8.368 0.400 3.347 0.76
2019-05-05_00:08:40 01605 11.552 194.000 2241.088 8.360 0.400 3.344 0.76
2019-05-05_00:08:41 01606 11.576 169.600 1963.290 8.392 0.400 3.357 0.76
2019-05-05_00:08:42 01607 11.568 170.400 1971.187 8.400 0.400 3.360 0.76
2019-05-05_00:08:43 01608 11.552 197.600 2282.675 8.400 0.000 0.000 0.76
2019-05-05_00:08:44 01609 11.568 170.400 1971.187 8.424 0.000 0.000 0.75
2019-05-05_00:08:45 01610 11.568 191.600 2216.429 8.304 0.400 3.322 0.75
2019-05-05_00:08:46 01611 11.584 169.600 1964.646 8.328 0.000 0.000 0.75
2019-05-05_00:08:47 01612 11.584 170.000 1969.280 8.344 0.000 0.000 0.75
2019-05-05_00:08:48 01613 11.584 167.200 1936.845 8.352 0.400 3.341 0.75
2019-05-05_00:08:49 01614 11.576 169.200 1958.659 8.360 0.400 3.344 0.76
2019-05-05_00:08:50 01615 11.560 193.600 2238.016 8.352 0.400 3.341 0.76
2019-05-05_00:08:51 01616 11.576 170.400 1972.550 8.384 0.000 0.000 0.76