2019-05-05_21:57:53 01617 2.240 -0.800 -1.792 7.936 192.000 1523.712 0.00
2019-05-05_21:57:54 01618 2.240 -0.800 -1.792 7.936 221.200 1755.443 0.00
2019-05-05_21:57:55 01619 2.240 -0.800 -1.792 7.936 192.400 1526.886 0.00
2019-05-05_21:57:56 01620 2.240 -0.800 -1.792 7.936 193.200 1533.235 0.00
2019-05-05_21:57:57 01621 2.240 -0.800 -1.792 7.936 193.200 1533.235 0.00
2019-05-05_21:57:58 01622 2.240 -0.800 -1.792 7.936 199.200 1580.851 0.00
2019-05-05_21:57:59 01623 2.240 -0.800 -1.792 7.936 192.400 1526.886 0.00
2019-05-05_21:58:00 01624 2.240 -0.800 -1.792 7.936 192.400 1526.886 0.00
2019-05-05_21:58:01 01625 2.240 -0.800 -1.792 7.936 192.800 1530.061 0.00
2019-05-05_21:58:02 01626 2.240 -0.800 -1.792 7.936 193.600 1536.410 0.00
2019-05-05_21:58:03 01627 2.240 -0.800 -1.792 7.936 197.200 1564.979 0.00
2019-05-05_21:58:04 01628 2.240 -0.800 -1.792 7.928 192.800 1528.518 0.00
2019-05-05_21:58:05 01629 2.240 -0.800 -1.792 7.936 192.400 1526.886 0.00
2019-05-05_21:58:06 01630 2.240 -0.800 -1.792 7.936 192.000 1523.712 0.00
2019-05-05_21:58:07 01631 2.240 -0.800 -1.792 7.936 192.000 1523.712 0.00
2019-05-05_21:58:08 01632 2.240 -0.800 -1.792 7.936 193.200 1533.235 0.00
2019-05-05_21:58:09 01633 2.240 -0.400 -0.896 7.936 192.400 1526.886 0.00
2019-05-05_21:58:10 01634 2.240 -0.800 -1.792 7.936 192.400 1526.886 0.00
2019-05-05_21:58:11 01635 2.240 -0.800 -1.792 7.936 192.400 1526.886 0.00
2019-05-05_21:58:12 01636 2.240 -0.800 -1.792 7.920 192.400 1523.808 0.00
2019-05-05_21:58:13 01637 2.240 -0.800 -1.792 7.936 192.400 1526.886 0.00
2019-05-05_21:58:14 01638 2.240 -0.800 -1.792 7.936 192.400 1526.886 0.00
2019-05-05_21:58:15 01639 2.240 -0.800 -1.792 7.928 192.000 1522.176 0.00
2019-05-05_21:58:16 01640 2.240 -0.800 -1.792 7.936 192.400 1526.886 0.00
2019-05-05_21:58:17 01641 2.240 -0.800 -1.792 7.936 192.000 1523.712 0.00
2019-05-05_21:58:18 01642 2.240 -0.800 -1.792 7.936 191.600 1520.538 0.00
2019-05-05_21:58:19 01643 2.240 -0.800 -1.792 7.936 192.400 1526.886 0.00
2019-05-05_21:58:20 01644 2.240 -0.800 -1.792 7.936 192.000 1523.712 0.00
2019-05-05_21:58:21 01645 2.240 -0.800 -1.792 7.936 192.800 1530.061 0.00
2019-05-05_21:58:22 01646 2.240 -0.800 -1.792 7.936 192.400 1526.886 0.00
2019-05-05_21:58:23 01647 2.240 -0.800 -1.792 7.936 192.400 1526.886 0.00
2019-05-05_21:58:24 01648 2.240 -0.800 -1.792 7.920 192.800 1526.976 0.00
2019-05-05_21:58:25 01649 2.240 -0.800 -1.792 7.936 192.400 1526.886 0.00
2019-05-05_21:58:26 01650 2.240 -0.800 -1.792 7.936 192.000 1523.712 0.00
2019-05-05_21:58:27 01651 2.240 -0.800 -1.792 7.912 216.800 1715.322 0.00
2019-05-05_21:58:28 01652 2.240 -0.800 -1.792 7.936 192.000 1523.712 0.00
2019-05-05_21:58:29 01653 2.240 -0.800 -1.792 7.936 192.000 1523.712 0.00
2019-05-05_21:58:30 01654 2.240 -0.800 -1.792 7.928 192.400 1525.347 0.00
2019-05-05_21:58:31 01655 2.240 -0.800 -1.792 7.928 192.400 1525.347 0.00
2019-05-05_21:58:32 01656 2.240 -0.800 -1.792 7.936 193.200 1533.235 0.00
2019-05-05_21:58:33 01657 2.240 -0.800 -1.792 7.936 192.400 1526.886 0.00
2019-05-05_21:58:34 01658 2.240 -0.800 -1.792 7.928 192.400 1525.347 0.00
2019-05-05_21:58:35 01659 2.240 -0.800 -1.792 7.936 192.400 1526.886 0.00
2019-05-05_21:58:36 01660 2.240 -0.800 -1.792 7.936 192.400 1526.886 0.00
2019-05-05_21:58:37 01661 2.240 -0.800 -1.792 7.928 192.400 1525.347 0.00
2019-05-05_21:58:38 01662 2.240 -0.800 -1.792 7.936 192.000 1523.712 0.00
2019-05-05_21:58:39 01663 2.240 -0.800 -1.792 7.936 192.400 1526.886 0.00
2019-05-05_21:58:40 01664 2.240 -0.800 -1.792 7.936 193.200 1533.235 0.00
2019-05-05_21:58:41 01665 2.240 -0.800 -1.792 7.928 192.400 1525.347 0.00
2019-05-05_21:58:42 01666 2.240 -0.800 -1.792 7.928 192.400 1525.347 0.00
2019-05-05_21:58:43 01667 2.240 -0.800 -1.792 7.936 192.000 1523.712 0.00
2019-05-05_21:58:44 01668 2.240 -0.400 -0.896 7.928 192.400 1525.347 0.00
2019-05-05_21:58:45 01669 2.240 -0.800 -1.792 7.936 192.400 1526.886 0.00
2019-05-05_21:58:46 01670 2.240 -0.800 -1.792 7.936 192.400 1526.886 0.00
2019-05-05_21:58:47 01671 2.240 -0.800 -1.792 7.936 192.400 1526.886 0.00
2019-05-05_21:58:48 01672 2.240 -0.800 -1.792 7.920 192.800 1526.976 0.00
2019-05-05_21:58:49 01673 2.240 -0.800 -1.792 7.936 191.600 1520.538 0.00
2019-05-05_21:58:50 01674 2.240 -0.800 -1.792 7.936 192.400 1526.886 0.00
2019-05-05_21:58:51 01675 2.240 -0.800 -1.792 7.936 201.600 1599.898 0.00
2019-05-05_21:58:52 01676 2.240 -0.800 -1.792 7.936 192.000 1523.712 0.00
2019-05-05_21:58:53 01677 2.240 -0.800 -1.792 7.928 192.000 1522.176 0.00
2019-05-05_21:58:54 01678 2.240 -0.800 -1.792 7.928 192.400 1525.347 0.00
2019-05-05_21:58:55 01679 2.240 -0.800 -1.792 7.936 192.400 1526.886 0.00
2019-05-05_21:58:56 01680 2.240 -0.800 -1.792 7.936 192.800 1530.061 0.00
2019-05-05_21:58:57 01681 2.240 -0.800 -1.792 7.936 192.400 1526.886 0.00
2019-05-05_21:58:58 01682 2.240 -0.800 -1.792 7.920 192.000 1520.640 0.00
2019-05-05_21:58:59 01683 2.240 -0.800 -1.792 7.936 204.800 1625.293 0.00
2019-05-05_21:59:00 01684 2.240 -0.400 -0.896 7.936 192.400 1526.886 0.00
2019-05-05_21:59:01 01685 2.240 -0.800 -1.792 7.928 192.000 1522.176 0.00
2019-05-05_21:59:02 01686 2.240 -0.800 -1.792 7.928 192.800 1528.518 0.00
2019-05-05_21:59:03 01687 2.240 -0.800 -1.792 7.936 192.000 1523.712 0.00
2019-05-05_21:59:04 01688 2.240 -0.800 -1.792 7.936 193.600 1536.410 0.00
2019-05-05_21:59:05 01689 2.240 -0.800 -1.792 7.928 192.000 1522.176 0.00
2019-05-05_21:59:06 01690 2.240 -0.800 -1.792 7.928 192.000 1522.176 0.00
2019-05-05_21:59:07 01691 2.240 -0.800 -1.792 7.928 192.400 1525.347 0.00
2019-05-05_21:59:08 01692 2.240 -0.800 -1.792 7.936 192.400 1526.886 0.00
2019-05-05_21:59:09 01693 2.240 -0.800 -1.792 7.928 192.800 1528.518 0.00
2019-05-05_21:59:10 01694 2.240 -0.800 -1.792 7.920 193.200 1530.144 0.00
2019-05-05_21:59:11 01695 2.240 -0.800 -1.792 7.928 192.400 1525.347 0.00
2019-05-05_21:59:12 01696 2.240 -0.800 -1.792 7.928 193.200 1531.690 0.00
2019-05-05_21:59:13 01697 2.240 -0.800 -1.792 7.928 192.400 1525.347 0.00
2019-05-05_21:59:14 01698 2.240 -0.800 -1.792 7.928 192.400 1525.347 0.00
2019-05-05_21:59:15 01699 2.240 -0.800 -1.792 7.928 192.400 1525.347 0.00
2019-05-05_21:59:16 01700 2.240 -0.800 -1.792 7.928 192.400 1525.347 0.00
2019-05-05_21:59:17 01701 2.240 -0.800 -1.792 7.928 192.400 1525.347 0.00
2019-05-05_21:59:18 01702 2.240 -0.800 -1.792 7.928 192.000 1522.176 0.00
2019-05-05_21:59:19 01703 2.240 -0.800 -1.792 7.928 192.000 1522.176 0.00
2019-05-05_21:59:20 01704 2.240 -0.800 -1.792 7.928 192.000 1522.176 0.00
2019-05-05_21:59:21 01705 2.240 -0.800 -1.792 7.928 192.400 1525.347 0.00
2019-05-05_21:59:22 01706 2.240 -0.800 -1.792 7.928 192.400 1525.347 0.00
2019-05-05_21:59:23 01707 2.240 -0.800 -1.792 7.928 192.400 1525.347 0.00
2019-05-05_21:59:24 01708 2.240 -0.800 -1.792 7.936 192.400 1526.886 0.00
2019-05-05_21:59:25 01709 2.240 -0.800 -1.792 7.912 216.000 1708.992 0.00
2019-05-05_21:59:26 01710 2.240 -0.800 -1.792 7.928 192.000 1522.176 0.00
2019-05-05_21:59:27 01711 2.240 -0.800 -1.792 7.912 216.000 1708.992 0.00
2019-05-05_21:59:28 01712 2.240 -0.800 -1.792 7.928 192.000 1522.176 0.00
2019-05-05_21:59:29 01713 2.240 -0.400 -0.896 7.928 192.000 1522.176 0.00
2019-05-05_21:59:30 01714 2.240 -0.800 -1.792 7.928 192.800 1528.518 0.00
2019-05-05_21:59:31 01715 2.240 -0.400 -0.896 7.928 194.000 1538.032 0.00
2019-05-05_21:59:32 01716 2.240 -0.800 -1.792 7.928 192.400 1525.347 0.00
2019-05-05_21:59:33 01717 2.240 -0.800 -1.792 7.928 192.000 1522.176 0.00