2019-05-05_23:41:36 00102 11.392 369.200 4205.926 8.360 -259.600 -2170.256 0.81
2019-05-05_23:41:37 00103 11.392 368.000 4192.256 8.368 -272.800 -2282.790 0.81
2019-05-05_23:41:38 00104 11.400 372.400 4245.360 8.368 -278.400 -2329.651 0.81
2019-05-05_23:41:39 00105 11.392 368.400 4196.813 8.376 -282.400 -2365.382 0.81
2019-05-05_23:41:40 00106 11.384 378.000 4303.152 8.376 -290.400 -2432.390 0.82
2019-05-05_23:41:41 00107 11.376 386.000 4391.136 8.384 -296.400 -2485.018 0.82
2019-05-05_23:41:42 00108 11.376 396.400 4509.446 8.392 -298.800 -2507.530 0.82
2019-05-05_23:41:43 00109 11.360 420.000 4771.200 8.392 -294.000 -2467.248 0.82
2019-05-05_23:41:44 00110 11.352 427.200 4849.574 8.400 -298.800 -2509.920 0.82
2019-05-05_23:41:45 00111 11.352 430.400 4885.901 8.400 -305.600 -2567.040 0.82
2019-05-05_23:41:46 00112 11.344 435.600 4941.446 8.408 -313.200 -2633.386 0.81
2019-05-05_23:41:47 00113 11.392 386.800 4406.426 8.360 -249.600 -2086.656 0.81
2019-05-05_23:41:48 00114 11.384 391.200 4453.421 8.360 -256.800 -2146.848 0.81
2019-05-05_23:41:49 00115 11.376 392.000 4459.392 8.368 -264.000 -2209.152 0.81
2019-05-05_23:41:50 00116 11.376 398.000 4527.648 8.376 -267.600 -2241.418 0.81
2019-05-05_23:41:51 00117 11.368 408.000 4638.144 8.376 -274.400 -2298.374 0.82
2019-05-05_23:41:52 00118 11.360 408.000 4634.880 8.384 -279.600 -2344.166 0.82
2019-05-05_23:41:53 00119 11.360 415.200 4716.672 8.392 -290.400 -2437.037 0.82
2019-05-05_23:41:54 00120 11.360 422.000 4793.920 8.392 -294.800 -2473.962 0.82
2019-05-05_23:41:55 00121 11.352 420.000 4767.840 8.400 -300.400 -2523.360 0.82
2019-05-05_23:41:56 00122 11.352 432.400 4908.605 8.408 -304.800 -2562.758 0.81
2019-05-05_23:41:57 00123 11.392 379.600 4324.403 8.352 -243.200 -2031.206 0.81
2019-05-05_23:41:58 00124 11.384 387.600 4412.438 8.360 -250.400 -2093.344 0.81
2019-05-05_23:41:59 00125 11.384 390.800 4448.867 8.360 -255.200 -2133.472 0.81
2019-05-05_23:42:00 00126 11.376 395.200 4495.795 8.368 -264.400 -2212.499 0.81
2019-05-05_23:42:01 00127 11.376 401.200 4564.051 8.368 -267.600 -2239.277 0.81
2019-05-05_23:42:02 00128 11.368 407.200 4629.050 8.376 -274.000 -2295.024 0.82
2019-05-05_23:42:03 00129 11.368 411.200 4674.522 8.384 -278.800 -2337.459 0.82
2019-05-05_23:42:04 00130 11.360 416.400 4730.304 8.392 -286.800 -2406.826 0.82
2019-05-05_23:42:05 00131 11.360 415.600 4721.216 8.400 -296.000 -2486.400 0.82
2019-05-05_23:42:06 00132 11.352 423.600 4808.707 8.400 -305.200 -2563.680 0.82
2019-05-05_23:42:07 00133 11.352 432.400 4908.605 8.400 -305.200 -2563.680 0.82
2019-05-05_23:42:08 00134 11.344 438.000 4968.672 8.408 -313.200 -2633.386 0.81
2019-05-05_23:42:09 00135 11.392 378.400 4310.733 8.360 -250.400 -2093.344 0.81
2019-05-05_23:42:10 00136 11.384 391.600 4457.974 8.360 -256.000 -2140.160 0.81
2019-05-05_23:42:11 00137 11.376 393.200 4473.043 8.368 -264.800 -2215.846 0.81
2019-05-05_23:42:12 00138 11.376 392.400 4463.942 8.376 -270.400 -2264.870 0.81
2019-05-05_23:42:13 00139 11.368 406.000 4615.408 8.376 -274.800 -2301.725 0.82
2019-05-05_23:42:14 00140 11.368 402.400 4574.483 8.384 -279.200 -2340.813 0.82
2019-05-05_23:42:15 00141 11.360 418.800 4757.568 8.392 -287.600 -2413.539 0.82
2019-05-05_23:42:16 00142 11.360 421.200 4784.832 8.392 -293.200 -2460.534 0.82
2019-05-05_23:42:17 00143 11.352 426.400 4840.493 8.400 -300.000 -2520.000 0.82
2019-05-05_23:42:18 00144 11.352 423.600 4808.707 8.408 -311.600 -2619.933 0.81
2019-05-05_23:42:19 00145 11.392 383.200 4365.414 8.360 -244.800 -2046.528 0.81
2019-05-05_23:42:20 00146 11.384 383.600 4366.902 8.360 -252.800 -2113.408 0.81
2019-05-05_23:42:21 00147 11.384 385.200 4385.117 8.360 -256.000 -2140.160 0.81
2019-05-05_23:42:22 00148 11.376 395.600 4500.346 8.368 -264.400 -2212.499 0.81
2019-05-05_23:42:23 00149 11.376 398.400 4532.198 8.368 -268.000 -2242.624 0.81
2019-05-05_23:42:24 00150 11.376 397.200 4518.547 8.376 -273.600 -2291.674 0.82
2019-05-05_23:42:25 00151 11.368 410.400 4665.427 8.384 -280.400 -2350.874 0.82
2019-05-05_23:42:26 00152 11.360 414.800 4712.128 8.392 -286.800 -2406.826 0.82
2019-05-05_23:42:27 00153 11.360 414.000 4703.040 8.392 -293.200 -2460.534 0.82
2019-05-05_23:42:28 00154 11.360 419.600 4766.656 8.400 -299.200 -2513.280 0.82
2019-05-05_23:42:29 00155 11.352 425.600 4831.411 8.408 -307.600 -2586.301 0.81
2019-05-05_23:42:30 00156 11.400 378.000 4309.200 8.352 -243.600 -2034.547 0.81
2019-05-05_23:42:31 00157 11.384 384.800 4380.563 8.360 -254.000 -2123.440 0.81
2019-05-05_23:42:32 00158 11.384 390.400 4444.314 8.360 -257.200 -2150.192 0.81
2019-05-05_23:42:33 00159 11.376 396.000 4504.896 8.368 -261.200 -2185.722 0.81
2019-05-05_23:42:34 00160 11.376 400.000 4550.400 8.376 -266.400 -2231.366 0.81
2019-05-05_23:42:35 00161 11.376 402.000 4573.152 8.376 -275.200 -2305.075 0.82
2019-05-05_23:42:36 00162 11.368 412.400 4688.163 8.384 -278.000 -2330.752 0.82
2019-05-05_23:42:37 00163 11.360 405.600 4607.616 8.392 -286.800 -2406.826 0.82
2019-05-05_23:42:38 00164 11.360 414.000 4703.040 8.392 -293.600 -2463.891 0.82
2019-05-05_23:42:39 00165 11.360 420.800 4780.288 8.400 -299.200 -2513.280 0.82
2019-05-05_23:42:40 00166 11.352 426.400 4840.493 8.408 -307.200 -2582.938 0.81
2019-05-05_23:42:41 00167 11.392 383.600 4369.971 8.360 -244.000 -2039.840 0.81
2019-05-05_23:42:42 00168 11.392 366.000 4169.472 8.360 -259.200 -2166.912 0.81
2019-05-05_23:42:43 00169 11.384 384.400 4376.010 8.368 -255.200 -2135.514 0.81
2019-05-05_23:42:44 00170 11.384 395.600 4503.510 8.368 -262.800 -2199.110 0.81
2019-05-05_23:42:45 00171 11.376 401.600 4568.602 8.368 -267.200 -2235.930 0.81
2019-05-05_23:42:46 00172 11.376 401.200 4564.051 8.376 -272.400 -2281.622 0.82
2019-05-05_23:42:47 00173 11.368 409.200 4651.786 8.384 -279.200 -2340.813 0.82
2019-05-05_23:42:48 00174 11.360 418.400 4753.024 8.384 -285.200 -2391.117 0.82
2019-05-05_23:42:49 00175 11.360 420.000 4771.200 8.400 -294.800 -2476.320 0.82
2019-05-05_23:42:50 00176 11.360 422.400 4798.464 8.400 -299.200 -2513.280 0.82
2019-05-05_23:42:51 00177 11.352 431.200 4894.982 8.408 -304.800 -2562.758 0.81
2019-05-05_23:42:52 00178 11.392 380.800 4338.074 8.360 -246.800 -2063.248 0.81
2019-05-05_23:42:53 00179 11.392 386.800 4406.426 8.360 -252.400 -2110.064 0.81
2019-05-05_23:42:54 00180 11.384 386.400 4398.778 8.368 -258.400 -2162.291 0.81
2019-05-05_23:42:55 00181 11.384 392.400 4467.082 8.368 -261.200 -2185.722 0.81
2019-05-05_23:42:56 00182 11.376 387.600 4409.338 8.376 -266.800 -2234.717 0.81
2019-05-05_23:42:57 00183 11.376 399.600 4545.850 8.376 -273.200 -2288.323 0.82
2019-05-05_23:42:58 00184 11.368 405.200 4606.314 8.384 -282.800 -2370.995 0.82
2019-05-05_23:42:59 00185 11.368 406.800 4624.502 8.392 -290.400 -2437.037 0.82
2019-05-05_23:43:00 00186 11.360 418.400 4753.024 8.392 -292.400 -2453.821 0.82
2019-05-05_23:43:01 00187 11.360 421.600 4789.376 8.400 -298.400 -2506.560 0.82
2019-05-05_23:43:02 00188 11.352 421.200 4781.462 8.408 -307.600 -2586.301 0.81
2019-05-05_23:43:03 00189 11.392 381.200 4342.630 8.360 -243.600 -2036.496 0.81
2019-05-05_23:43:04 00190 11.392 386.000 4397.312 8.360 -252.400 -2110.064 0.81
2019-05-05_23:43:05 00191 11.384 388.400 4421.546 8.368 -258.800 -2165.638 0.81
2019-05-05_23:43:06 00192 11.384 386.000 4394.224 8.376 -266.000 -2228.016 0.81
2019-05-05_23:43:07 00193 11.376 394.400 4486.694 8.376 -271.600 -2274.922 0.81
2019-05-05_23:43:08 00194 11.376 402.800 4582.253 8.376 -272.400 -2281.622 0.82
2019-05-05_23:43:09 00195 11.368 409.200 4651.786 8.384 -284.000 -2381.056 0.82
2019-05-05_23:43:10 00196 11.360 414.800 4712.128 8.392 -285.600 -2396.755 0.82
2019-05-05_23:43:11 00197 11.360 421.200 4784.832 8.392 -293.600 -2463.891 0.82
2019-05-05_23:43:12 00198 11.352 425.200 4826.870 8.400 -299.600 -2516.640 0.82
2019-05-05_23:43:13 00199 11.352 431.200 4894.982 8.408 -304.400 -2559.395 0.81
2019-05-05_23:43:14 00200 11.400 368.800 4204.320 8.360 -242.800 -2029.808 0.81
2019-05-05_23:43:15 00201 11.392 384.000 4374.528 8.360 -248.400 -2076.624 0.81
2019-05-05_23:43:16 00202 11.384 392.800 4471.635 8.368 -253.600 -2122.125 0.81