2019-05-05_02:30:31 00607 11.560 198.000 2288.880 8.320 0.400 3.328 0.75
2019-05-05_02:30:32 00608 11.560 191.600 2214.896 8.336 0.000 0.000 0.75
2019-05-05_02:30:33 00609 11.560 188.800 2182.528 8.344 0.000 0.000 0.76
2019-05-05_02:30:34 00610 11.560 198.000 2288.880 8.352 0.400 3.341 0.76
2019-05-05_02:30:35 00611 11.560 197.600 2284.256 8.368 0.400 3.347 0.76
2019-05-05_02:30:36 00612 11.560 200.000 2312.000 8.376 0.000 0.000 0.76
2019-05-05_02:30:37 00613 11.560 192.000 2219.520 8.392 0.400 3.357 0.76
2019-05-05_02:30:38 00614 11.552 197.200 2278.054 8.400 0.000 0.000 0.76
2019-05-05_02:30:39 00615 11.544 202.800 2341.123 8.416 0.000 0.000 0.75
2019-05-05_02:30:40 00616 11.568 190.400 2202.547 8.304 0.000 0.000 0.75
2019-05-05_02:30:41 00617 11.568 179.200 2072.986 8.312 0.400 3.325 0.75
2019-05-05_02:30:42 00618 11.560 186.400 2154.784 8.328 0.400 3.331 0.75
2019-05-05_02:30:43 00619 11.560 194.800 2251.888 8.336 0.400 3.334 0.75
2019-05-05_02:30:44 00620 11.568 189.200 2188.666 8.344 0.400 3.338 0.76
2019-05-05_02:30:45 00621 11.568 191.200 2211.802 8.360 0.400 3.344 0.76
2019-05-05_02:30:46 00622 11.560 186.000 2150.160 8.368 0.400 3.347 0.76
2019-05-05_02:30:47 00623 11.560 193.600 2238.016 8.376 0.000 0.000 0.76
2019-05-05_02:30:48 00624 11.552 188.400 2176.397 8.392 0.000 0.000 0.76
2019-05-05_02:30:49 00625 11.560 198.400 2293.504 8.400 0.000 0.000 0.76
2019-05-05_02:30:50 00626 11.552 194.000 2241.088 8.416 0.000 0.000 0.75
2019-05-05_02:30:51 00627 11.568 188.400 2179.411 8.304 0.000 0.000 0.75
2019-05-05_02:30:52 00628 11.560 193.600 2238.016 8.312 0.400 3.325 0.75
2019-05-05_02:30:53 00629 11.560 196.400 2270.384 8.328 0.400 3.331 0.75
2019-05-05_02:30:54 00630 11.560 197.600 2284.256 8.328 0.000 0.000 0.75
2019-05-05_02:30:55 00631 11.560 195.600 2261.136 8.344 0.000 0.000 0.76
2019-05-05_02:30:56 00632 11.552 200.000 2310.400 8.352 0.000 0.000 0.76
2019-05-05_02:30:57 00633 11.560 196.000 2265.760 8.368 0.400 3.347 0.76
2019-05-05_02:30:58 00634 11.560 195.600 2261.136 8.376 0.400 3.350 0.76
2019-05-05_02:30:59 00635 11.552 196.400 2268.813 8.392 0.400 3.357 0.76
2019-05-05_02:31:00 00636 11.560 184.800 2136.288 8.400 0.400 3.360 0.76
2019-05-05_02:31:01 00637 11.552 185.600 2144.051 8.416 0.000 0.000 0.75
2019-05-05_02:31:02 00638 11.576 187.200 2167.027 8.304 0.400 3.322 0.75
2019-05-05_02:31:03 00639 11.584 169.600 1964.646 8.328 0.400 3.331 0.75
2019-05-05_02:31:04 00640 11.584 171.600 1987.814 8.320 0.400 3.328 0.75
2019-05-05_02:31:05 00641 11.568 195.200 2258.074 8.336 0.400 3.334 0.75
2019-05-05_02:31:06 00642 11.568 196.400 2271.955 8.344 0.400 3.338 0.76
2019-05-05_02:31:07 00643 11.576 173.200 2004.963 8.352 0.000 0.000 0.76
2019-05-05_02:31:08 00644 11.552 194.400 2245.709 8.360 0.400 3.344 0.76
2019-05-05_02:31:09 00645 11.552 194.800 2250.330 8.376 0.000 0.000 0.76
2019-05-05_02:31:10 00646 11.552 190.000 2194.880 8.392 0.000 0.000 0.76
2019-05-05_02:31:11 00647 11.552 195.600 2259.571 8.400 0.400 3.360 0.76
2019-05-05_02:31:12 00648 11.552 196.000 2264.192 8.416 0.000 0.000 0.75
2019-05-05_02:31:13 00649 11.568 197.200 2281.210 8.296 0.000 0.000 0.77
2019-05-05_02:31:14 00650 11.552 195.600 2259.571 8.560 0.000 0.000 0.76
2019-05-05_02:31:15 00651 11.552 195.200 2254.950 8.416 0.000 0.000 0.75
2019-05-05_02:31:16 00652 11.576 196.400 2273.526 8.296 0.000 0.000 0.77
2019-05-05_02:31:17 00653 11.560 185.200 2140.912 8.568 0.000 0.000 0.76
2019-05-05_02:31:18 00654 11.552 195.600 2259.571 8.416 0.000 0.000 0.75
2019-05-05_02:31:19 00655 11.560 194.000 2242.640 8.304 0.400 3.322 0.75
2019-05-05_02:31:20 00656 11.568 187.600 2170.157 8.312 0.000 0.000 0.75
2019-05-05_02:31:21 00657 11.560 192.400 2224.144 8.328 0.400 3.331 0.75
2019-05-05_02:31:22 00658 11.568 193.600 2239.565 8.336 0.400 3.334 0.75
2019-05-05_02:31:23 00659 11.568 194.000 2244.192 8.344 0.400 3.338 0.76
2019-05-05_02:31:24 00660 11.560 196.400 2270.384 8.352 0.000 0.000 0.76
2019-05-05_02:31:25 00661 11.560 200.000 2312.000 8.368 0.000 0.000 0.76
2019-05-05_02:31:26 00662 11.560 194.000 2242.640 8.376 0.000 0.000 0.76
2019-05-05_02:31:27 00663 11.568 195.600 2262.701 8.384 0.400 3.354 0.76
2019-05-05_02:31:28 00664 11.552 194.400 2245.709 8.400 0.000 0.000 0.76
2019-05-05_02:31:29 00665 11.560 190.800 2205.648 8.416 0.000 0.000 0.75
2019-05-05_02:31:30 00666 11.560 200.400 2316.624 8.296 0.400 3.318 0.77
2019-05-05_02:31:31 00667 11.552 197.600 2282.675 8.560 0.000 0.000 0.76
2019-05-05_02:31:32 00668 11.560 182.800 2113.168 8.416 0.000 0.000 0.75
2019-05-05_02:31:33 00669 11.568 192.000 2221.056 8.304 0.400 3.322 0.75
2019-05-05_02:31:34 00670 11.568 187.200 2165.530 8.312 0.000 0.000 0.75
2019-05-05_02:31:35 00671 11.560 199.600 2307.376 8.328 0.000 0.000 0.75
2019-05-05_02:31:36 00672 11.560 192.400 2224.144 8.336 0.000 0.000 0.75
2019-05-05_02:31:37 00673 11.560 196.800 2275.008 8.344 0.400 3.338 0.76
2019-05-05_02:31:38 00674 11.552 197.600 2282.675 8.352 0.400 3.341 0.76
2019-05-05_02:31:39 00675 11.560 198.400 2293.504 8.368 0.000 0.000 0.76
2019-05-05_02:31:40 00676 11.552 196.800 2273.434 8.376 0.000 0.000 0.76
2019-05-05_02:31:41 00677 11.552 200.000 2310.400 8.384 0.000 0.000 0.76
2019-05-05_02:31:42 00678 11.552 202.000 2333.504 8.400 0.000 0.000 0.76
2019-05-05_02:31:43 00679 11.552 194.400 2245.709 8.408 0.000 0.000 0.75
2019-05-05_02:31:44 00680 11.560 203.200 2348.992 8.304 0.000 0.000 0.75
2019-05-05_02:31:45 00681 11.560 198.000 2288.880 8.312 0.400 3.325 0.75
2019-05-05_02:31:46 00682 11.568 186.400 2156.275 8.328 0.400 3.331 0.75
2019-05-05_02:31:47 00683 11.560 197.200 2279.632 8.336 0.400 3.334 0.75
2019-05-05_02:31:48 00684 11.560 200.000 2312.000 8.352 0.000 0.000 0.76
2019-05-05_02:31:49 00685 11.568 196.400 2271.955 8.352 0.400 3.341 0.76
2019-05-05_02:31:50 00686 11.552 200.000 2310.400 8.360 0.400 3.344 0.76
2019-05-05_02:31:51 00687 11.560 200.400 2316.624 8.376 0.000 0.000 0.76
2019-05-05_02:31:52 00688 11.552 199.600 2305.779 8.384 0.000 0.000 0.76
2019-05-05_02:31:53 00689 11.552 199.200 2301.158 8.400 0.000 0.000 0.76
2019-05-05_02:31:54 00690 11.568 198.000 2290.464 8.416 0.000 0.000 0.75
2019-05-05_02:31:55 00691 11.576 181.600 2102.202 8.312 0.400 3.325 0.75
2019-05-05_02:31:56 00692 11.552 204.000 2356.608 8.312 0.400 3.325 0.75
2019-05-05_02:31:57 00693 11.560 192.400 2224.144 8.320 0.400 3.328 0.75
2019-05-05_02:31:58 00694 11.576 182.000 2106.832 8.352 0.400 3.341 0.75
2019-05-05_02:31:59 00695 11.592 154.800 1794.442 8.368 0.400 3.347 0.76
2019-05-05_02:32:00 00696 11.592 153.600 1780.531 8.376 0.400 3.350 0.76
2019-05-05_02:32:01 00697 11.576 153.600 1778.074 8.384 0.400 3.354 0.76
2019-05-05_02:32:02 00698 11.576 163.600 1893.834 8.400 0.000 0.000 0.76
2019-05-05_02:32:03 00699 11.584 153.600 1779.302 8.408 0.400 3.363 0.75
2019-05-05_02:32:04 00700 11.600 154.000 1786.400 8.304 0.000 0.000 0.75
2019-05-05_02:32:05 00701 11.584 158.400 1834.906 8.312 0.400 3.325 0.75
2019-05-05_02:32:06 00702 11.592 163.200 1891.814 8.320 0.000 0.000 0.75
2019-05-05_02:32:07 00703 11.592 154.000 1785.168 8.328 0.400 3.331 0.75
2019-05-05_02:32:08 00704 11.592 153.200 1775.894 8.344 0.400 3.338 0.75
2019-05-05_02:32:09 00705 11.584 156.000 1807.104 8.360 0.000 0.000 0.75
2019-05-05_02:32:10 00706 11.592 153.600 1780.531 8.368 0.400 3.347 0.76
2019-05-05_02:32:11 00707 11.592 153.200 1775.894 8.368 0.400 3.347 0.76