2019-05-05_00:45:57 03839 11.584 154.000 1783.936 8.392 0.400 3.357 0.76
2019-05-05_00:45:58 03840 11.584 153.600 1779.302 8.400 0.400 3.360 0.76
2019-05-05_00:45:59 03841 11.576 161.200 1866.051 8.408 0.000 0.000 0.75
2019-05-05_00:46:00 03842 11.584 169.200 1960.013 8.296 0.000 0.000 0.77
2019-05-05_00:46:01 03843 11.584 153.200 1774.669 8.544 0.000 0.000 0.76
2019-05-05_00:46:02 03844 11.576 153.600 1778.074 8.408 0.000 0.000 0.75
2019-05-05_00:46:03 03845 11.600 163.200 1893.120 8.304 0.000 0.000 0.75
2019-05-05_00:46:04 03846 11.600 153.200 1777.120 8.312 0.000 0.000 0.75
2019-05-05_00:46:05 03847 11.584 170.000 1969.280 8.320 0.000 0.000 0.75
2019-05-05_00:46:06 03848 11.584 157.600 1825.638 8.336 0.400 3.334 0.75
2019-05-05_00:46:07 03849 11.592 153.600 1780.531 8.352 0.400 3.341 0.75
2019-05-05_00:46:08 03850 11.592 153.600 1780.531 8.360 0.400 3.344 0.75
2019-05-05_00:46:09 03851 11.584 153.600 1779.302 8.368 0.400 3.347 0.76
2019-05-05_00:46:10 03852 11.576 182.400 2111.462 8.368 0.000 0.000 0.76
2019-05-05_00:46:11 03853 11.584 153.600 1779.302 8.392 0.400 3.357 0.76
2019-05-05_00:46:12 03854 11.584 153.200 1774.669 8.400 0.000 0.000 0.76
2019-05-05_00:46:13 03855 11.576 153.600 1778.074 8.408 0.400 3.363 0.75
2019-05-05_00:46:14 03856 11.592 162.400 1882.541 8.312 0.000 0.000 0.75
2019-05-05_00:46:15 03857 11.584 169.200 1960.013 8.304 0.400 3.322 0.75
2019-05-05_00:46:16 03858 11.592 153.600 1780.531 8.328 0.000 0.000 0.75
2019-05-05_00:46:17 03859 11.584 157.600 1825.638 8.336 0.000 0.000 0.75
2019-05-05_00:46:18 03860 11.592 153.600 1780.531 8.352 0.000 0.000 0.75
2019-05-05_00:46:19 03861 11.592 153.200 1775.894 8.360 0.000 0.000 0.75
2019-05-05_00:46:20 03862 11.568 171.600 1985.069 8.360 0.000 0.000 0.76
2019-05-05_00:46:21 03863 11.592 154.000 1785.168 8.376 0.000 0.000 0.76
2019-05-05_00:46:22 03864 11.584 153.600 1779.302 8.392 0.400 3.357 0.76
2019-05-05_00:46:23 03865 11.584 152.800 1770.035 8.400 0.400 3.360 0.76
2019-05-05_00:46:24 03866 11.584 164.000 1899.776 8.408 0.400 3.363 0.75
2019-05-05_00:46:25 03867 11.584 169.600 1964.646 8.296 0.000 0.000 0.77
2019-05-05_00:46:26 03868 11.576 153.200 1773.443 8.544 0.000 0.000 0.76
2019-05-05_00:46:27 03869 11.576 158.800 1838.269 8.408 0.400 3.363 0.75
2019-05-05_00:46:28 03870 11.600 153.600 1781.760 8.304 0.000 0.000 0.75
2019-05-05_00:46:29 03871 11.584 170.800 1978.547 8.304 0.000 0.000 0.75
2019-05-05_00:46:30 03872 11.584 156.400 1811.738 8.328 0.400 3.331 0.75
2019-05-05_00:46:31 03873 11.592 154.400 1789.805 8.336 0.400 3.334 0.75
2019-05-05_00:46:32 03874 11.584 153.600 1779.302 8.344 0.400 3.338 0.75
2019-05-05_00:46:33 03875 11.584 164.800 1909.043 8.360 0.400 3.344 0.75
2019-05-05_00:46:34 03876 11.592 153.200 1775.894 8.368 0.400 3.347 0.76
2019-05-05_00:46:35 03877 11.584 154.400 1788.570 8.376 0.400 3.350 0.76
2019-05-05_00:46:36 03878 11.584 155.200 1797.837 8.384 0.000 0.000 0.76
2019-05-05_00:46:37 03879 11.576 163.600 1893.834 8.400 0.000 0.000 0.76
2019-05-05_00:46:38 03880 11.576 154.000 1782.704 8.408 0.000 0.000 0.75
2019-05-05_00:46:39 03881 11.592 164.000 1901.088 8.304 0.000 0.000 0.75
2019-05-05_00:46:40 03882 11.584 169.600 1964.646 8.304 0.000 0.000 0.75
2019-05-05_00:46:41 03883 11.592 153.200 1775.894 8.320 0.000 0.000 0.75
2019-05-05_00:46:42 03884 11.584 155.200 1797.837 8.336 0.400 3.334 0.75
2019-05-05_00:46:43 03885 11.584 163.200 1890.509 8.352 0.000 0.000 0.75
2019-05-05_00:46:44 03886 11.592 153.200 1775.894 8.360 0.400 3.344 0.75
2019-05-05_00:46:45 03887 11.576 168.800 1954.029 8.360 0.400 3.344 0.76
2019-05-05_00:46:46 03888 11.584 153.600 1779.302 8.376 0.400 3.350 0.76
2019-05-05_00:46:47 03889 11.576 160.800 1861.421 8.384 0.400 3.354 0.76
2019-05-05_00:46:48 03890 11.584 154.000 1783.936 8.400 0.000 0.000 0.76
2019-05-05_00:46:49 03891 11.584 153.200 1774.669 8.408 0.400 3.363 0.75
2019-05-05_00:46:50 03892 11.568 170.800 1975.814 8.296 0.000 0.000 0.77
2019-05-05_00:46:51 03893 11.584 163.600 1895.142 8.544 0.000 0.000 0.76
2019-05-05_00:46:52 03894 11.584 153.200 1774.669 8.408 0.400 3.363 0.75
2019-05-05_00:46:53 03895 11.592 153.200 1775.894 8.304 0.000 0.000 0.75
2019-05-05_00:46:54 03896 11.600 163.600 1897.760 8.312 0.000 0.000 0.75
2019-05-05_00:46:55 03897 11.592 153.200 1775.894 8.328 0.000 0.000 0.75
2019-05-05_00:46:56 03898 11.592 153.200 1775.894 8.336 0.400 3.334 0.75
2019-05-05_00:46:57 03899 11.584 161.200 1867.341 8.352 0.400 3.341 0.75
2019-05-05_00:46:58 03900 11.592 153.200 1775.894 8.360 0.400 3.344 0.75
2019-05-05_00:46:59 03901 11.592 153.200 1775.894 8.368 0.400 3.347 0.76
2019-05-05_00:47:00 03902 11.576 176.800 2046.637 8.368 0.400 3.347 0.76
2019-05-05_00:47:01 03903 11.584 153.600 1779.302 8.392 0.400 3.357 0.76
2019-05-05_00:47:02 03904 11.584 153.200 1774.669 8.400 0.400 3.360 0.76
2019-05-05_00:47:03 03905 11.584 153.200 1774.669 8.408 0.400 3.363 0.75
2019-05-05_00:47:04 03906 11.584 161.200 1867.341 8.304 0.000 0.000 0.75
2019-05-05_00:47:05 03907 11.584 169.200 1960.013 8.312 0.000 0.000 0.75
2019-05-05_00:47:06 03908 11.592 153.200 1775.894 8.328 0.000 0.000 0.75
2019-05-05_00:47:07 03909 11.584 158.000 1830.272 8.336 0.400 3.334 0.75
2019-05-05_00:47:08 03910 11.592 153.200 1775.894 8.352 0.400 3.341 0.75
2019-05-05_00:47:09 03911 11.592 153.200 1775.894 8.360 0.000 0.000 0.75
2019-05-05_00:47:10 03912 11.560 174.800 2020.688 8.360 0.400 3.344 0.76
2019-05-05_00:47:11 03913 11.592 153.200 1775.894 8.376 0.400 3.350 0.76
2019-05-05_00:47:12 03914 11.584 154.000 1783.936 8.384 0.400 3.354 0.76
2019-05-05_00:47:13 03915 11.584 153.200 1774.669 8.400 0.400 3.360 0.76
2019-05-05_00:47:14 03916 11.576 154.400 1787.334 8.408 0.000 0.000 0.75
2019-05-05_00:47:15 03917 11.592 160.400 1859.357 8.304 0.400 3.322 0.75
2019-05-05_00:47:16 03918 11.592 153.200 1775.894 8.320 0.000 0.000 0.75
2019-05-05_00:47:17 03919 11.592 153.200 1775.894 8.328 0.400 3.331 0.75
2019-05-05_00:47:18 03920 11.584 161.600 1871.974 8.336 0.400 3.334 0.75
2019-05-05_00:47:19 03921 11.592 153.200 1775.894 8.352 0.400 3.341 0.75
2019-05-05_00:47:20 03922 11.576 170.400 1972.550 8.352 0.400 3.341 0.75
2019-05-05_00:47:21 03923 11.584 156.400 1811.738 8.368 0.400 3.347 0.76
2019-05-05_00:47:22 03924 11.592 163.600 1896.451 8.376 0.400 3.350 0.76
2019-05-05_00:47:23 03925 11.592 153.600 1780.531 8.384 0.400 3.354 0.76
2019-05-05_00:47:24 03926 11.584 153.200 1774.669 8.400 0.400 3.360 0.76
2019-05-05_00:47:25 03927 11.576 170.400 1972.550 8.400 0.400 3.360 0.76
2019-05-05_00:47:26 03928 11.584 154.000 1783.936 8.424 0.400 3.370 0.75
2019-05-05_00:47:27 03929 11.600 154.000 1786.400 8.304 0.000 0.000 0.75
2019-05-05_00:47:28 03930 11.584 153.600 1779.302 8.328 0.000 0.000 0.75
2019-05-05_00:47:29 03931 11.568 202.000 2336.736 8.328 0.400 3.331 0.75
2019-05-05_00:47:30 03932 11.592 156.000 1808.352 8.344 0.000 0.000 0.75
2019-05-05_00:47:31 03933 11.584 168.800 1955.379 8.352 0.000 0.000 0.75
2019-05-05_00:47:32 03934 11.584 160.400 1858.074 8.360 0.400 3.344 0.76
2019-05-05_00:47:33 03935 11.576 168.400 1949.398 8.368 0.400 3.347 0.76
2019-05-05_00:47:34 03936 11.576 169.600 1963.290 8.376 0.400 3.350 0.76
2019-05-05_00:47:35 03937 11.560 194.800 2251.888 8.376 0.400 3.350 0.76
2019-05-05_00:47:36 03938 11.576 170.400 1972.550 8.400 0.400 3.360 0.76
2019-05-05_00:47:37 03939 11.576 166.800 1930.877 8.408 0.000 0.000 0.75