2019-05-04_23:27:48 00001 11.560 199.600 2307.376 3.224 0.000 0.000 0.32
2019-05-04_23:27:49 00002 11.560 197.600 2284.256 3.448 0.000 0.000 0.34
2019-05-04_23:27:50 00003 11.560 198.000 2288.880 3.680 0.000 0.000 0.36
2019-05-04_23:27:51 00004 11.576 201.600 2333.722 3.928 0.000 0.000 0.38
2019-05-04_23:27:52 00005 11.560 200.000 2312.000 4.152 0.000 0.000 0.40
2019-05-04_23:27:53 00006 11.568 200.400 2318.227 4.392 0.000 0.000 0.42
2019-05-04_23:27:54 00007 11.560 198.000 2288.880 4.624 0.000 0.000 0.44
2019-05-04_23:27:55 00008 11.576 194.800 2255.005 4.864 0.000 0.000 0.46
2019-05-04_23:27:56 00009 11.552 205.600 2375.091 5.080 0.000 0.000 0.48
2019-05-04_23:27:57 00010 11.560 204.400 2362.864 5.320 0.000 0.000 0.50
2019-05-04_23:27:58 00011 11.560 204.800 2367.488 5.544 0.000 0.000 0.52
2019-05-04_23:27:59 00012 11.576 198.000 2292.048 5.784 0.000 0.000 0.54
2019-05-04_23:28:00 00013 11.552 190.400 2199.501 6.000 0.000 0.000 0.56
2019-05-04_23:28:01 00014 11.568 201.600 2332.109 6.240 0.000 0.000 0.58
2019-05-04_23:28:02 00015 11.568 191.200 2211.802 6.464 0.000 0.000 0.60
2019-05-04_23:28:03 00016 11.560 203.600 2353.616 6.688 0.000 0.000 0.62
2019-05-04_23:28:04 00017 11.560 198.000 2288.880 6.904 0.000 0.000 0.64
2019-05-04_23:28:05 00018 11.568 197.600 2285.837 7.144 0.000 0.000 0.66
2019-05-04_23:28:06 00019 11.568 198.800 2299.718 7.360 0.000 0.000 0.68
2019-05-04_23:28:07 00020 11.552 196.800 2273.434 7.576 0.000 0.000 0.70
2019-05-04_23:28:08 00021 11.552 200.000 2310.400 7.784 0.000 0.000 0.72
2019-05-04_23:28:09 00022 11.576 196.400 2273.526 8.000 0.400 3.200 0.74
2019-05-04_23:28:10 00023 11.568 198.800 2299.718 8.208 0.000 0.000 0.76
2019-05-04_23:28:11 00024 11.552 195.600 2259.571 8.416 0.000 0.000 0.75
2019-05-04_23:28:12 00025 11.560 192.800 2228.768 8.312 0.000 0.000 0.75
2019-05-04_23:28:13 00026 11.552 200.000 2310.400 8.320 0.400 3.328 0.75
2019-05-04_23:28:14 00027 11.560 196.400 2270.384 8.336 0.000 0.000 0.75
2019-05-04_23:28:15 00028 11.560 193.200 2233.392 8.344 0.000 0.000 0.75
2019-05-04_23:28:16 00029 11.560 196.000 2265.760 8.360 0.000 0.000 0.76
2019-05-04_23:28:17 00030 11.560 196.800 2275.008 8.360 0.000 0.000 0.76
2019-05-04_23:28:18 00031 11.552 199.600 2305.779 8.368 0.000 0.000 0.76
2019-05-04_23:28:19 00032 11.560 192.800 2228.768 8.384 0.000 0.000 0.76
2019-05-04_23:28:20 00033 11.552 194.400 2245.709 8.392 0.000 0.000 0.76
2019-05-04_23:28:21 00034 11.560 197.200 2279.632 8.400 0.000 0.000 0.76
2019-05-04_23:28:22 00035 11.552 188.800 2181.018 8.416 0.000 0.000 0.75
2019-05-04_23:28:23 00036 11.560 199.200 2302.752 8.312 0.000 0.000 0.75
2019-05-04_23:28:24 00037 11.560 194.800 2251.888 8.328 0.000 0.000 0.75
2019-05-04_23:28:25 00038 11.568 196.000 2267.328 8.336 0.000 0.000 0.75
2019-05-04_23:28:26 00039 11.560 189.600 2191.776 8.344 0.000 0.000 0.75
2019-05-04_23:28:27 00040 11.560 196.000 2265.760 8.352 0.000 0.000 0.76
2019-05-04_23:28:28 00041 11.552 195.200 2254.950 8.368 0.000 0.000 0.76
2019-05-04_23:28:29 00042 11.576 172.800 2000.333 8.368 0.000 0.000 0.76
2019-05-04_23:28:30 00043 11.552 196.400 2268.813 8.384 0.000 0.000 0.76
2019-05-04_23:28:31 00044 11.560 196.800 2275.008 8.392 0.000 0.000 0.76
2019-05-04_23:28:32 00045 11.568 196.800 2276.582 8.408 0.000 0.000 0.75
2019-05-04_23:28:33 00046 11.568 196.400 2271.955 8.304 0.000 0.000 0.75
2019-05-04_23:28:34 00047 11.560 196.000 2265.760 8.312 0.000 0.000 0.75
2019-05-04_23:28:35 00048 11.568 184.400 2133.139 8.328 0.000 0.000 0.75
2019-05-04_23:28:36 00049 11.568 194.800 2253.446 8.336 0.000 0.000 0.75
2019-05-04_23:28:37 00050 11.560 193.200 2233.392 8.344 0.400 3.338 0.75
2019-05-04_23:28:38 00051 11.560 198.000 2288.880 8.352 0.000 0.000 0.76
2019-05-04_23:28:39 00052 11.560 195.600 2261.136 8.368 0.000 0.000 0.76
2019-05-04_23:28:40 00053 11.552 189.600 2190.259 8.376 0.000 0.000 0.76
2019-05-04_23:28:41 00054 11.560 196.400 2270.384 8.384 0.000 0.000 0.76
2019-05-04_23:28:42 00055 11.552 196.000 2264.192 8.392 0.000 0.000 0.76
2019-05-04_23:28:43 00056 11.552 194.800 2250.330 8.408 0.000 0.000 0.75
2019-05-04_23:28:44 00057 11.568 184.000 2128.512 8.304 0.400 3.322 0.75
2019-05-04_23:28:45 00058 11.560 194.400 2247.264 8.312 0.400 3.325 0.75
2019-05-04_23:28:46 00059 11.568 190.800 2207.174 8.320 0.000 0.000 0.75
2019-05-04_23:28:47 00060 11.560 190.000 2196.400 8.336 0.000 0.000 0.75
2019-05-04_23:28:48 00061 11.560 195.200 2256.512 8.344 0.000 0.000 0.75
2019-05-04_23:28:49 00062 11.560 192.400 2224.144 8.352 0.000 0.000 0.76
2019-05-04_23:28:50 00063 11.560 197.200 2279.632 8.360 0.400 3.344 0.76
2019-05-04_23:28:51 00064 11.568 192.000 2221.056 8.368 0.000 0.000 0.76
2019-05-04_23:28:52 00065 11.560 196.000 2265.760 8.384 0.000 0.000 0.76
2019-05-04_23:28:53 00066 11.560 188.400 2177.904 8.392 0.000 0.000 0.76
2019-05-04_23:28:54 00067 11.552 196.400 2268.813 8.400 0.000 0.000 0.76
2019-05-04_23:28:55 00068 11.568 182.400 2110.003 8.416 0.000 0.000 0.75
2019-05-04_23:28:56 00069 11.568 195.600 2262.701 8.312 0.000 0.000 0.75
2019-05-04_23:28:57 00070 11.568 196.800 2276.582 8.320 0.400 3.328 0.75
2019-05-04_23:28:58 00071 11.568 194.400 2248.819 8.336 0.000 0.000 0.75
2019-05-04_23:28:59 00072 11.560 188.400 2177.904 8.344 0.000 0.000 0.75
2019-05-04_23:29:00 00073 11.560 196.800 2275.008 8.352 0.000 0.000 0.76
2019-05-04_23:29:01 00074 11.560 197.200 2279.632 8.360 0.000 0.000 0.76
2019-05-04_23:29:02 00075 11.560 186.400 2154.784 8.368 0.000 0.000 0.76
2019-05-04_23:29:03 00076 11.560 196.000 2265.760 8.384 0.000 0.000 0.76
2019-05-04_23:29:04 00077 11.560 188.800 2182.528 8.392 0.000 0.000 0.76
2019-05-04_23:29:05 00078 11.552 194.800 2250.330 8.400 0.000 0.000 0.76
2019-05-04_23:29:06 00079 11.552 198.000 2287.296 8.416 0.000 0.000 0.75
2019-05-04_23:29:07 00080 11.576 192.400 2227.222 8.312 0.000 0.000 0.75
2019-05-04_23:29:08 00081 11.560 188.400 2177.904 8.320 0.000 0.000 0.75
2019-05-04_23:29:09 00082 11.560 198.400 2293.504 8.336 0.400 3.334 0.75
2019-05-04_23:29:10 00083 11.560 202.800 2344.368 8.352 0.400 3.341 0.75
2019-05-04_23:29:11 00084 11.568 189.600 2193.293 8.352 0.000 0.000 0.76
2019-05-04_23:29:12 00085 11.560 189.200 2187.152 8.360 0.000 0.000 0.76
2019-05-04_23:29:13 00086 11.560 196.000 2265.760 8.376 0.000 0.000 0.76
2019-05-04_23:29:14 00087 11.552 198.800 2296.538 8.384 0.000 0.000 0.76
2019-05-04_23:29:15 00088 11.568 192.400 2225.683 8.392 0.000 0.000 0.76
2019-05-04_23:29:16 00089 11.552 200.800 2319.642 8.400 0.000 0.000 0.76
2019-05-04_23:29:17 00090 11.560 188.000 2173.280 8.416 0.000 0.000 0.75
2019-05-04_23:29:18 00091 11.560 200.400 2316.624 8.312 0.000 0.000 0.75
2019-05-04_23:29:19 00092 11.560 185.600 2145.536 8.320 0.000 0.000 0.75
2019-05-04_23:29:20 00093 11.560 199.200 2302.752 8.336 0.000 0.000 0.75
2019-05-04_23:29:21 00094 11.560 199.200 2302.752 8.344 0.000 0.000 0.75
2019-05-04_23:29:22 00095 11.568 188.800 2184.038 8.352 0.000 0.000 0.76
2019-05-04_23:29:23 00096 11.552 206.400 2384.333 8.360 0.000 0.000 0.76
2019-05-04_23:29:24 00097 11.560 187.600 2168.656 8.368 0.000 0.000 0.76
2019-05-04_23:29:25 00098 11.560 199.600 2307.376 8.376 0.000 0.000 0.76
2019-05-04_23:29:26 00099 11.552 198.400 2291.917 8.384 0.000 0.000 0.76
2019-05-04_23:29:27 00100 11.552 200.400 2315.021 8.408 0.000 0.000 0.75
2019-05-04_23:29:28 00101 11.560 194.400 2247.264 8.296 0.000 0.000 0.77