2019-05-05_02:14:48 00449 11.552 192.400 2222.605 8.400 0.000 0.000 0.76
2019-05-05_02:14:50 00450 11.552 187.200 2162.534 8.416 0.400 3.366 0.75
2019-05-05_02:14:51 00451 11.568 196.400 2271.955 8.304 0.000 0.000 0.75
2019-05-05_02:14:52 00452 11.576 195.600 2264.266 8.312 0.400 3.325 0.75
2019-05-05_02:14:53 00453 11.560 191.200 2210.272 8.328 0.400 3.331 0.75
2019-05-05_02:14:54 00454 11.560 194.400 2247.264 8.336 0.400 3.334 0.75
2019-05-05_02:14:55 00455 11.576 192.800 2231.853 8.344 0.400 3.338 0.76
2019-05-05_02:14:56 00456 11.576 169.600 1963.290 8.368 0.400 3.347 0.76
2019-05-05_02:14:57 00457 11.560 196.400 2270.384 8.368 0.000 0.000 0.76
2019-05-05_02:14:58 00458 11.560 195.200 2256.512 8.376 0.400 3.350 0.76
2019-05-05_02:14:59 00459 11.560 187.600 2168.656 8.384 0.000 0.000 0.76
2019-05-05_02:15:00 00460 11.560 196.000 2265.760 8.400 0.000 0.000 0.76
2019-05-05_02:15:01 00461 11.552 186.400 2153.293 8.416 0.000 0.000 0.75
2019-05-05_02:15:02 00462 11.568 196.000 2267.328 8.304 0.000 0.000 0.75
2019-05-05_02:15:03 00463 11.568 192.400 2225.683 8.312 0.000 0.000 0.75
2019-05-05_02:15:04 00464 11.568 192.000 2221.056 8.320 0.400 3.328 0.75
2019-05-05_02:15:05 00465 11.568 196.800 2276.582 8.336 0.000 0.000 0.75
2019-05-05_02:15:06 00466 11.568 196.800 2276.582 8.344 0.400 3.338 0.76
2019-05-05_02:15:07 00467 11.560 196.000 2265.760 8.360 0.000 0.000 0.76
2019-05-05_02:15:08 00468 11.560 191.600 2214.896 8.368 0.400 3.347 0.76
2019-05-05_02:15:09 00469 11.560 196.400 2270.384 8.376 0.400 3.350 0.76
2019-05-05_02:15:10 00470 11.560 191.600 2214.896 8.384 0.000 0.000 0.76
2019-05-05_02:15:11 00471 11.560 194.800 2251.888 8.408 0.000 0.000 0.75
2019-05-05_02:15:12 00472 11.568 197.200 2281.210 8.296 0.000 0.000 0.77
2019-05-05_02:15:13 00473 11.552 189.600 2190.259 8.552 0.000 0.000 0.76
2019-05-05_02:15:14 00474 11.560 186.400 2154.784 8.400 0.000 0.000 0.76
2019-05-05_02:15:15 00475 11.560 194.000 2242.640 8.408 0.000 0.000 0.75
2019-05-05_02:15:16 00476 11.568 196.000 2267.328 8.304 0.000 0.000 0.75
2019-05-05_02:15:17 00477 11.560 196.000 2265.760 8.312 0.400 3.325 0.75
2019-05-05_02:15:18 00478 11.568 192.800 2230.310 8.328 0.400 3.331 0.75
2019-05-05_02:15:19 00479 11.576 195.600 2264.266 8.336 0.000 0.000 0.75
2019-05-05_02:15:20 00480 11.568 190.000 2197.920 8.352 0.400 3.341 0.76
2019-05-05_02:15:21 00481 11.560 191.200 2210.272 8.352 0.400 3.341 0.76
2019-05-05_02:15:22 00482 11.560 193.600 2238.016 8.368 0.400 3.347 0.76
2019-05-05_02:15:23 00483 11.552 189.200 2185.638 8.376 0.400 3.350 0.76
2019-05-05_02:15:24 00484 11.560 198.000 2288.880 8.384 0.400 3.354 0.76
2019-05-05_02:15:25 00485 11.560 192.000 2219.520 8.400 0.400 3.360 0.76
2019-05-05_02:15:26 00486 11.552 198.800 2296.538 8.416 0.000 0.000 0.75
2019-05-05_02:15:27 00487 11.560 197.600 2284.256 8.304 0.000 0.000 0.75
2019-05-05_02:15:28 00488 11.568 188.400 2179.411 8.312 0.000 0.000 0.75
2019-05-05_02:15:29 00489 11.560 200.400 2316.624 8.328 0.400 3.331 0.75
2019-05-05_02:15:30 00490 11.560 200.800 2321.248 8.336 0.000 0.000 0.75
2019-05-05_02:15:31 00491 11.560 196.800 2275.008 8.352 0.400 3.341 0.76
2019-05-05_02:15:32 00492 11.560 198.000 2288.880 8.360 0.000 0.000 0.76
2019-05-05_02:15:33 00493 11.560 195.200 2256.512 8.360 0.400 3.344 0.76
2019-05-05_02:15:34 00494 11.552 200.400 2315.021 8.376 0.000 0.000 0.76
2019-05-05_02:15:35 00495 11.552 198.400 2291.917 8.392 0.000 0.000 0.76
2019-05-05_02:15:36 00496 11.552 198.800 2296.538 8.400 0.000 0.000 0.76
2019-05-05_02:15:37 00497 11.552 199.200 2301.158 8.416 0.000 0.000 0.75
2019-05-05_02:15:38 00498 11.560 199.600 2307.376 8.312 0.000 0.000 0.75
2019-05-05_02:15:39 00499 11.560 200.000 2312.000 8.312 0.000 0.000 0.75
2019-05-05_02:15:40 00500 11.560 197.200 2279.632 8.328 0.000 0.000 0.75
2019-05-05_02:15:41 00501 11.560 191.200 2210.272 8.336 0.000 0.000 0.75
2019-05-05_02:15:42 00502 11.560 200.400 2316.624 8.352 0.400 3.341 0.76
2019-05-05_02:15:43 00503 11.560 189.600 2191.776 8.360 0.000 0.000 0.76
2019-05-05_02:15:44 00504 11.560 200.800 2321.248 8.368 0.400 3.347 0.76
2019-05-05_02:15:45 00505 11.552 196.800 2273.434 8.376 0.000 0.000 0.76
2019-05-05_02:15:46 00506 11.568 194.000 2244.192 8.384 0.000 0.000 0.76
2019-05-05_02:15:47 00507 11.552 200.400 2315.021 8.392 0.000 0.000 0.76
2019-05-05_02:15:48 00508 11.560 195.200 2256.512 8.408 0.000 0.000 0.75
2019-05-05_02:15:49 00509 11.560 200.400 2316.624 8.304 0.000 0.000 0.75
2019-05-05_02:15:50 00510 11.560 199.600 2307.376 8.312 0.000 0.000 0.75
2019-05-05_02:15:51 00511 11.592 153.600 1780.531 8.344 0.400 3.338 0.75
2019-05-05_02:15:52 00512 11.576 171.600 1986.442 8.344 0.000 0.000 0.75
2019-05-05_02:15:53 00513 11.592 164.400 1905.725 8.368 0.400 3.347 0.76
2019-05-05_02:15:54 00514 11.584 153.200 1774.669 8.376 0.400 3.350 0.76
2019-05-05_02:15:55 00515 11.584 153.200 1774.669 8.392 0.400 3.357 0.76
2019-05-05_02:15:56 00516 11.576 156.400 1810.486 8.400 0.400 3.360 0.76
2019-05-05_02:15:57 00517 11.576 166.400 1926.246 8.400 0.400 3.360 0.76
2019-05-05_02:15:58 00518 11.584 153.200 1774.669 8.416 0.400 3.366 0.75
2019-05-05_02:15:59 00519 11.600 153.200 1777.120 8.312 0.000 0.000 0.75
2019-05-05_02:16:00 00520 11.584 154.800 1793.203 8.328 0.000 0.000 0.75
2019-05-05_02:16:01 00521 11.584 163.200 1890.509 8.336 0.000 0.000 0.75
2019-05-05_02:16:02 00522 11.576 172.000 1991.072 8.336 0.400 3.334 0.75
2019-05-05_02:16:03 00523 11.592 154.000 1785.168 8.360 0.400 3.344 0.75
2019-05-05_02:16:04 00524 11.584 153.200 1774.669 8.368 0.400 3.347 0.76
2019-05-05_02:16:05 00525 11.576 161.200 1866.051 8.376 0.400 3.350 0.76
2019-05-05_02:16:06 00526 11.576 163.600 1893.834 8.384 0.400 3.354 0.76
2019-05-05_02:16:07 00527 11.576 172.000 1991.072 8.392 0.400 3.357 0.76
2019-05-05_02:16:08 00528 11.584 153.200 1774.669 8.408 0.400 3.363 0.75
2019-05-05_02:16:09 00529 11.592 153.600 1780.531 8.304 0.000 0.000 0.75
2019-05-05_02:16:10 00530 11.584 186.400 2159.258 8.304 0.000 0.000 0.75
2019-05-05_02:16:11 00531 11.592 153.200 1775.894 8.328 0.400 3.331 0.75
2019-05-05_02:16:12 00532 11.592 161.200 1868.630 8.328 0.400 3.331 0.75
2019-05-05_02:16:13 00533 11.592 153.200 1775.894 8.344 0.400 3.338 0.75
2019-05-05_02:16:14 00534 11.584 162.000 1876.608 8.360 0.400 3.344 0.75
2019-05-05_02:16:15 00535 11.592 153.200 1775.894 8.368 0.400 3.347 0.76
2019-05-05_02:16:16 00536 11.592 153.200 1775.894 8.376 0.400 3.350 0.76
2019-05-05_02:16:17 00537 11.584 153.600 1779.302 8.392 0.400 3.357 0.76
2019-05-05_02:16:18 00538 11.576 160.000 1852.160 8.400 0.400 3.360 0.76
2019-05-05_02:16:19 00539 11.584 164.400 1904.410 8.408 0.400 3.363 0.75
2019-05-05_02:16:20 00540 11.600 154.000 1786.400 8.304 0.000 0.000 0.75
2019-05-05_02:16:21 00541 11.592 153.200 1775.894 8.312 0.000 0.000 0.75
2019-05-05_02:16:22 00542 11.584 162.400 1881.242 8.328 0.400 3.331 0.75
2019-05-05_02:16:23 00543 11.592 153.200 1775.894 8.336 0.000 0.000 0.75
2019-05-05_02:16:24 00544 11.592 153.200 1775.894 8.344 0.400 3.338 0.75
2019-05-05_02:16:25 00545 11.592 153.200 1775.894 8.352 0.000 0.000 0.75
2019-05-05_02:16:26 00546 11.576 170.400 1972.550 8.360 0.400 3.344 0.76
2019-05-05_02:16:27 00547 11.592 153.600 1780.531 8.376 0.400 3.350 0.76
2019-05-05_02:16:28 00548 11.560 196.800 2275.008 8.360 0.400 3.344 0.76
2019-05-05_02:16:29 00549 11.552 199.600 2305.779 8.376 0.400 3.350 0.76