2019-05-05_22:09:40 02324 2.240 -0.800 -1.792 7.912 192.800 1525.434 0.00
2019-05-05_22:09:41 02325 2.240 -0.800 -1.792 7.912 193.600 1531.763 0.00
2019-05-05_22:09:42 02326 2.240 -0.800 -1.792 7.912 193.200 1528.598 0.00
2019-05-05_22:09:43 02327 2.240 -0.800 -1.792 7.912 192.800 1525.434 0.00
2019-05-05_22:09:44 02328 2.240 -0.800 -1.792 7.912 192.800 1525.434 0.00
2019-05-05_22:09:45 02329 2.240 -0.800 -1.792 7.912 193.600 1531.763 0.00
2019-05-05_22:09:46 02330 2.240 -0.800 -1.792 7.904 193.200 1527.053 0.00
2019-05-05_22:09:47 02331 2.240 -0.800 -1.792 7.912 192.800 1525.434 0.00
2019-05-05_22:09:48 02332 2.240 -0.800 -1.792 7.912 192.800 1525.434 0.00
2019-05-05_22:09:49 02333 2.240 -0.800 -1.792 7.912 194.000 1534.928 0.00
2019-05-05_22:09:50 02334 2.240 -0.800 -1.792 7.904 192.800 1523.891 0.00
2019-05-05_22:09:51 02335 2.240 -0.800 -1.792 7.912 192.400 1522.269 0.00
2019-05-05_22:09:52 02336 2.240 -0.800 -1.792 7.912 193.600 1531.763 0.00
2019-05-05_22:09:53 02337 2.240 -0.800 -1.792 7.912 192.800 1525.434 0.00
2019-05-05_22:09:54 02338 2.240 -0.800 -1.792 7.912 192.800 1525.434 0.00
2019-05-05_22:09:55 02339 2.240 -0.800 -1.792 7.912 205.600 1626.707 0.00
2019-05-05_22:09:56 02340 2.240 -0.800 -1.792 7.912 192.800 1525.434 0.00
2019-05-05_22:09:57 02341 2.240 -0.800 -1.792 7.912 192.800 1525.434 0.00
2019-05-05_22:09:58 02342 2.240 -0.800 -1.792 7.904 192.800 1523.891 0.00
2019-05-05_22:09:59 02343 2.240 -0.800 -1.792 7.912 193.600 1531.763 0.00
2019-05-05_22:10:00 02344 2.240 -0.800 -1.792 7.896 217.600 1718.170 0.00
2019-05-05_22:10:01 02345 2.240 -0.800 -1.792 7.904 193.200 1527.053 0.00
2019-05-05_22:10:02 02346 2.240 -0.800 -1.792 7.912 192.800 1525.434 0.00
2019-05-05_22:10:03 02347 2.240 -0.800 -1.792 7.912 192.800 1525.434 0.00
2019-05-05_22:10:04 02348 2.240 -0.800 -1.792 7.912 192.800 1525.434 0.00
2019-05-05_22:10:05 02349 2.240 -0.800 -1.792 7.896 192.800 1522.349 0.00
2019-05-05_22:10:06 02350 2.240 -0.800 -1.792 7.912 193.600 1531.763 0.00
2019-05-05_22:10:07 02351 2.240 -0.800 -1.792 7.912 192.800 1525.434 0.00
2019-05-05_22:10:08 02352 2.240 -0.800 -1.792 7.912 192.800 1525.434 0.00
2019-05-05_22:10:09 02353 2.240 -0.800 -1.792 7.912 193.200 1528.598 0.00
2019-05-05_22:10:10 02354 2.240 -0.800 -1.792 7.912 197.600 1563.411 0.00
2019-05-05_22:10:11 02355 2.240 -0.800 -1.792 7.912 195.200 1544.422 0.00
2019-05-05_22:10:12 02356 2.240 -0.800 -1.792 7.904 192.800 1523.891 0.00
2019-05-05_22:10:13 02357 2.240 -0.800 -1.792 7.912 193.600 1531.763 0.00
2019-05-05_22:10:14 02358 2.240 -0.800 -1.792 7.912 192.800 1525.434 0.00
2019-05-05_22:10:15 02359 2.240 -0.800 -1.792 7.904 193.200 1527.053 0.00
2019-05-05_22:10:16 02360 2.240 -0.800 -1.792 7.912 202.800 1604.554 0.00
2019-05-05_22:10:17 02361 2.240 -0.800 -1.792 7.912 193.200 1528.598 0.00
2019-05-05_22:10:18 02362 2.240 -0.800 -1.792 7.912 192.800 1525.434 0.00
2019-05-05_22:10:19 02363 2.240 -0.800 -1.792 7.904 194.000 1533.376 0.00
2019-05-05_22:10:20 02364 2.240 -0.800 -1.792 7.912 193.200 1528.598 0.00
2019-05-05_22:10:21 02365 2.240 -0.800 -1.792 7.912 192.800 1525.434 0.00
2019-05-05_22:10:22 02366 2.240 -0.800 -1.792 7.912 192.800 1525.434 0.00
2019-05-05_22:10:23 02367 2.240 -0.800 -1.792 7.896 193.200 1525.507 0.00
2019-05-05_22:10:24 02368 2.240 -0.800 -1.792 7.912 192.400 1522.269 0.00
2019-05-05_22:10:25 02369 2.240 -0.800 -1.792 7.912 192.800 1525.434 0.00
2019-05-05_22:10:26 02370 2.240 -0.800 -1.792 7.888 218.000 1719.584 0.00
2019-05-05_22:10:27 02371 2.240 -0.800 -1.792 7.912 192.800 1525.434 0.00
2019-05-05_22:10:28 02372 2.240 -0.800 -1.792 7.912 192.800 1525.434 0.00
2019-05-05_22:10:29 02373 2.240 -0.800 -1.792 7.912 193.200 1528.598 0.00
2019-05-05_22:10:30 02374 2.240 -0.800 -1.792 7.912 203.600 1610.883 0.00
2019-05-05_22:10:31 02375 2.240 -0.800 -1.792 7.912 194.000 1534.928 0.00
2019-05-05_22:10:32 02376 2.240 -0.800 -1.792 7.912 193.200 1528.598 0.00
2019-05-05_22:10:33 02377 2.240 -0.800 -1.792 7.896 193.200 1525.507 0.00
2019-05-05_22:10:34 02378 2.240 -0.400 -0.896 7.912 193.200 1528.598 0.00
2019-05-05_22:10:35 02379 2.240 -0.800 -1.792 7.904 193.200 1527.053 0.00
2019-05-05_22:10:36 02380 2.240 -0.800 -1.792 7.912 192.800 1525.434 0.00
2019-05-05_22:10:37 02381 2.240 -0.800 -1.792 7.912 203.200 1607.718 0.00
2019-05-05_22:10:38 02382 2.240 -0.800 -1.792 7.912 193.200 1528.598 0.00
2019-05-05_22:10:39 02383 2.240 -0.800 -1.792 7.904 192.800 1523.891 0.00
2019-05-05_22:10:40 02384 2.240 -0.800 -1.792 7.904 193.200 1527.053 0.00
2019-05-05_22:10:41 02385 2.240 -0.800 -1.792 7.912 193.200 1528.598 0.00
2019-05-05_22:10:42 02386 2.240 -0.800 -1.792 7.904 194.000 1533.376 0.00
2019-05-05_22:10:43 02387 2.240 -0.800 -1.792 7.912 193.200 1528.598 0.00
2019-05-05_22:10:44 02388 2.240 -0.800 -1.792 7.896 192.800 1522.349 0.00
2019-05-05_22:10:45 02389 2.240 -0.400 -0.896 7.904 192.800 1523.891 0.00
2019-05-05_22:10:46 02390 2.240 -0.800 -1.792 7.912 193.600 1531.763 0.00
2019-05-05_22:10:47 02391 2.240 -0.800 -1.792 7.904 193.200 1527.053 0.00
2019-05-05_22:10:48 02392 2.240 -0.800 -1.792 7.912 192.800 1525.434 0.00
2019-05-05_22:10:49 02393 2.240 -0.800 -1.792 7.912 192.800 1525.434 0.00
2019-05-05_22:10:50 02394 2.240 -0.800 -1.792 7.912 194.800 1541.258 0.00
2019-05-05_22:10:51 02395 2.240 -0.800 -1.792 7.904 193.200 1527.053 0.00
2019-05-05_22:10:52 02396 2.240 -0.800 -1.792 7.904 193.200 1527.053 0.00
2019-05-05_22:10:53 02397 2.240 -0.800 -1.792 7.904 193.200 1527.053 0.00
2019-05-05_22:10:54 02398 2.240 -0.800 -1.792 7.904 193.200 1527.053 0.00
2019-05-05_22:10:55 02399 2.240 -0.800 -1.792 7.904 192.400 1520.730 0.00
2019-05-05_22:10:56 02400 2.240 -0.800 -1.792 7.912 193.600 1531.763 0.00
2019-05-05_22:10:57 02401 2.240 -0.800 -1.792 7.904 192.800 1523.891 0.00
2019-05-05_22:10:58 02402 2.240 -0.800 -1.792 7.904 193.200 1527.053 0.00
2019-05-05_22:10:59 02403 2.240 -0.800 -1.792 7.904 203.200 1606.093 0.00
2019-05-05_22:11:00 02404 2.240 -0.800 -1.792 7.888 216.000 1703.808 0.00
2019-05-05_22:11:01 02405 2.240 -0.800 -1.792 7.912 193.600 1531.763 0.00
2019-05-05_22:11:02 02406 2.240 -0.800 -1.792 7.904 194.000 1533.376 0.00
2019-05-05_22:11:03 02407 2.240 -0.800 -1.792 7.896 193.200 1525.507 0.00
2019-05-05_22:11:04 02408 2.240 -0.800 -1.792 7.904 194.000 1533.376 0.00
2019-05-05_22:11:05 02409 2.240 -0.800 -1.792 7.904 193.200 1527.053 0.00
2019-05-05_22:11:06 02410 2.240 -0.800 -1.792 7.904 192.800 1523.891 0.00
2019-05-05_22:11:07 02411 2.240 -0.800 -1.792 7.896 194.000 1531.824 0.00
2019-05-05_22:11:08 02412 2.240 -0.800 -1.792 7.904 192.800 1523.891 0.00
2019-05-05_22:11:09 02413 2.240 -0.800 -1.792 7.904 193.600 1530.214 0.00
2019-05-05_22:11:10 02414 2.240 -0.800 -1.792 7.904 192.800 1523.891 0.00
2019-05-05_22:11:11 02415 2.240 -0.800 -1.792 7.904 192.800 1523.891 0.00
2019-05-05_22:11:12 02416 2.240 -0.800 -1.792 7.904 193.200 1527.053 0.00
2019-05-05_22:11:13 02417 2.240 -0.800 -1.792 7.904 193.200 1527.053 0.00
2019-05-05_22:11:14 02418 2.240 -0.800 -1.792 7.904 192.800 1523.891 0.00
2019-05-05_22:11:15 02419 2.240 -0.400 -0.896 7.904 193.200 1527.053 0.00
2019-05-05_22:11:16 02420 2.240 -0.800 -1.792 7.904 194.400 1536.538 0.00
2019-05-05_22:11:17 02421 2.240 -0.800 -1.792 7.904 193.200 1527.053 0.00
2019-05-05_22:11:18 02422 2.240 -0.800 -1.792 7.904 193.200 1527.053 0.00
2019-05-05_22:11:19 02423 2.240 -0.800 -1.792 7.904 193.200 1527.053 0.00
2019-05-05_22:11:20 02424 2.240 -0.800 -1.792 7.904 193.600 1530.214 0.00