2019-05-05_02:11:26 00247 11.576 169.600 1963.290 8.568 0.000 0.000 0.76
2019-05-05_02:11:27 00248 11.552 196.000 2264.192 8.416 0.000 0.000 0.75
2019-05-05_02:11:28 00249 11.560 200.800 2321.248 8.296 0.000 0.000 0.77
2019-05-05_02:11:29 00250 11.552 193.600 2236.467 8.552 0.000 0.000 0.76
2019-05-05_02:11:30 00251 11.560 196.000 2265.760 8.416 0.000 0.000 0.75
2019-05-05_02:11:31 00252 11.560 197.600 2284.256 8.304 0.000 0.000 0.75
2019-05-05_02:11:32 00253 11.584 171.600 1987.814 8.312 0.000 0.000 0.75
2019-05-05_02:11:33 00254 11.568 192.000 2221.056 8.328 0.400 3.331 0.75
2019-05-05_02:11:34 00255 11.568 186.800 2160.902 8.336 0.000 0.000 0.75
2019-05-05_02:11:35 00256 11.552 198.400 2291.917 8.344 0.400 3.338 0.76
2019-05-05_02:11:36 00257 11.560 196.400 2270.384 8.352 0.400 3.341 0.76
2019-05-05_02:11:37 00258 11.560 195.200 2256.512 8.368 0.400 3.347 0.76
2019-05-05_02:11:38 00259 11.552 186.400 2153.293 8.384 0.400 3.354 0.76
2019-05-05_02:11:39 00260 11.568 196.000 2267.328 8.384 0.000 0.000 0.76
2019-05-05_02:11:40 00261 11.552 198.800 2296.538 8.400 0.000 0.000 0.76
2019-05-05_02:11:41 00262 11.560 190.800 2205.648 8.416 0.400 3.366 0.75
2019-05-05_02:11:42 00263 11.568 194.400 2248.819 8.304 0.400 3.322 0.75
2019-05-05_02:11:43 00264 11.560 196.000 2265.760 8.320 0.400 3.328 0.75
2019-05-05_02:11:44 00265 11.568 196.400 2271.955 8.328 0.400 3.331 0.75
2019-05-05_02:11:45 00266 11.560 196.800 2275.008 8.336 0.400 3.334 0.75
2019-05-05_02:11:46 00267 11.552 199.600 2305.779 8.344 0.400 3.338 0.76
2019-05-05_02:11:47 00268 11.560 194.000 2242.640 8.352 0.000 0.000 0.76
2019-05-05_02:11:48 00269 11.552 195.600 2259.571 8.368 0.400 3.347 0.76
2019-05-05_02:11:49 00270 11.552 199.200 2301.158 8.376 0.000 0.000 0.76
2019-05-05_02:11:50 00271 11.560 185.600 2145.536 8.392 0.400 3.357 0.76
2019-05-05_02:11:51 00272 11.560 196.400 2270.384 8.408 0.400 3.363 0.75
2019-05-05_02:11:52 00273 11.560 198.800 2298.128 8.288 0.000 0.000 0.77
2019-05-05_02:11:53 00274 11.552 184.400 2130.189 8.544 0.000 0.000 0.76
2019-05-05_02:11:54 00275 11.552 191.200 2208.742 8.400 0.000 0.000 0.76
2019-05-05_02:11:55 00276 11.552 198.800 2296.538 8.416 0.000 0.000 0.75
2019-05-05_02:11:56 00277 11.576 196.400 2273.526 8.304 0.000 0.000 0.75
2019-05-05_02:11:57 00278 11.560 188.800 2182.528 8.312 0.000 0.000 0.75
2019-05-05_02:11:58 00279 11.560 200.400 2316.624 8.320 0.000 0.000 0.75
2019-05-05_02:11:59 00280 11.560 199.600 2307.376 8.336 0.400 3.334 0.75
2019-05-05_02:12:00 00281 11.552 198.000 2287.296 8.344 0.400 3.338 0.76
2019-05-05_02:12:01 00282 11.560 200.800 2321.248 8.352 0.400 3.341 0.76
2019-05-05_02:12:02 00283 11.552 200.400 2315.021 8.360 0.000 0.000 0.76
2019-05-05_02:12:03 00284 11.552 201.200 2324.262 8.376 0.000 0.000 0.76
2019-05-05_02:12:04 00285 11.560 200.000 2312.000 8.384 0.000 0.000 0.76
2019-05-05_02:12:05 00286 11.552 200.000 2310.400 8.400 0.400 3.360 0.76
2019-05-05_02:12:06 00287 11.560 199.200 2302.752 8.408 0.000 0.000 0.75
2019-05-05_02:12:07 00288 11.560 201.200 2325.872 8.296 0.000 0.000 0.77
2019-05-05_02:12:08 00289 11.552 198.400 2291.917 8.552 0.000 0.000 0.76
2019-05-05_02:12:09 00290 11.552 200.800 2319.642 8.408 0.000 0.000 0.75
2019-05-05_02:12:10 00291 11.560 200.800 2321.248 8.304 0.000 0.000 0.75
2019-05-05_02:12:11 00292 11.560 200.800 2321.248 8.312 0.000 0.000 0.75
2019-05-05_02:12:12 00293 11.560 198.800 2298.128 8.320 0.000 0.000 0.75
2019-05-05_02:12:13 00294 11.560 200.800 2321.248 8.336 0.000 0.000 0.75
2019-05-05_02:12:14 00295 11.560 198.800 2298.128 8.344 0.400 3.338 0.76
2019-05-05_02:12:15 00296 11.552 198.000 2287.296 8.352 0.400 3.341 0.76
2019-05-05_02:12:16 00297 11.552 198.000 2287.296 8.360 0.400 3.344 0.76
2019-05-05_02:12:17 00298 11.552 199.600 2305.779 8.384 0.400 3.354 0.76
2019-05-05_02:12:18 00299 11.560 197.600 2284.256 8.384 0.000 0.000 0.76
2019-05-05_02:12:19 00300 11.552 199.600 2305.779 8.392 0.000 0.000 0.76
2019-05-05_02:12:20 00301 11.552 199.200 2301.158 8.408 0.000 0.000 0.75
2019-05-05_02:12:21 00302 11.560 199.200 2302.752 8.304 0.400 3.322 0.75
2019-05-05_02:12:22 00303 11.568 196.000 2267.328 8.320 0.400 3.328 0.75
2019-05-05_02:12:23 00304 11.560 195.200 2256.512 8.320 0.400 3.328 0.75
2019-05-05_02:12:24 00305 11.560 186.800 2159.408 8.336 0.400 3.334 0.75
2019-05-05_02:12:25 00306 11.560 198.800 2298.128 8.344 0.000 0.000 0.76
2019-05-05_02:12:26 00307 11.552 194.400 2245.709 8.360 0.400 3.344 0.76
2019-05-05_02:12:27 00308 11.576 171.200 1981.811 8.376 0.400 3.350 0.76
2019-05-05_02:12:28 00309 11.576 171.600 1986.442 8.392 0.400 3.357 0.76
2019-05-05_02:12:29 00310 11.576 163.600 1893.834 8.408 0.400 3.363 0.75
2019-05-05_02:12:30 00311 11.600 165.200 1916.320 8.304 0.000 0.000 0.75
2019-05-05_02:12:31 00312 11.592 153.200 1775.894 8.312 0.400 3.325 0.75
2019-05-05_02:12:32 00313 11.584 155.600 1802.470 8.328 0.000 0.000 0.75
2019-05-05_02:12:33 00314 11.584 163.200 1890.509 8.336 0.400 3.334 0.75
2019-05-05_02:12:34 00315 11.592 153.200 1775.894 8.344 0.400 3.338 0.75
2019-05-05_02:12:35 00316 11.584 153.200 1774.669 8.360 0.400 3.344 0.75
2019-05-05_02:12:36 00317 11.576 164.800 1907.725 8.368 0.400 3.347 0.76
2019-05-05_02:12:37 00318 11.592 153.200 1775.894 8.376 0.400 3.350 0.76
2019-05-05_02:12:38 00319 11.584 153.200 1774.669 8.392 0.400 3.357 0.76
2019-05-05_02:12:39 00320 11.576 155.200 1796.595 8.400 0.400 3.360 0.76
2019-05-05_02:12:40 00321 11.576 162.000 1875.312 8.408 0.400 3.363 0.75
2019-05-05_02:12:41 00322 11.600 164.800 1911.680 8.304 0.000 0.000 0.75
2019-05-05_02:12:42 00323 11.592 153.200 1775.894 8.312 0.000 0.000 0.75
2019-05-05_02:12:43 00324 11.592 153.200 1775.894 8.328 0.400 3.331 0.75
2019-05-05_02:12:44 00325 11.584 164.400 1904.410 8.336 0.400 3.334 0.75
2019-05-05_02:12:45 00326 11.576 170.000 1967.920 8.336 0.400 3.334 0.75
2019-05-05_02:12:46 00327 11.592 153.200 1775.894 8.360 0.400 3.344 0.75
2019-05-05_02:12:47 00328 11.584 155.200 1797.837 8.368 0.400 3.347 0.76
2019-05-05_02:12:48 00329 11.592 164.000 1901.088 8.376 0.400 3.350 0.76
2019-05-05_02:12:49 00330 11.584 155.600 1802.470 8.384 0.400 3.354 0.76
2019-05-05_02:12:50 00331 11.584 152.800 1770.035 8.400 0.400 3.360 0.76
2019-05-05_02:12:51 00332 11.576 154.000 1782.704 8.408 0.400 3.363 0.75
2019-05-05_02:12:52 00333 11.584 162.400 1881.242 8.304 0.400 3.322 0.75
2019-05-05_02:12:53 00334 11.592 165.600 1919.635 8.312 0.000 0.000 0.75
2019-05-05_02:12:54 00335 11.592 152.800 1771.258 8.320 0.400 3.328 0.75
2019-05-05_02:12:55 00336 11.592 154.000 1785.168 8.336 0.000 0.000 0.75
2019-05-05_02:12:56 00337 11.584 161.600 1871.974 8.352 0.400 3.341 0.75
2019-05-05_02:12:57 00338 11.592 152.800 1771.258 8.360 0.000 0.000 0.75
2019-05-05_02:12:58 00339 11.592 153.600 1780.531 8.368 0.400 3.347 0.76
2019-05-05_02:12:59 00340 11.576 155.200 1796.595 8.376 0.000 0.000 0.76
2019-05-05_02:13:00 00341 11.576 164.000 1898.464 8.384 0.400 3.354 0.76
2019-05-05_02:13:01 00342 11.584 152.800 1770.035 8.400 0.400 3.360 0.76
2019-05-05_02:13:02 00343 11.584 153.200 1774.669 8.408 0.400 3.363 0.75
2019-05-05_02:13:03 00344 11.592 157.200 1822.262 8.304 0.000 0.000 0.75
2019-05-05_02:13:04 00345 11.584 187.600 2173.158 8.304 0.000 0.000 0.75
2019-05-05_02:13:05 00346 11.592 153.200 1775.894 8.320 0.000 0.000 0.75
2019-05-05_02:13:06 00347 11.592 153.600 1780.531 8.336 0.400 3.334 0.75