2019-05-05_21:39:20 00506 2.240 -0.800 -1.792 7.960 196.000 1560.160 0.00
2019-05-05_21:39:21 00507 2.240 -0.800 -1.792 7.960 195.600 1556.976 0.00
2019-05-05_21:39:22 00508 2.240 -0.800 -1.792 7.968 194.800 1552.166 0.00
2019-05-05_21:39:23 00509 2.240 -0.800 -1.792 7.968 192.400 1533.043 0.00
2019-05-05_21:39:24 00510 2.240 -0.800 -1.792 7.952 194.000 1542.688 0.00
2019-05-05_21:39:25 00511 2.240 -0.800 -1.792 7.960 195.600 1556.976 0.00
2019-05-05_21:39:26 00512 2.240 -0.800 -1.792 7.960 193.600 1541.056 0.00
2019-05-05_21:39:27 00513 2.240 -0.800 -1.792 7.968 192.800 1536.230 0.00
2019-05-05_21:39:28 00514 2.240 -0.800 -1.792 7.952 193.200 1536.326 0.00
2019-05-05_21:39:29 00515 2.240 -0.800 -1.792 7.960 195.600 1556.976 0.00
2019-05-05_21:39:30 00516 2.240 -0.800 -1.792 7.968 192.800 1536.230 0.00
2019-05-05_21:39:31 00517 2.240 -0.800 -1.792 7.968 192.000 1529.856 0.00
2019-05-05_21:39:32 00518 2.240 -0.800 -1.792 7.952 193.600 1539.507 0.00
2019-05-05_21:39:33 00519 2.240 -0.800 -1.792 7.968 195.600 1558.541 0.00
2019-05-05_21:39:34 00520 2.240 -0.800 -1.792 7.968 192.400 1533.043 0.00
2019-05-05_21:39:35 00521 2.240 -0.400 -0.896 7.960 192.800 1534.688 0.00
2019-05-05_21:39:36 00522 2.240 -0.800 -1.792 7.944 195.200 1550.669 0.00
2019-05-05_21:39:37 00523 2.240 -0.800 -1.792 7.960 194.400 1547.424 0.00
2019-05-05_21:39:38 00524 2.240 -0.800 -1.792 7.968 191.600 1526.669 0.00
2019-05-05_21:39:39 00525 2.240 -0.800 -1.792 7.952 192.400 1529.965 0.00
2019-05-05_21:39:40 00526 2.240 -0.800 -1.792 7.960 195.200 1553.792 0.00
2019-05-05_21:39:41 00527 2.240 -0.800 -1.792 7.968 193.200 1539.418 0.00
2019-05-05_21:39:42 00528 2.240 -0.800 -1.792 7.968 191.600 1526.669 0.00
2019-05-05_21:39:43 00529 2.240 -0.800 -1.792 7.960 194.000 1544.240 0.00
2019-05-05_21:39:44 00530 2.240 -0.800 -1.792 7.960 199.600 1588.816 0.00
2019-05-05_21:39:45 00531 2.240 -0.800 -1.792 7.960 192.000 1528.320 0.00
2019-05-05_21:39:46 00532 2.240 -0.800 -1.792 7.960 192.400 1531.504 0.00
2019-05-05_21:39:47 00533 2.240 -0.800 -1.792 7.960 194.400 1547.424 0.00
2019-05-05_21:39:48 00534 2.240 -0.800 -1.792 7.960 195.200 1553.792 0.00
2019-05-05_21:39:49 00535 2.240 -0.800 -1.792 7.960 201.600 1604.736 0.00
2019-05-05_21:39:50 00536 2.240 -0.400 -0.896 7.960 192.000 1528.320 0.00
2019-05-05_21:39:51 00537 2.240 -0.800 -1.792 7.960 194.800 1550.608 0.00
2019-05-05_21:39:52 00538 2.240 -0.800 -1.792 7.960 195.600 1556.976 0.00
2019-05-05_21:39:53 00539 2.240 -0.800 -1.792 7.960 194.800 1550.608 0.00
2019-05-05_21:39:54 00540 2.240 -0.800 -1.792 7.960 194.000 1544.240 0.00
2019-05-05_21:39:55 00541 2.240 -0.800 -1.792 7.944 220.400 1750.858 0.00
2019-05-05_21:39:56 00542 2.240 -0.800 -1.792 7.960 195.600 1556.976 0.00
2019-05-05_21:39:57 00543 2.240 -0.800 -1.792 7.952 194.800 1549.050 0.00
2019-05-05_21:39:58 00544 2.240 -0.800 -1.792 7.960 194.400 1547.424 0.00
2019-05-05_21:39:59 00545 2.240 -0.800 -1.792 7.960 195.600 1556.976 0.00
2019-05-05_21:40:00 00546 2.240 -0.800 -1.792 7.960 200.000 1592.000 0.00
2019-05-05_21:40:01 00547 2.240 -0.800 -1.792 7.960 195.600 1556.976 0.00
2019-05-05_21:40:02 00548 2.240 -0.800 -1.792 7.960 198.400 1579.264 0.00
2019-05-05_21:40:03 00549 2.240 -0.800 -1.792 7.960 195.600 1556.976 0.00
2019-05-05_21:40:04 00550 2.240 -0.800 -1.792 7.960 194.800 1550.608 0.00
2019-05-05_21:40:05 00551 2.240 -0.800 -1.792 7.960 201.200 1601.552 0.00
2019-05-05_21:40:06 00552 2.240 -0.800 -1.792 7.960 195.200 1553.792 0.00
2019-05-05_21:40:07 00553 2.240 -0.800 -1.792 7.960 195.200 1553.792 0.00
2019-05-05_21:40:08 00554 2.240 -0.800 -1.792 7.960 196.400 1563.344 0.00
2019-05-05_21:40:09 00555 2.240 -0.800 -1.792 7.960 195.200 1553.792 0.00
2019-05-05_21:40:10 00556 2.240 -0.800 -1.792 7.960 195.200 1553.792 0.00
2019-05-05_21:40:11 00557 2.240 -0.800 -1.792 7.960 195.200 1553.792 0.00
2019-05-05_21:40:12 00558 2.240 -0.800 -1.792 7.960 194.800 1550.608 0.00
2019-05-05_21:40:13 00559 2.240 -0.800 -1.792 7.960 194.800 1550.608 0.00
2019-05-05_21:40:14 00560 2.240 -0.800 -1.792 7.960 194.800 1550.608 0.00
2019-05-05_21:40:15 00561 2.240 -0.800 -1.792 7.944 231.600 1839.830 0.00
2019-05-05_21:40:16 00562 2.240 -0.800 -1.792 7.960 194.400 1547.424 0.00
2019-05-05_21:40:17 00563 2.240 -0.800 -1.792 7.960 194.400 1547.424 0.00
2019-05-05_21:40:18 00564 2.240 -0.800 -1.792 7.960 199.600 1588.816 0.00
2019-05-05_21:40:19 00565 2.240 -0.800 -1.792 7.960 195.200 1553.792 0.00
2019-05-05_21:40:20 00566 2.240 -0.800 -1.792 7.960 195.200 1553.792 0.00
2019-05-05_21:40:21 00567 2.240 -0.800 -1.792 7.960 194.800 1550.608 0.00
2019-05-05_21:40:22 00568 2.240 -0.800 -1.792 7.944 195.200 1550.669 0.00
2019-05-05_21:40:23 00569 2.240 -0.800 -1.792 7.960 194.400 1547.424 0.00
2019-05-05_21:40:24 00570 2.240 -0.800 -1.792 7.960 194.800 1550.608 0.00
2019-05-05_21:40:25 00571 2.240 -0.800 -1.792 7.960 197.200 1569.712 0.00
2019-05-05_21:40:26 00572 2.240 -0.800 -1.792 7.944 220.000 1747.680 0.00
2019-05-05_21:40:27 00573 2.240 -0.800 -1.792 7.960 195.200 1553.792 0.00
2019-05-05_21:40:28 00574 2.240 -0.800 -1.792 7.960 194.800 1550.608 0.00
2019-05-05_21:40:29 00575 2.240 -0.800 -1.792 7.960 194.800 1550.608 0.00
2019-05-05_21:40:30 00576 2.240 -0.800 -1.792 7.952 195.600 1555.411 0.00
2019-05-05_21:40:31 00577 2.240 -0.800 -1.792 7.960 195.200 1553.792 0.00
2019-05-05_21:40:32 00578 2.240 -0.800 -1.792 7.960 194.800 1550.608 0.00
2019-05-05_21:40:33 00579 2.240 -0.800 -1.792 7.960 194.400 1547.424 0.00
2019-05-05_21:40:34 00580 2.240 -0.800 -1.792 7.960 195.600 1556.976 0.00
2019-05-05_21:40:35 00581 2.240 -0.800 -1.792 7.960 207.200 1649.312 0.00
2019-05-05_21:40:36 00582 2.240 -0.800 -1.792 7.960 195.200 1553.792 0.00
2019-05-05_21:40:37 00583 2.240 -0.800 -1.792 7.960 194.800 1550.608 0.00
2019-05-05_21:40:38 00584 2.240 -0.800 -1.792 7.960 195.600 1556.976 0.00
2019-05-05_21:40:39 00585 2.240 -0.800 -1.792 7.960 192.800 1534.688 0.00
2019-05-05_21:40:40 00586 2.240 -0.800 -1.792 7.952 192.800 1533.146 0.00
2019-05-05_21:40:41 00587 2.240 -0.800 -1.792 7.960 195.200 1553.792 0.00
2019-05-05_21:40:42 00588 2.240 -0.400 -0.896 7.960 195.600 1556.976 0.00
2019-05-05_21:40:43 00589 2.240 -0.800 -1.792 7.960 193.200 1537.872 0.00
2019-05-05_21:40:44 00590 2.240 -0.800 -1.792 7.960 198.000 1576.080 0.00
2019-05-05_21:40:45 00591 2.240 -0.800 -1.792 7.960 195.600 1556.976 0.00
2019-05-05_21:40:46 00592 2.240 -0.800 -1.792 7.960 195.200 1553.792 0.00
2019-05-05_21:40:48 00593 2.240 -0.800 -1.792 7.960 192.400 1531.504 0.00
2019-05-05_21:40:49 00594 2.240 -0.800 -1.792 7.960 192.400 1531.504 0.00
2019-05-05_21:40:50 00595 2.240 -0.800 -1.792 7.960 195.600 1556.976 0.00
2019-05-05_21:40:51 00596 2.240 -0.800 -1.792 7.960 194.000 1544.240 0.00
2019-05-05_21:40:52 00597 2.240 -0.800 -1.792 7.960 192.400 1531.504 0.00
2019-05-05_21:40:53 00598 2.240 -0.800 -1.792 7.960 192.400 1531.504 0.00
2019-05-05_21:40:54 00599 2.240 -0.800 -1.792 7.960 195.200 1553.792 0.00
2019-05-05_21:40:55 00600 2.240 -0.800 -1.792 7.952 196.000 1558.592 0.00
2019-05-05_21:40:56 00601 2.240 -0.800 -1.792 7.960 192.000 1528.320 0.00
2019-05-05_21:40:57 00602 2.240 -0.800 -1.792 7.960 195.200 1553.792 0.00
2019-05-05_21:40:58 00603 2.240 -0.800 -1.792 7.960 195.200 1553.792 0.00
2019-05-05_21:40:59 00604 2.240 -0.800 -1.792 7.960 195.600 1556.976 0.00
2019-05-05_21:41:00 00605 2.240 -0.800 -1.792 7.960 192.000 1528.320 0.00
2019-05-05_21:41:01 00606 2.240 -0.800 -1.792 7.960 192.000 1528.320 0.00