2019-05-04_23:17:23 00203 11.528 229.200 2642.218 8.312 0.000 0.000 0.75
2019-05-04_23:17:24 00204 11.552 207.200 2393.574 8.344 0.400 3.338 0.75
2019-05-04_23:17:25 00205 11.568 181.200 2096.122 8.360 0.400 3.344 0.76
2019-05-04_23:17:26 00206 11.568 182.400 2110.003 8.368 0.000 0.000 0.76
2019-05-04_23:17:27 00207 11.560 188.400 2177.904 8.376 0.400 3.350 0.76
2019-05-04_23:17:28 00208 11.552 207.200 2393.574 8.376 0.000 0.000 0.76
2019-05-04_23:17:29 00209 11.560 182.800 2113.168 8.400 0.000 0.000 0.76
2019-05-04_23:17:30 00210 11.552 198.800 2296.538 8.408 0.000 0.000 0.75
2019-05-04_23:17:31 00211 11.576 192.800 2231.853 8.312 0.000 0.000 0.75
2019-05-04_23:17:32 00212 11.576 186.000 2153.136 8.320 0.000 0.000 0.75
2019-05-04_23:17:33 00213 11.584 162.000 1876.608 8.336 0.000 0.000 0.75
2019-05-04_23:17:34 00214 11.560 191.200 2210.272 8.336 0.000 0.000 0.75
2019-05-04_23:17:35 00215 11.560 199.200 2302.752 8.344 0.400 3.338 0.75
2019-05-04_23:17:36 00216 11.568 184.800 2137.766 8.360 0.400 3.344 0.76
2019-05-04_23:17:37 00217 11.552 194.400 2245.709 8.368 0.400 3.347 0.76
2019-05-04_23:17:38 00218 11.560 180.400 2085.424 8.376 0.000 0.000 0.76
2019-05-04_23:17:39 00219 11.552 198.400 2291.917 8.384 0.000 0.000 0.76
2019-05-04_23:17:40 00220 11.552 196.800 2273.434 8.384 0.000 0.000 0.76
2019-05-04_23:17:41 00221 11.560 192.000 2219.520 8.400 0.000 0.000 0.76
2019-05-04_23:17:42 00222 11.552 185.600 2144.051 8.416 0.000 0.000 0.75
2019-05-04_23:17:43 00223 11.560 190.800 2205.648 8.320 0.000 0.000 0.75
2019-05-04_23:17:44 00224 11.560 195.600 2261.136 8.328 0.000 0.000 0.75
2019-05-04_23:17:45 00225 11.568 193.200 2234.938 8.344 0.000 0.000 0.75
2019-05-04_23:17:46 00226 11.568 196.800 2276.582 8.344 0.000 0.000 0.75
2019-05-04_23:17:47 00227 11.568 183.200 2119.258 8.360 0.000 0.000 0.76
2019-05-04_23:17:48 00228 11.560 190.800 2205.648 8.360 0.000 0.000 0.76
2019-05-04_23:17:49 00229 11.560 196.000 2265.760 8.376 0.000 0.000 0.76
2019-05-04_23:17:50 00230 11.552 192.800 2227.226 8.384 0.000 0.000 0.76
2019-05-04_23:17:51 00231 11.552 198.400 2291.917 8.392 0.000 0.000 0.76
2019-05-04_23:17:52 00232 11.552 195.600 2259.571 8.408 0.000 0.000 0.75
2019-05-04_23:17:53 00233 11.568 196.000 2267.328 8.304 0.000 0.000 0.75
2019-05-04_23:17:54 00234 11.576 180.800 2092.941 8.320 0.000 0.000 0.75
2019-05-04_23:17:55 00235 11.568 188.000 2174.784 8.328 0.000 0.000 0.75
2019-05-04_23:17:56 00236 11.560 189.600 2191.776 8.336 0.400 3.334 0.75
2019-05-04_23:17:57 00237 11.568 192.400 2225.683 8.352 0.000 0.000 0.75
2019-05-04_23:17:58 00238 11.544 211.200 2438.093 8.352 0.000 0.000 0.76
2019-05-04_23:17:59 00239 11.568 187.600 2170.157 8.368 0.400 3.347 0.76
2019-05-04_23:18:00 00240 11.552 196.800 2273.434 8.376 0.000 0.000 0.76
2019-05-04_23:18:01 00241 11.568 193.200 2234.938 8.392 0.000 0.000 0.76
2019-05-04_23:18:02 00242 11.560 201.200 2325.872 8.392 0.400 3.357 0.76
2019-05-04_23:18:03 00243 11.552 196.000 2264.192 8.408 0.000 0.000 0.75
2019-05-04_23:18:04 00244 11.568 192.400 2225.683 8.304 0.000 0.000 0.75
2019-05-04_23:18:05 00245 11.568 192.400 2225.683 8.312 0.000 0.000 0.75
2019-05-04_23:18:06 00246 11.560 201.600 2330.496 8.328 0.000 0.000 0.75
2019-05-04_23:18:07 00247 11.560 195.600 2261.136 8.336 0.400 3.334 0.75
2019-05-04_23:18:08 00248 11.560 183.600 2122.416 8.352 0.000 0.000 0.75
2019-05-04_23:18:09 00249 11.560 195.200 2256.512 8.360 0.000 0.000 0.76
2019-05-04_23:18:10 00250 11.568 186.800 2160.902 8.368 0.400 3.347 0.76
2019-05-04_23:18:11 00251 11.560 181.200 2094.672 8.376 0.000 0.000 0.76
2019-05-04_23:18:12 00252 11.568 183.200 2119.258 8.392 0.000 0.000 0.76
2019-05-04_23:18:13 00253 11.552 195.600 2259.571 8.400 0.000 0.000 0.76
2019-05-04_23:18:14 00254 11.568 189.600 2193.293 8.408 0.000 0.000 0.75
2019-05-04_23:18:15 00255 11.576 185.600 2148.506 8.304 0.000 0.000 0.75
2019-05-04_23:18:16 00256 11.568 182.800 2114.630 8.312 0.000 0.000 0.75
2019-05-04_23:18:17 00257 11.568 184.400 2133.139 8.328 0.000 0.000 0.75
2019-05-04_23:18:18 00258 11.560 196.000 2265.760 8.344 0.000 0.000 0.75
2019-05-04_23:18:19 00259 11.584 168.400 1950.746 8.360 0.400 3.344 0.75
2019-05-04_23:18:20 00260 11.544 212.000 2447.328 8.344 0.000 0.000 0.76
2019-05-04_23:18:21 00261 11.568 189.200 2188.666 8.368 0.400 3.347 0.76
2019-05-04_23:18:22 00262 11.552 210.000 2425.920 8.368 0.400 3.347 0.76
2019-05-04_23:18:23 00263 11.560 191.600 2214.896 8.392 0.000 0.000 0.76
2019-05-04_23:18:24 00264 11.560 184.000 2127.040 8.400 0.000 0.000 0.76
2019-05-04_23:18:25 00265 11.568 188.000 2174.784 8.400 0.000 0.000 0.76
2019-05-04_23:18:26 00266 11.552 189.600 2190.259 8.424 0.000 0.000 0.75
2019-05-04_23:18:27 00267 11.584 166.800 1932.211 8.328 0.000 0.000 0.75
2019-05-04_23:18:28 00268 11.584 166.800 1932.211 8.336 0.000 0.000 0.75
2019-05-04_23:18:29 00269 11.568 185.600 2147.021 8.344 0.000 0.000 0.75
2019-05-04_23:18:30 00270 11.560 181.600 2099.296 8.352 0.000 0.000 0.75
2019-05-04_23:18:31 00271 11.560 195.600 2261.136 8.360 0.000 0.000 0.76
2019-05-04_23:18:32 00272 11.552 209.200 2416.678 8.360 0.400 3.344 0.76
2019-05-04_23:18:33 00273 11.568 187.200 2165.530 8.376 0.000 0.000 0.76
2019-05-04_23:18:34 00274 11.552 194.400 2245.709 8.384 0.000 0.000 0.76
2019-05-04_23:18:35 00275 11.560 195.600 2261.136 8.392 0.000 0.000 0.76
2019-05-04_23:18:36 00276 11.568 182.400 2110.003 8.400 0.000 0.000 0.76
2019-05-04_23:18:37 00277 11.552 197.200 2278.054 8.416 0.000 0.000 0.75
2019-05-04_23:18:38 00278 11.568 194.800 2253.446 8.312 0.000 0.000 0.75
2019-05-04_23:18:39 00279 11.568 180.000 2082.240 8.328 0.000 0.000 0.75
2019-05-04_23:18:40 00280 11.560 196.000 2265.760 8.336 0.000 0.000 0.75
2019-05-04_23:18:41 00281 11.560 193.600 2238.016 8.344 0.000 0.000 0.75
2019-05-04_23:18:42 00282 11.560 193.600 2238.016 8.360 0.000 0.000 0.76
2019-05-04_23:18:43 00283 11.552 204.800 2365.850 8.360 0.000 0.000 0.76
2019-05-04_23:18:44 00284 11.560 195.200 2256.512 8.376 0.000 0.000 0.76
2019-05-04_23:18:45 00285 11.552 198.000 2287.296 8.384 0.000 0.000 0.76
2019-05-04_23:18:46 00286 11.552 199.600 2305.779 8.392 0.000 0.000 0.76
2019-05-04_23:18:47 00287 11.560 188.000 2173.280 8.400 0.000 0.000 0.76
2019-05-04_23:18:48 00288 11.560 196.400 2270.384 8.416 0.000 0.000 0.75
2019-05-04_23:18:49 00289 11.568 200.400 2318.227 8.320 0.000 0.000 0.75
2019-05-04_23:18:50 00290 11.560 199.600 2307.376 8.328 0.000 0.000 0.75
2019-05-04_23:18:51 00291 11.560 197.600 2284.256 8.336 0.000 0.000 0.75
2019-05-04_23:18:52 00292 11.560 190.800 2205.648 8.344 0.000 0.000 0.75
2019-05-04_23:18:53 00293 11.560 194.000 2242.640 8.352 0.000 0.000 0.76
2019-05-04_23:18:54 00294 11.560 196.800 2275.008 8.360 0.000 0.000 0.76
2019-05-04_23:18:55 00295 11.552 200.000 2310.400 8.368 0.000 0.000 0.76
2019-05-04_23:18:56 00296 11.552 197.600 2282.675 8.384 0.000 0.000 0.76
2019-05-04_23:18:57 00297 11.552 197.600 2282.675 8.392 0.000 0.000 0.76
2019-05-04_23:18:58 00298 11.552 193.600 2236.467 8.408 0.000 0.000 0.75
2019-05-04_23:18:59 00299 11.576 189.200 2190.179 8.304 0.000 0.000 0.75
2019-05-04_23:19:00 00300 11.560 198.800 2298.128 8.320 0.000 0.000 0.75
2019-05-04_23:19:01 00301 11.560 202.000 2335.120 8.320 0.000 0.000 0.75
2019-05-04_23:19:02 00302 11.560 197.200 2279.632 8.336 0.400 3.334 0.75
2019-05-04_23:19:03 00303 11.568 185.200 2142.394 8.344 0.400 3.338 0.75