2019-05-04_23:45:15 00203 11.592 152.800 1771.258 8.320 0.000 0.000 0.75
2019-05-04_23:45:16 00204 11.584 161.600 1871.974 8.328 0.400 3.331 0.75
2019-05-04_23:45:17 00205 11.592 164.400 1905.725 8.344 0.400 3.338 0.75
2019-05-04_23:45:18 00206 11.584 163.200 1890.509 8.352 0.400 3.341 0.75
2019-05-04_23:45:19 00207 11.584 163.600 1895.142 8.360 0.400 3.344 0.75
2019-05-04_23:45:20 00208 11.592 152.800 1771.258 8.368 0.400 3.347 0.76
2019-05-04_23:45:21 00209 11.592 153.200 1775.894 8.384 0.400 3.354 0.76
2019-05-04_23:45:22 00210 11.576 168.800 1954.029 8.384 0.000 0.000 0.76
2019-05-04_23:45:23 00211 11.576 152.800 1768.813 8.400 0.400 3.360 0.76
2019-05-04_23:45:24 00212 11.576 187.200 2167.027 8.400 0.000 0.000 0.76
2019-05-04_23:45:25 00213 11.584 152.400 1765.402 8.424 0.400 3.370 0.75
2019-05-04_23:45:26 00214 11.600 152.400 1767.840 8.320 0.000 0.000 0.75
2019-05-04_23:45:27 00215 11.584 168.800 1955.379 8.320 0.000 0.000 0.75
2019-05-04_23:45:28 00216 11.592 152.800 1771.258 8.336 0.000 0.000 0.75
2019-05-04_23:45:29 00217 11.560 174.400 2016.064 8.344 0.000 0.000 0.75
2019-05-04_23:45:30 00218 11.584 156.800 1816.371 8.360 0.400 3.344 0.75
2019-05-04_23:45:31 00219 11.592 152.800 1771.258 8.376 0.400 3.350 0.76
2019-05-04_23:45:32 00220 11.568 168.800 1952.678 8.376 0.400 3.350 0.76
2019-05-04_23:45:33 00221 11.584 152.400 1765.402 8.392 0.400 3.357 0.76
2019-05-04_23:45:34 00222 11.568 169.200 1957.306 8.392 0.400 3.357 0.76
2019-05-04_23:45:35 00223 11.576 154.000 1782.704 8.416 0.400 3.366 0.75
2019-05-04_23:45:36 00224 11.584 162.800 1885.875 8.312 0.000 0.000 0.75
2019-05-04_23:45:37 00225 11.584 169.200 1960.013 8.312 0.400 3.325 0.75
2019-05-04_23:45:38 00226 11.592 153.200 1775.894 8.328 0.000 0.000 0.75
2019-05-04_23:45:39 00227 11.592 154.400 1789.805 8.344 0.000 0.000 0.75
2019-05-04_23:45:40 00228 11.584 152.800 1770.035 8.352 0.000 0.000 0.75
2019-05-04_23:45:41 00229 11.584 154.000 1783.936 8.360 0.400 3.344 0.75
2019-05-04_23:45:42 00230 11.592 152.800 1771.258 8.368 0.400 3.347 0.76
2019-05-04_23:45:43 00231 11.584 157.200 1821.005 8.384 0.400 3.354 0.76
2019-05-04_23:45:44 00232 11.576 188.400 2180.918 8.384 0.400 3.354 0.76
2019-05-04_23:45:45 00233 11.576 164.000 1898.464 8.400 0.400 3.360 0.76
2019-05-04_23:45:46 00234 11.576 164.000 1898.464 8.408 0.000 0.000 0.75
2019-05-04_23:45:47 00235 11.584 168.800 1955.379 8.296 0.000 0.000 0.77
2019-05-04_23:45:48 00236 11.584 152.400 1765.402 8.536 0.000 0.000 0.76
2019-05-04_23:45:49 00237 11.560 169.600 1960.576 8.400 0.000 0.000 0.76
2019-05-04_23:45:50 00238 11.576 158.400 1833.638 8.424 0.400 3.370 0.75
2019-05-04_23:45:51 00239 11.584 162.800 1885.875 8.320 0.000 0.000 0.75
2019-05-04_23:45:52 00240 11.584 168.400 1950.746 8.320 0.000 0.000 0.75
2019-05-04_23:45:53 00241 11.584 163.600 1895.142 8.344 0.400 3.338 0.75
2019-05-04_23:45:54 00242 11.584 168.800 1955.379 8.344 0.400 3.338 0.75
2019-05-04_23:45:55 00243 11.592 152.800 1771.258 8.360 0.400 3.344 0.75
2019-05-04_23:45:56 00244 11.584 152.800 1770.035 8.368 0.400 3.347 0.76
2019-05-04_23:45:57 00245 11.560 171.600 1983.696 8.376 0.000 0.000 0.76
2019-05-04_23:45:58 00246 11.576 163.600 1893.834 8.392 0.000 0.000 0.76
2019-05-04_23:45:59 00247 11.576 168.800 1954.029 8.392 0.400 3.357 0.76
2019-05-04_23:46:00 00248 11.584 152.400 1765.402 8.408 0.400 3.363 0.75
2019-05-04_23:46:01 00249 11.600 152.400 1767.840 8.312 0.000 0.000 0.75
2019-05-04_23:46:02 00250 11.568 173.200 2003.578 8.312 0.000 0.000 0.75
2019-05-04_23:46:03 00251 11.584 164.400 1904.410 8.328 0.400 3.331 0.75
2019-05-04_23:46:04 00252 11.592 164.400 1905.725 8.336 0.400 3.334 0.75
2019-05-04_23:46:05 00253 11.592 153.200 1775.894 8.352 0.000 0.000 0.75
2019-05-04_23:46:06 00254 11.592 152.800 1771.258 8.360 0.000 0.000 0.75
2019-05-04_23:46:07 00255 11.576 168.400 1949.398 8.360 0.400 3.344 0.76
2019-05-04_23:46:08 00256 11.584 152.800 1770.035 8.384 0.000 0.000 0.76
2019-05-04_23:46:09 00257 11.560 173.200 2002.192 8.384 0.000 0.000 0.76
2019-05-04_23:46:10 00258 11.576 163.600 1893.834 8.400 0.000 0.000 0.76
2019-05-04_23:46:11 00259 11.584 152.800 1770.035 8.408 0.400 3.363 0.75
2019-05-04_23:46:12 00260 11.584 168.800 1955.379 8.304 0.000 0.000 0.75
2019-05-04_23:46:13 00261 11.584 161.600 1871.974 8.320 0.000 0.000 0.75
2019-05-04_23:46:14 00262 11.584 168.800 1955.379 8.320 0.400 3.328 0.75
2019-05-04_23:46:15 00263 11.592 155.200 1799.078 8.336 0.000 0.000 0.75
2019-05-04_23:46:16 00264 11.584 152.800 1770.035 8.352 0.000 0.000 0.75
2019-05-04_23:46:17 00265 11.560 183.600 2122.416 8.352 0.000 0.000 0.75
2019-05-04_23:46:18 00266 11.584 164.000 1899.776 8.368 0.400 3.347 0.76
2019-05-04_23:46:19 00267 11.576 168.800 1954.029 8.368 0.000 0.000 0.76
2019-05-04_23:46:20 00268 11.576 153.200 1773.443 8.392 0.000 0.000 0.76
2019-05-04_23:46:21 00269 11.576 162.800 1884.573 8.400 0.400 3.360 0.76
2019-05-04_23:46:22 00270 11.584 152.400 1765.402 8.408 0.000 0.000 0.75
2019-05-04_23:46:23 00271 11.600 152.400 1767.840 8.304 0.000 0.000 0.75
2019-05-04_23:46:24 00272 11.592 154.400 1789.805 8.320 0.000 0.000 0.75
2019-05-04_23:46:25 00273 11.584 162.800 1885.875 8.328 0.400 3.331 0.75
2019-05-04_23:46:26 00274 11.584 164.000 1899.776 8.336 0.000 0.000 0.75
2019-05-04_23:46:27 00275 11.584 152.800 1770.035 8.352 0.000 0.000 0.75
2019-05-04_23:46:28 00276 11.592 152.800 1771.258 8.360 0.000 0.000 0.75
2019-05-04_23:46:29 00277 11.568 168.800 1952.678 8.360 0.400 3.344 0.76
2019-05-04_23:46:30 00278 11.576 163.200 1889.203 8.384 0.000 0.000 0.76
2019-05-04_23:46:31 00279 11.592 152.400 1766.621 8.392 0.400 3.357 0.76
2019-05-04_23:46:32 00280 11.568 168.400 1948.051 8.400 0.000 0.000 0.76
2019-05-04_23:46:33 00281 11.576 156.800 1815.117 8.416 0.000 0.000 0.75
2019-05-04_23:46:34 00282 11.568 183.200 2119.258 8.304 0.000 0.000 0.75
2019-05-04_23:46:35 00283 11.584 172.000 1992.448 8.320 0.000 0.000 0.75
2019-05-04_23:46:36 00284 11.592 152.800 1771.258 8.320 0.400 3.328 0.75
2019-05-04_23:46:37 00285 11.584 168.800 1955.379 8.328 0.000 0.000 0.75
2019-05-04_23:46:38 00286 11.584 152.400 1765.402 8.352 0.000 0.000 0.75
2019-05-04_23:46:39 00287 11.576 184.000 2129.984 8.352 0.400 3.341 0.75
2019-05-04_23:46:40 00288 11.576 163.600 1893.834 8.368 0.000 0.000 0.76
2019-05-04_23:46:41 00289 11.584 152.800 1770.035 8.384 0.400 3.354 0.76
2019-05-04_23:46:42 00290 11.576 170.800 1977.181 8.384 0.000 0.000 0.76
2019-05-04_23:46:43 00291 11.584 164.000 1899.776 8.400 0.000 0.000 0.76
2019-05-04_23:46:44 00292 11.576 162.000 1875.312 8.400 0.000 0.000 0.76
2019-05-04_23:46:45 00293 11.584 152.800 1770.035 8.424 0.400 3.370 0.75
2019-05-04_23:46:46 00294 11.592 152.400 1766.621 8.320 0.000 0.000 0.75
2019-05-04_23:46:47 00295 11.592 152.800 1771.258 8.328 0.000 0.000 0.75
2019-05-04_23:46:48 00296 11.584 159.600 1848.806 8.344 0.400 3.338 0.75
2019-05-04_23:46:49 00297 11.576 186.000 2153.136 8.344 0.400 3.338 0.75
2019-05-04_23:46:50 00298 11.592 152.400 1766.621 8.360 0.000 0.000 0.75
2019-05-04_23:46:51 00299 11.576 162.800 1884.573 8.368 0.000 0.000 0.76
2019-05-04_23:46:52 00300 11.592 164.400 1905.725 8.384 0.000 0.000 0.76
2019-05-04_23:46:53 00301 11.584 152.400 1765.402 8.392 0.000 0.000 0.76
2019-05-04_23:46:54 00302 11.576 168.800 1954.029 8.392 0.400 3.357 0.76
2019-05-04_23:46:55 00303 11.584 152.400 1765.402 8.408 0.400 3.363 0.75