2019-05-05_00:59:26 04647 11.576 164.400 1903.094 8.336 0.400 3.334 0.75
2019-05-05_00:59:27 04648 11.576 170.800 1977.181 8.352 0.400 3.341 0.75
2019-05-05_00:59:28 04649 11.576 168.800 1954.029 8.360 0.400 3.344 0.76
2019-05-05_00:59:29 04650 11.560 198.000 2288.880 8.360 0.400 3.344 0.76
2019-05-05_00:59:30 04651 11.576 169.600 1963.290 8.384 0.400 3.354 0.76
2019-05-05_00:59:31 04652 11.576 166.800 1930.877 8.392 0.000 0.000 0.76
2019-05-05_00:59:32 04653 11.576 170.800 1977.181 8.400 0.000 0.000 0.76
2019-05-05_00:59:33 04654 11.568 171.600 1985.069 8.408 0.400 3.363 0.75
2019-05-05_00:59:34 04655 11.584 170.000 1969.280 8.312 0.000 0.000 0.75
2019-05-05_00:59:35 04656 11.560 198.000 2288.880 8.304 0.400 3.322 0.75
2019-05-05_00:59:36 04657 11.584 170.400 1973.914 8.328 0.000 0.000 0.75
2019-05-05_00:59:37 04658 11.584 167.600 1941.478 8.336 0.400 3.334 0.75
2019-05-05_00:59:38 04659 11.576 170.000 1967.920 8.352 0.000 0.000 0.75
2019-05-05_00:59:39 04660 11.576 170.800 1977.181 8.360 0.400 3.344 0.76
2019-05-05_00:59:40 04661 11.552 180.400 2083.981 8.352 0.000 0.000 0.76
2019-05-05_00:59:41 04662 11.576 168.000 1944.768 8.376 0.400 3.350 0.76
2019-05-05_00:59:42 04663 11.576 169.200 1958.659 8.400 0.400 3.360 0.76
2019-05-05_00:59:43 04664 11.568 171.200 1980.442 8.400 0.400 3.360 0.76
2019-05-05_00:59:44 04665 11.576 168.000 1944.768 8.408 0.400 3.363 0.75
2019-05-05_00:59:45 04666 11.584 169.600 1964.646 8.304 0.000 0.000 0.75
2019-05-05_00:59:46 04667 11.584 170.000 1969.280 8.320 0.400 3.328 0.75
2019-05-05_00:59:47 04668 11.584 169.200 1960.013 8.328 0.400 3.331 0.75
2019-05-05_00:59:48 04669 11.584 166.000 1922.944 8.336 0.400 3.334 0.75
2019-05-05_00:59:49 04670 11.576 169.200 1958.659 8.352 0.400 3.341 0.75
2019-05-05_00:59:50 04671 11.576 176.000 2037.376 8.344 0.000 0.000 0.76
2019-05-05_00:59:51 04672 11.576 167.200 1935.507 8.368 0.400 3.347 0.76
2019-05-05_00:59:52 04673 11.560 188.000 2173.280 8.368 0.400 3.347 0.76
2019-05-05_00:59:53 04674 11.576 170.400 1972.550 8.392 0.400 3.357 0.76
2019-05-05_00:59:54 04675 11.576 170.000 1967.920 8.400 0.000 0.000 0.76
2019-05-05_00:59:55 04676 11.552 198.000 2287.296 8.400 0.000 0.000 0.76
2019-05-05_00:59:56 04677 11.568 170.800 1975.814 8.424 0.000 0.000 0.75
2019-05-05_00:59:57 04678 11.584 160.400 1858.074 8.312 0.400 3.325 0.75
2019-05-05_00:59:58 04679 11.584 170.000 1969.280 8.328 0.000 0.000 0.75
2019-05-05_00:59:59 04680 11.576 170.400 1972.550 8.336 0.400 3.334 0.75
2019-05-05_01:00:00 04681 11.560 193.600 2238.016 8.336 0.400 3.334 0.75
2019-05-05_01:00:01 04682 11.576 170.400 1972.550 8.360 0.400 3.344 0.76
2019-05-05_01:00:02 04683 11.576 166.400 1926.246 8.376 0.400 3.350 0.76
2019-05-05_01:00:04 04684 11.576 170.400 1972.550 8.376 0.400 3.350 0.76
2019-05-05_01:00:05 04685 11.576 167.600 1940.138 8.392 0.400 3.357 0.76
2019-05-05_01:00:06 04686 11.576 164.400 1903.094 8.400 0.400 3.360 0.76
2019-05-05_01:00:07 04687 11.568 168.400 1948.051 8.408 0.000 0.000 0.75
2019-05-05_01:00:08 04688 11.584 169.200 1960.013 8.312 0.000 0.000 0.75
2019-05-05_01:00:09 04689 11.584 170.000 1969.280 8.320 0.000 0.000 0.75
2019-05-05_01:00:10 04690 11.584 168.800 1955.379 8.328 0.000 0.000 0.75
2019-05-05_01:00:11 04691 11.576 170.400 1972.550 8.336 0.400 3.334 0.75
2019-05-05_01:00:12 04692 11.576 170.400 1972.550 8.352 0.400 3.341 0.75
2019-05-05_01:00:13 04693 11.560 188.400 2177.904 8.344 0.400 3.338 0.76
2019-05-05_01:00:14 04694 11.576 169.200 1958.659 8.368 0.000 0.000 0.76
2019-05-05_01:00:15 04695 11.576 170.400 1972.550 8.376 0.400 3.350 0.76
2019-05-05_01:00:16 04696 11.552 183.200 2116.326 8.376 0.400 3.350 0.76
2019-05-05_01:00:17 04697 11.576 166.000 1921.616 8.400 0.000 0.000 0.76
2019-05-05_01:00:18 04698 11.552 187.600 2167.155 8.408 0.000 0.000 0.75
2019-05-05_01:00:19 04699 11.584 168.800 1955.379 8.304 0.000 0.000 0.75
2019-05-05_01:00:20 04700 11.584 168.800 1955.379 8.312 0.000 0.000 0.75
2019-05-05_01:00:21 04701 11.560 196.400 2270.384 8.320 0.400 3.328 0.75
2019-05-05_01:00:22 04702 11.576 170.000 1967.920 8.336 0.400 3.334 0.75
2019-05-05_01:00:23 04703 11.568 169.600 1961.933 8.336 0.400 3.334 0.75
2019-05-05_01:00:24 04704 11.576 170.400 1972.550 8.360 0.000 0.000 0.76
2019-05-05_01:00:25 04705 11.576 170.000 1967.920 8.368 0.000 0.000 0.76
2019-05-05_01:00:26 04706 11.552 179.600 2074.739 8.368 0.000 0.000 0.76
2019-05-05_01:00:27 04707 11.576 169.600 1963.290 8.392 0.000 0.000 0.76
2019-05-05_01:00:28 04708 11.576 170.000 1967.920 8.400 0.000 0.000 0.76
2019-05-05_01:00:29 04709 11.576 167.200 1935.507 8.408 0.000 0.000 0.75
2019-05-05_01:00:30 04710 11.560 196.800 2275.008 8.296 0.000 0.000 0.77
2019-05-05_01:00:31 04711 11.568 170.400 1971.187 8.552 0.000 0.000 0.76
2019-05-05_01:00:32 04712 11.568 170.400 1971.187 8.416 0.400 3.366 0.75
2019-05-05_01:00:33 04713 11.568 172.400 1994.323 8.296 0.000 0.000 0.77
2019-05-05_01:00:34 04714 11.568 168.800 1952.678 8.552 0.000 0.000 0.76
2019-05-05_01:00:35 04715 11.576 170.000 1967.920 8.416 0.000 0.000 0.75
2019-05-05_01:00:36 04716 11.560 180.800 2090.048 8.288 0.000 0.000 0.77
2019-05-05_01:00:37 04717 11.568 168.400 1948.051 8.552 0.000 0.000 0.76
2019-05-05_01:00:38 04718 11.552 194.000 2241.088 8.392 0.000 0.000 0.76
2019-05-05_01:00:39 04719 11.568 170.000 1966.560 8.424 0.000 0.000 0.75
2019-05-05_01:00:40 04720 11.584 169.200 1960.013 8.320 0.400 3.328 0.75
2019-05-05_01:00:41 04721 11.560 197.200 2279.632 8.312 0.400 3.325 0.75
2019-05-05_01:00:42 04722 11.584 170.400 1973.914 8.336 0.000 0.000 0.75
2019-05-05_01:00:43 04723 11.576 170.000 1967.920 8.352 0.000 0.000 0.75
2019-05-05_01:00:44 04724 11.576 168.800 1954.029 8.360 0.400 3.344 0.76
2019-05-05_01:00:45 04725 11.576 168.400 1949.398 8.368 0.400 3.347 0.76
2019-05-05_01:00:46 04726 11.576 169.600 1963.290 8.384 0.400 3.354 0.76
2019-05-05_01:00:47 04727 11.576 169.600 1963.290 8.392 0.400 3.357 0.76
2019-05-05_01:00:48 04728 11.576 169.200 1958.659 8.408 0.000 0.000 0.75
2019-05-05_01:00:49 04729 11.584 169.200 1960.013 8.296 0.000 0.000 0.77
2019-05-05_01:00:50 04730 11.568 168.000 1943.424 8.536 0.000 0.000 0.76
2019-05-05_01:00:51 04731 11.552 193.200 2231.846 8.400 0.000 0.000 0.76
2019-05-05_01:00:52 04732 11.568 169.600 1961.933 8.408 0.000 0.000 0.75
2019-05-05_01:00:53 04733 11.568 198.000 2290.464 8.296 0.000 0.000 0.77
2019-05-05_01:00:54 04734 11.568 169.600 1961.933 8.544 0.000 0.000 0.76
2019-05-05_01:00:55 04735 11.576 170.400 1972.550 8.408 0.000 0.000 0.75
2019-05-05_01:00:56 04736 11.568 192.800 2230.310 8.296 0.000 0.000 0.77
2019-05-05_01:00:57 04737 11.568 170.000 1966.560 8.544 0.000 0.000 0.76
2019-05-05_01:00:58 04738 11.552 188.000 2171.776 8.392 0.000 0.000 0.76
2019-05-05_01:00:59 04739 11.568 166.400 1924.915 8.424 0.000 0.000 0.75
2019-05-05_01:01:00 04740 11.584 169.200 1960.013 8.312 0.000 0.000 0.75
2019-05-05_01:01:01 04741 11.568 169.600 1961.933 8.312 0.000 0.000 0.75
2019-05-05_01:01:02 04742 11.584 168.800 1955.379 8.336 0.400 3.334 0.75
2019-05-05_01:01:03 04743 11.560 192.800 2228.768 8.336 0.000 0.000 0.75
2019-05-05_01:01:04 04744 11.576 169.600 1963.290 8.360 0.000 0.000 0.76
2019-05-05_01:01:05 04745 11.576 170.400 1972.550 8.368 0.000 0.000 0.76
2019-05-05_01:01:06 04746 11.568 173.200 2003.578 8.360 0.400 3.344 0.76
2019-05-05_01:01:07 04747 11.576 170.400 1972.550 8.392 0.400 3.357 0.76