2019-05-05_21:52:49 01314 2.240 -0.800 -1.792 7.944 196.400 1560.202 0.00
2019-05-05_21:52:50 01315 2.240 -0.800 -1.792 7.944 191.600 1522.070 0.00
2019-05-05_21:52:51 01316 2.240 -0.800 -1.792 7.928 216.400 1715.619 0.00
2019-05-05_21:52:52 01317 2.240 -0.800 -1.792 7.944 192.400 1528.426 0.00
2019-05-05_21:52:53 01318 2.240 -0.800 -1.792 7.928 216.400 1715.619 0.00
2019-05-05_21:52:54 01319 2.240 -0.800 -1.792 7.944 191.600 1522.070 0.00
2019-05-05_21:52:55 01320 2.240 -0.800 -1.792 7.944 192.800 1531.603 0.00
2019-05-05_21:52:56 01321 2.240 -0.800 -1.792 7.944 192.000 1525.248 0.00
2019-05-05_21:52:57 01322 2.240 -0.800 -1.792 7.944 192.800 1531.603 0.00
2019-05-05_21:52:58 01323 2.240 -0.800 -1.792 7.944 192.000 1525.248 0.00
2019-05-05_21:52:59 01324 2.240 -0.800 -1.792 7.944 192.000 1525.248 0.00
2019-05-05_21:53:00 01325 2.240 -0.800 -1.792 7.944 192.000 1525.248 0.00
2019-05-05_21:53:01 01326 2.240 -0.800 -1.792 7.936 192.800 1530.061 0.00
2019-05-05_21:53:02 01327 2.240 -0.800 -1.792 7.944 192.400 1528.426 0.00
2019-05-05_21:53:03 01328 2.240 -0.800 -1.792 7.944 192.000 1525.248 0.00
2019-05-05_21:53:04 01329 2.240 -0.800 -1.792 7.944 192.000 1525.248 0.00
2019-05-05_21:53:05 01330 2.240 -0.800 -1.792 7.944 200.000 1588.800 0.00
2019-05-05_21:53:06 01331 2.240 -0.800 -1.792 7.944 192.400 1528.426 0.00
2019-05-05_21:53:07 01332 2.240 -0.800 -1.792 7.944 192.800 1531.603 0.00
2019-05-05_21:53:08 01333 2.240 -0.800 -1.792 7.944 192.400 1528.426 0.00
2019-05-05_21:53:09 01334 2.240 -0.800 -1.792 7.944 193.200 1534.781 0.00
2019-05-05_21:53:10 01335 2.240 -0.800 -1.792 7.944 192.400 1528.426 0.00
2019-05-05_21:53:11 01336 2.240 -0.800 -1.792 7.944 191.600 1522.070 0.00
2019-05-05_21:53:12 01337 2.240 -0.800 -1.792 7.936 192.800 1530.061 0.00
2019-05-05_21:53:13 01338 2.240 -0.800 -1.792 7.944 192.400 1528.426 0.00
2019-05-05_21:53:14 01339 2.240 -0.800 -1.792 7.944 192.000 1525.248 0.00
2019-05-05_21:53:15 01340 2.240 -0.800 -1.792 7.944 193.200 1534.781 0.00
2019-05-05_21:53:16 01341 2.240 -0.800 -1.792 7.928 192.000 1522.176 0.00
2019-05-05_21:53:17 01342 2.240 -0.800 -1.792 7.944 192.000 1525.248 0.00
2019-05-05_21:53:18 01343 2.240 -0.800 -1.792 7.944 192.400 1528.426 0.00
2019-05-05_21:53:19 01344 2.240 -0.800 -1.792 7.944 192.400 1528.426 0.00
2019-05-05_21:53:20 01345 2.240 -0.800 -1.792 7.944 202.000 1604.688 0.00
2019-05-05_21:53:21 01346 2.240 -0.800 -1.792 7.944 192.000 1525.248 0.00
2019-05-05_21:53:22 01347 2.240 -0.800 -1.792 7.944 192.800 1531.603 0.00
2019-05-05_21:53:23 01348 2.240 -0.800 -1.792 7.936 192.400 1526.886 0.00
2019-05-05_21:53:24 01349 2.240 -0.800 -1.792 7.944 192.400 1528.426 0.00
2019-05-05_21:53:25 01350 2.240 -0.800 -1.792 7.944 192.800 1531.603 0.00
2019-05-05_21:53:26 01351 2.240 -0.800 -1.792 7.920 218.000 1726.560 0.00
2019-05-05_21:53:27 01352 2.240 -0.800 -1.792 7.944 192.400 1528.426 0.00
2019-05-05_21:53:28 01353 2.240 -0.800 -1.792 7.944 192.000 1525.248 0.00
2019-05-05_21:53:29 01354 2.240 -0.800 -1.792 7.944 192.800 1531.603 0.00
2019-05-05_21:53:30 01355 2.240 -0.800 -1.792 7.928 192.000 1522.176 0.00
2019-05-05_21:53:31 01356 2.240 -0.800 -1.792 7.944 191.600 1522.070 0.00
2019-05-05_21:53:32 01357 2.240 -0.800 -1.792 7.944 192.000 1525.248 0.00
2019-05-05_21:53:33 01358 2.240 -0.400 -0.896 7.944 192.800 1531.603 0.00
2019-05-05_21:53:34 01359 2.240 -0.800 -1.792 7.928 192.400 1525.347 0.00
2019-05-05_21:53:35 01360 2.240 -0.800 -1.792 7.944 192.000 1525.248 0.00
2019-05-05_21:53:36 01361 2.240 -0.800 -1.792 7.944 192.800 1531.603 0.00
2019-05-05_21:53:37 01362 2.240 -0.800 -1.792 7.928 192.400 1525.347 0.00
2019-05-05_21:53:38 01363 2.240 -0.800 -1.792 7.944 193.200 1534.781 0.00
2019-05-05_21:53:39 01364 2.240 -0.800 -1.792 7.944 192.400 1528.426 0.00
2019-05-05_21:53:40 01365 2.240 -0.800 -1.792 7.944 192.400 1528.426 0.00
2019-05-05_21:53:41 01366 2.240 -0.800 -1.792 7.944 192.000 1525.248 0.00
2019-05-05_21:53:42 01367 2.240 -0.800 -1.792 7.944 192.000 1525.248 0.00
2019-05-05_21:53:43 01368 2.240 -0.800 -1.792 7.944 192.400 1528.426 0.00
2019-05-05_21:53:44 01369 2.240 -0.800 -1.792 7.944 193.200 1534.781 0.00
2019-05-05_21:53:45 01370 2.240 -0.800 -1.792 7.936 192.400 1526.886 0.00
2019-05-05_21:53:46 01371 2.240 -0.800 -1.792 7.944 192.000 1525.248 0.00
2019-05-05_21:53:47 01372 2.240 -0.800 -1.792 7.944 192.000 1525.248 0.00
2019-05-05_21:53:48 01373 2.240 -0.800 -1.792 7.944 192.400 1528.426 0.00
2019-05-05_21:53:49 01374 2.240 -0.800 -1.792 7.944 191.600 1522.070 0.00
2019-05-05_21:53:50 01375 2.240 -0.800 -1.792 7.936 193.200 1533.235 0.00
2019-05-05_21:53:51 01376 2.240 -0.800 -1.792 7.944 192.400 1528.426 0.00
2019-05-05_21:53:52 01377 2.240 -0.800 -1.792 7.944 192.000 1525.248 0.00
2019-05-05_21:53:53 01378 2.240 -0.800 -1.792 7.936 192.000 1523.712 0.00
2019-05-05_21:53:54 01379 2.240 -0.800 -1.792 7.936 192.400 1526.886 0.00
2019-05-05_21:53:55 01380 2.240 -0.800 -1.792 7.944 192.400 1528.426 0.00
2019-05-05_21:53:56 01381 2.240 -0.800 -1.792 7.944 192.400 1528.426 0.00
2019-05-05_21:53:57 01382 2.240 -0.800 -1.792 7.944 192.000 1525.248 0.00
2019-05-05_21:53:58 01383 2.240 -0.800 -1.792 7.944 192.400 1528.426 0.00
2019-05-05_21:53:59 01384 2.240 -0.800 -1.792 7.944 192.400 1528.426 0.00
2019-05-05_21:54:00 01385 2.240 -0.800 -1.792 7.944 196.800 1563.379 0.00
2019-05-05_21:54:01 01386 2.240 -0.800 -1.792 7.944 192.400 1528.426 0.00
2019-05-05_21:54:02 01387 2.240 -0.800 -1.792 7.944 192.000 1525.248 0.00
2019-05-05_21:54:03 01388 2.240 -0.800 -1.792 7.928 192.800 1528.518 0.00
2019-05-05_21:54:04 01389 2.240 -0.800 -1.792 7.944 192.400 1528.426 0.00
2019-05-05_21:54:05 01390 2.240 -0.800 -1.792 7.944 192.400 1528.426 0.00
2019-05-05_21:54:06 01391 2.240 -0.800 -1.792 7.944 192.000 1525.248 0.00
2019-05-05_21:54:07 01392 2.240 -0.800 -1.792 7.944 192.000 1525.248 0.00
2019-05-05_21:54:08 01393 2.240 -0.800 -1.792 7.928 192.400 1525.347 0.00
2019-05-05_21:54:09 01394 2.240 -0.800 -1.792 7.944 192.400 1528.426 0.00
2019-05-05_21:54:10 01395 2.240 -0.800 -1.792 7.944 192.400 1528.426 0.00
2019-05-05_21:54:11 01396 2.240 -0.800 -1.792 7.936 192.000 1523.712 0.00
2019-05-05_21:54:12 01397 2.240 -0.800 -1.792 7.944 191.600 1522.070 0.00
2019-05-05_21:54:13 01398 2.240 -0.800 -1.792 7.944 192.400 1528.426 0.00
2019-05-05_21:54:14 01399 2.240 -0.800 -1.792 7.944 192.400 1528.426 0.00
2019-05-05_21:54:15 01400 2.240 -0.800 -1.792 7.944 192.400 1528.426 0.00
2019-05-05_21:54:16 01401 2.240 -0.800 -1.792 7.944 192.000 1525.248 0.00
2019-05-05_21:54:17 01402 2.240 -0.800 -1.792 7.944 192.000 1525.248 0.00
2019-05-05_21:54:18 01403 2.240 -0.800 -1.792 7.936 192.400 1526.886 0.00
2019-05-05_21:54:19 01404 2.240 -0.800 -1.792 7.944 192.400 1528.426 0.00
2019-05-05_21:54:20 01405 2.240 -0.800 -1.792 7.944 192.000 1525.248 0.00
2019-05-05_21:54:21 01406 2.240 -0.800 -1.792 7.944 192.400 1528.426 0.00
2019-05-05_21:54:22 01407 2.240 -0.800 -1.792 7.912 217.200 1718.486 0.00
2019-05-05_21:54:23 01408 2.240 -0.800 -1.792 7.944 192.000 1525.248 0.00
2019-05-05_21:54:24 01409 2.240 -0.800 -1.792 7.944 192.400 1528.426 0.00
2019-05-05_21:54:25 01410 2.240 -0.800 -1.792 7.936 192.400 1526.886 0.00
2019-05-05_21:54:26 01411 2.240 -0.800 -1.792 7.920 221.600 1755.072 0.00
2019-05-05_21:54:27 01412 2.240 -0.800 -1.792 7.944 192.400 1528.426 0.00
2019-05-05_21:54:28 01413 2.240 -0.800 -1.792 7.944 192.400 1528.426 0.00
2019-05-05_21:54:29 01414 2.240 -0.800 -1.792 7.944 193.200 1534.781 0.00