2019-05-05_01:29:47 06465 11.584 152.400 1765.402 8.344 0.400 3.338 0.75
2019-05-05_01:29:48 06466 11.576 168.800 1954.029 8.352 0.400 3.341 0.75
2019-05-05_01:29:49 06467 11.592 152.800 1771.258 8.368 0.400 3.347 0.76
2019-05-05_01:29:50 06468 11.568 169.200 1957.306 8.368 0.000 0.000 0.76
2019-05-05_01:29:51 06469 11.592 152.800 1771.258 8.392 0.000 0.000 0.76
2019-05-05_01:29:52 06470 11.584 152.800 1770.035 8.400 0.400 3.360 0.76
2019-05-05_01:29:53 06471 11.560 170.800 1974.448 8.400 0.400 3.360 0.76
2019-05-05_01:29:54 06472 11.584 152.800 1770.035 8.424 0.400 3.370 0.75
2019-05-05_01:29:55 06473 11.584 169.200 1960.013 8.304 0.000 0.000 0.75
2019-05-05_01:29:56 06474 11.584 152.800 1770.035 8.328 0.400 3.331 0.75
2019-05-05_01:29:57 06475 11.584 159.600 1848.806 8.336 0.400 3.334 0.75
2019-05-05_01:29:58 06476 11.584 168.800 1955.379 8.344 0.400 3.338 0.75
2019-05-05_01:29:59 06477 11.592 152.800 1771.258 8.360 0.400 3.344 0.75
2019-05-05_01:30:00 06478 11.560 198.800 2298.128 8.352 0.400 3.341 0.76
2019-05-05_01:30:01 06479 11.560 194.000 2242.640 8.360 0.000 0.000 0.76
2019-05-05_01:30:02 06480 11.552 198.800 2296.538 8.368 0.000 0.000 0.76
2019-05-05_01:30:03 06481 11.552 198.400 2291.917 8.376 0.400 3.350 0.76
2019-05-05_01:30:04 06482 11.552 197.200 2278.054 8.384 0.000 0.000 0.76
2019-05-05_01:30:05 06483 11.560 198.000 2288.880 8.400 0.000 0.000 0.76
2019-05-05_01:30:06 06484 11.552 198.800 2296.538 8.416 0.000 0.000 0.75
2019-05-05_01:30:07 06485 11.560 199.200 2302.752 8.304 0.000 0.000 0.75
2019-05-05_01:30:08 06486 11.560 197.600 2284.256 8.312 0.400 3.325 0.75
2019-05-05_01:30:09 06487 11.560 198.000 2288.880 8.328 0.400 3.331 0.75
2019-05-05_01:30:10 06488 11.560 194.800 2251.888 8.336 0.000 0.000 0.75
2019-05-05_01:30:11 06489 11.576 193.600 2241.114 8.360 0.400 3.344 0.76
2019-05-05_01:30:12 06490 11.560 200.400 2316.624 8.352 0.400 3.341 0.76
2019-05-05_01:30:13 06491 11.560 198.000 2288.880 8.368 0.400 3.347 0.76
2019-05-05_01:30:14 06492 11.552 196.800 2273.434 8.376 0.000 0.000 0.76
2019-05-05_01:30:15 06493 11.560 199.200 2302.752 8.384 0.000 0.000 0.76
2019-05-05_01:30:16 06494 11.552 197.600 2282.675 8.400 0.000 0.000 0.76
2019-05-05_01:30:17 06495 11.552 196.000 2264.192 8.416 0.400 3.366 0.75
2019-05-05_01:30:18 06496 11.560 199.200 2302.752 8.304 0.000 0.000 0.75
2019-05-05_01:30:19 06497 11.560 199.200 2302.752 8.312 0.000 0.000 0.75
2019-05-05_01:30:20 06498 11.560 200.400 2316.624 8.328 0.400 3.331 0.75
2019-05-05_01:30:21 06499 11.560 197.200 2279.632 8.336 0.000 0.000 0.75
2019-05-05_01:30:22 06500 11.560 187.600 2168.656 8.352 0.000 0.000 0.76
2019-05-05_01:30:23 06501 11.560 186.400 2154.784 8.360 0.000 0.000 0.76
2019-05-05_01:30:24 06502 11.568 183.600 2123.885 8.368 0.400 3.347 0.76
2019-05-05_01:30:25 06503 11.552 198.000 2287.296 8.376 0.000 0.000 0.76
2019-05-05_01:30:26 06504 11.560 184.800 2136.288 8.392 0.000 0.000 0.76
2019-05-05_01:30:27 06505 11.560 186.400 2154.784 8.400 0.400 3.360 0.76
2019-05-05_01:30:28 06506 11.560 196.400 2270.384 8.416 0.000 0.000 0.75
2019-05-05_01:30:29 06507 11.560 200.400 2316.624 8.304 0.000 0.000 0.75
2019-05-05_01:30:30 06508 11.568 197.600 2285.837 8.312 0.400 3.325 0.75
2019-05-05_01:30:31 06509 11.560 187.200 2164.032 8.328 0.000 0.000 0.75
2019-05-05_01:30:32 06510 11.560 192.400 2224.144 8.336 0.000 0.000 0.75
2019-05-05_01:30:33 06511 11.568 196.800 2276.582 8.344 0.000 0.000 0.76
2019-05-05_01:30:34 06512 11.560 196.800 2275.008 8.352 0.000 0.000 0.76
2019-05-05_01:30:35 06513 11.560 196.800 2275.008 8.368 0.400 3.347 0.76
2019-05-05_01:30:36 06514 11.560 192.400 2224.144 8.384 0.400 3.354 0.76
2019-05-05_01:30:37 06515 11.552 194.800 2250.330 8.392 0.000 0.000 0.76
2019-05-05_01:30:38 06516 11.552 200.800 2319.642 8.400 0.000 0.000 0.76
2019-05-05_01:30:39 06517 11.552 200.000 2310.400 8.408 0.400 3.363 0.75
2019-05-05_01:30:40 06518 11.560 199.200 2302.752 8.296 0.000 0.000 0.77
2019-05-05_01:30:41 06519 11.552 192.000 2217.984 8.552 0.000 0.000 0.76
2019-05-05_01:30:42 06520 11.552 198.000 2287.296 8.416 0.000 0.000 0.75
2019-05-05_01:30:43 06521 11.568 189.600 2193.293 8.304 0.000 0.000 0.75
2019-05-05_01:30:44 06522 11.560 200.000 2312.000 8.312 0.000 0.000 0.75
2019-05-05_01:30:45 06523 11.560 198.800 2298.128 8.328 0.400 3.331 0.75
2019-05-05_01:30:46 06524 11.568 191.600 2216.429 8.336 0.400 3.334 0.75
2019-05-05_01:30:47 06525 11.560 196.800 2275.008 8.344 0.400 3.338 0.76
2019-05-05_01:30:48 06526 11.560 189.200 2187.152 8.360 0.000 0.000 0.76
2019-05-05_01:30:49 06527 11.560 189.200 2187.152 8.368 0.400 3.347 0.76
2019-05-05_01:30:50 06528 11.560 196.000 2265.760 8.376 0.000 0.000 0.76
2019-05-05_01:30:51 06529 11.560 196.400 2270.384 8.384 0.000 0.000 0.76
2019-05-05_01:30:52 06530 11.552 191.200 2208.742 8.400 0.000 0.000 0.76
2019-05-05_01:30:53 06531 11.552 190.000 2194.880 8.416 0.000 0.000 0.75
2019-05-05_01:30:54 06532 11.568 196.800 2276.582 8.304 0.000 0.000 0.75
2019-05-05_01:30:55 06533 11.560 192.400 2224.144 8.320 0.400 3.328 0.75
2019-05-05_01:30:56 06534 11.568 195.600 2262.701 8.328 0.400 3.331 0.75
2019-05-05_01:30:57 06535 11.560 187.600 2168.656 8.336 0.400 3.334 0.75
2019-05-05_01:30:58 06536 11.560 191.600 2214.896 8.344 0.400 3.338 0.76
2019-05-05_01:30:59 06537 11.576 176.000 2037.376 8.368 0.000 0.000 0.76
2019-05-05_01:31:00 06538 11.568 192.800 2230.310 8.368 0.400 3.347 0.76
2019-05-05_01:31:02 06539 11.552 195.600 2259.571 8.384 0.000 0.000 0.76
2019-05-05_01:31:03 06540 11.552 192.400 2222.605 8.392 0.000 0.000 0.76
2019-05-05_01:31:04 06541 11.560 196.000 2265.760 8.400 0.000 0.000 0.76
2019-05-05_01:31:05 06542 11.552 194.000 2241.088 8.416 0.000 0.000 0.75
2019-05-05_01:31:06 06543 11.576 198.800 2301.309 8.312 0.400 3.325 0.75
2019-05-05_01:31:07 06544 11.560 186.800 2159.408 8.312 0.000 0.000 0.75
2019-05-05_01:31:08 06545 11.560 194.000 2242.640 8.328 0.000 0.000 0.75
2019-05-05_01:31:09 06546 11.560 195.200 2256.512 8.336 0.400 3.334 0.75
2019-05-05_01:31:10 06547 11.560 188.400 2177.904 8.344 0.000 0.000 0.76
2019-05-05_01:31:11 06548 11.560 191.200 2210.272 8.360 0.000 0.000 0.76
2019-05-05_01:31:12 06549 11.560 190.800 2205.648 8.376 0.000 0.000 0.76
2019-05-05_01:31:13 06550 11.552 194.800 2250.330 8.384 0.400 3.354 0.76
2019-05-05_01:31:14 06551 11.560 192.000 2219.520 8.384 0.400 3.354 0.76
2019-05-05_01:31:15 06552 11.552 199.600 2305.779 8.408 0.400 3.363 0.75
2019-05-05_01:31:16 06553 11.568 197.600 2285.837 8.296 0.400 3.318 0.77
2019-05-05_01:31:17 06554 11.552 199.600 2305.779 8.536 0.000 0.000 0.76
2019-05-05_01:31:18 06555 11.560 190.800 2205.648 8.400 0.000 0.000 0.76
2019-05-05_01:31:19 06556 11.552 197.600 2282.675 8.416 0.000 0.000 0.75
2019-05-05_01:31:20 06557 11.560 194.000 2242.640 8.304 0.400 3.322 0.75
2019-05-05_01:31:21 06558 11.560 196.800 2275.008 8.312 0.400 3.325 0.75
2019-05-05_01:31:22 06559 11.568 196.000 2267.328 8.328 0.400 3.331 0.75
2019-05-05_01:31:23 06560 11.560 194.800 2251.888 8.336 0.400 3.334 0.75
2019-05-05_01:31:24 06561 11.568 195.600 2262.701 8.344 0.000 0.000 0.76
2019-05-05_01:31:25 06562 11.560 196.800 2275.008 8.352 0.000 0.000 0.76
2019-05-05_01:31:26 06563 11.560 196.800 2275.008 8.368 0.000 0.000 0.76
2019-05-05_01:31:27 06564 11.568 194.000 2244.192 8.376 0.400 3.350 0.76
2019-05-05_01:31:28 06565 11.552 188.000 2171.776 8.392 0.000 0.000 0.76