2019-05-05_22:51:48 04849 11.248 564.800 6352.870 8.400 -473.200 -3974.880 0.83
2019-05-05_22:51:49 04850 11.248 571.600 6429.357 8.408 -478.800 -4025.750 0.82
2019-05-05_22:51:50 04851 11.280 519.600 5861.088 8.344 -416.800 -3477.779 0.82
2019-05-05_22:51:51 04852 11.288 514.000 5802.032 8.352 -428.000 -3574.656 0.83
2019-05-05_22:51:52 04853 11.272 526.400 5933.581 8.360 -428.400 -3581.424 0.83
2019-05-05_22:51:53 04854 11.264 533.600 6010.470 8.360 -434.800 -3634.928 0.83
2019-05-05_22:51:54 04855 11.272 539.600 6082.371 8.368 -443.200 -3708.698 0.83
2019-05-05_22:51:55 04856 11.256 548.000 6168.288 8.376 -446.000 -3735.696 0.83
2019-05-05_22:51:56 04857 11.264 550.000 6195.200 8.384 -454.800 -3813.043 0.83
2019-05-05_22:51:57 04858 11.264 544.000 6127.616 8.392 -466.400 -3914.029 0.83
2019-05-05_22:51:58 04859 11.256 558.800 6289.853 8.392 -464.800 -3900.602 0.83
2019-05-05_22:51:59 04860 11.248 568.400 6393.363 8.400 -476.800 -4005.120 0.83
2019-05-05_22:52:00 04861 11.264 556.400 6267.290 8.408 -484.000 -4069.472 0.82
2019-05-05_22:52:01 04862 11.280 516.400 5824.992 8.344 -412.000 -3437.728 0.82
2019-05-05_22:52:02 04863 11.272 524.000 5906.528 8.352 -422.400 -3527.885 0.83
2019-05-05_22:52:03 04864 11.272 527.600 5947.107 8.360 -429.200 -3588.112 0.83
2019-05-05_22:52:04 04865 11.264 533.600 6010.470 8.368 -435.200 -3641.754 0.83
2019-05-05_22:52:05 04866 11.264 536.800 6046.515 8.368 -440.000 -3681.920 0.83
2019-05-05_22:52:06 04867 11.264 541.200 6096.077 8.376 -446.800 -3742.397 0.83
2019-05-05_22:52:07 04868 11.256 548.800 6177.293 8.384 -456.800 -3829.811 0.83
2019-05-05_22:52:08 04869 11.264 554.000 6240.256 8.392 -464.000 -3893.888 0.83
2019-05-05_22:52:09 04870 11.256 557.600 6276.346 8.392 -465.200 -3903.958 0.83
2019-05-05_22:52:10 04871 11.256 564.800 6357.389 8.400 -472.800 -3971.520 0.83
2019-05-05_22:52:11 04872 11.256 563.600 6343.882 8.408 -485.600 -4082.925 0.82
2019-05-05_22:52:12 04873 11.280 515.200 5811.456 8.344 -413.600 -3451.078 0.82
2019-05-05_22:52:13 04874 11.280 523.200 5901.696 8.352 -423.200 -3534.566 0.83
2019-05-05_22:52:14 04875 11.272 526.800 5938.090 8.360 -427.200 -3571.392 0.83
2019-05-05_22:52:15 04876 11.280 523.600 5906.208 8.368 -439.200 -3675.226 0.83
2019-05-05_22:52:16 04877 11.264 538.000 6060.032 8.368 -440.800 -3688.614 0.83
2019-05-05_22:52:17 04878 11.264 530.400 5974.426 8.376 -451.200 -3779.251 0.83
2019-05-05_22:52:18 04879 11.264 541.600 6100.582 8.384 -459.600 -3853.286 0.83
2019-05-05_22:52:19 04880 11.256 553.600 6231.322 8.384 -454.800 -3813.043 0.83
2019-05-05_22:52:20 04881 11.256 560.400 6307.862 8.392 -464.000 -3893.888 0.83
2019-05-05_22:52:21 04882 11.248 562.400 6325.875 8.400 -472.400 -3968.160 0.83
2019-05-05_22:52:22 04883 11.256 559.600 6298.858 8.416 -485.200 -4083.443 0.82
2019-05-05_22:52:23 04884 11.280 513.200 5788.896 8.344 -411.600 -3434.390 0.82
2019-05-05_22:52:24 04885 11.272 522.000 5883.984 8.352 -420.400 -3511.181 0.83
2019-05-05_22:52:25 04886 11.272 528.000 5951.616 8.360 -425.600 -3558.016 0.83
2019-05-05_22:52:26 04887 11.272 532.000 5996.704 8.368 -433.200 -3625.018 0.83
2019-05-05_22:52:27 04888 11.272 532.400 6001.213 8.376 -449.200 -3762.499 0.83
2019-05-05_22:52:28 04889 11.280 516.800 5829.504 8.384 -458.400 -3843.226 0.83
2019-05-05_22:52:29 04890 11.264 543.600 6123.110 8.384 -449.200 -3766.093 0.83
2019-05-05_22:52:30 04891 11.264 543.200 6118.605 8.392 -464.800 -3900.602 0.83
2019-05-05_22:52:31 04892 11.256 553.600 6231.322 8.392 -465.200 -3903.958 0.83
2019-05-05_22:52:32 04893 11.256 558.000 6280.848 8.400 -472.400 -3968.160 0.83
2019-05-05_22:52:33 04894 11.264 560.800 6316.851 8.408 -474.000 -3985.392 0.82
2019-05-05_22:52:34 04895 11.288 503.200 5680.122 8.352 -418.400 -3494.477 0.82
2019-05-05_22:52:35 04896 11.280 514.800 5806.944 8.352 -420.800 -3514.522 0.83
2019-05-05_22:52:36 04897 11.272 525.600 5924.563 8.360 -427.200 -3571.392 0.83
2019-05-05_22:52:37 04898 11.272 532.000 5996.704 8.368 -435.200 -3641.754 0.83
2019-05-05_22:52:38 04899 11.264 536.800 6046.515 8.376 -447.600 -3749.098 0.83
2019-05-05_22:52:39 04900 11.272 532.400 6001.213 8.384 -452.800 -3796.275 0.83
2019-05-05_22:52:40 04901 11.272 534.800 6028.266 8.384 -450.400 -3776.154 0.83
2019-05-05_22:52:41 04902 11.264 545.600 6145.638 8.392 -465.200 -3903.958 0.83
2019-05-05_22:52:42 04903 11.264 547.200 6163.661 8.400 -467.600 -3927.840 0.83
2019-05-05_22:52:43 04904 11.256 560.800 6312.365 8.408 -471.200 -3961.850 0.82
2019-05-05_22:52:44 04905 11.296 501.600 5666.074 8.344 -414.000 -3454.416 0.82
2019-05-05_22:52:45 04906 11.280 514.400 5802.432 8.352 -412.000 -3441.024 0.82
2019-05-05_22:52:46 04907 11.272 527.200 5942.598 8.360 -422.000 -3527.920 0.83
2019-05-05_22:52:47 04908 11.272 525.200 5920.054 8.360 -428.000 -3578.080 0.83
2019-05-05_22:52:48 04909 11.272 531.600 5992.195 8.368 -434.000 -3631.712 0.83
2019-05-05_22:52:49 04910 11.264 535.600 6032.998 8.376 -438.000 -3668.688 0.83
2019-05-05_22:52:50 04911 11.264 537.200 6051.021 8.376 -445.600 -3732.346 0.83
2019-05-05_22:52:51 04912 11.264 546.400 6154.650 8.384 -451.200 -3782.861 0.83
2019-05-05_22:52:52 04913 11.256 547.600 6163.786 8.392 -455.200 -3820.038 0.83
2019-05-05_22:52:53 04914 11.256 556.000 6258.336 8.392 -462.800 -3883.818 0.83
2019-05-05_22:52:54 04915 11.256 562.800 6334.877 8.400 -472.000 -3964.800 0.83
2019-05-05_22:52:55 04916 11.256 561.200 6316.867 8.416 -482.400 -4059.878 0.82
2019-05-05_22:52:56 04917 11.288 508.800 5743.334 8.352 -419.600 -3504.499 0.82
2019-05-05_22:52:57 04918 11.288 510.000 5756.880 8.360 -426.000 -3561.360 0.83
2019-05-05_22:52:58 04919 11.272 526.400 5933.581 8.360 -424.000 -3544.640 0.83
2019-05-05_22:52:59 04920 11.280 526.800 5942.304 8.368 -437.600 -3661.837 0.83
2019-05-05_22:53:00 04921 11.264 536.800 6046.515 8.368 -436.000 -3648.448 0.83
2019-05-05_22:53:01 04922 11.272 528.800 5960.634 8.384 -449.200 -3766.093 0.83
2019-05-05_22:53:02 04923 11.264 538.400 6064.538 8.392 -457.600 -3840.179 0.83
2019-05-05_22:53:03 04924 11.264 538.400 6064.538 8.392 -462.800 -3883.818 0.83
2019-05-05_22:53:04 04925 11.264 543.600 6123.110 8.400 -470.800 -3954.720 0.83
2019-05-05_22:53:05 04926 11.264 554.400 6244.762 8.408 -475.200 -3995.482 0.82
2019-05-05_22:53:06 04927 11.288 510.400 5761.395 8.344 -401.600 -3350.950 0.82
2019-05-05_22:53:07 04928 11.288 503.200 5680.122 8.352 -416.800 -3481.114 0.82
2019-05-05_22:53:08 04929 11.264 522.400 5884.314 8.360 -410.800 -3434.288 0.83
2019-05-05_22:53:09 04930 11.288 498.400 5625.939 8.368 -443.200 -3708.698 0.83
2019-05-05_22:53:10 04931 11.280 521.600 5883.648 8.368 -439.600 -3678.573 0.83
2019-05-05_22:53:11 04932 11.272 524.400 5911.037 8.376 -444.000 -3718.944 0.83
2019-05-05_22:53:12 04933 11.272 532.000 5996.704 8.384 -449.200 -3766.093 0.83
2019-05-05_22:53:13 04934 11.272 543.600 6127.459 8.384 -452.800 -3796.275 0.83
2019-05-05_22:53:14 04935 11.256 550.000 6190.800 8.392 -454.800 -3816.682 0.83
2019-05-05_22:53:15 04936 11.256 555.600 6253.834 8.400 -462.000 -3880.800 0.83
2019-05-05_22:53:16 04937 11.256 548.800 6177.293 8.408 -474.400 -3988.755 0.82
2019-05-05_22:53:17 04938 11.288 496.800 5607.878 8.344 -412.400 -3441.066 0.82
2019-05-05_22:53:18 04939 11.288 500.800 5653.030 8.352 -412.800 -3447.706 0.82
2019-05-05_22:53:19 04940 11.288 510.800 5765.910 8.360 -426.000 -3561.360 0.83
2019-05-05_22:53:20 04941 11.288 518.800 5856.214 8.368 -433.200 -3625.018 0.83
2019-05-05_22:53:21 04942 11.296 507.200 5729.331 8.376 -445.200 -3728.995 0.83
2019-05-05_22:53:22 04943 11.272 521.600 5879.475 8.376 -444.400 -3722.294 0.83
2019-05-05_22:53:23 04944 11.272 534.400 6023.757 8.376 -435.200 -3645.235 0.83
2019-05-05_22:53:24 04945 11.240 561.600 6312.384 8.384 -440.800 -3695.667 0.83
2019-05-05_22:53:25 04946 11.264 538.400 6064.538 8.392 -462.000 -3877.104 0.83
2019-05-05_22:53:26 04947 11.272 546.800 6163.530 8.400 -468.400 -3934.560 0.83
2019-05-05_22:53:27 04948 11.272 535.600 6037.283 8.416 -483.600 -4069.978 0.82
2019-05-05_22:53:28 04949 11.288 502.000 5666.576 8.352 -409.200 -3417.638 0.82