2019-05-05_21:35:58 00304 2.240 -0.800 -1.792 7.960 200.800 1598.368 0.00
2019-05-05_21:35:59 00305 2.240 -0.800 -1.792 7.968 194.800 1552.166 0.00
2019-05-05_21:36:00 00306 2.240 -0.800 -1.792 7.968 195.200 1555.354 0.00
2019-05-05_21:36:01 00307 2.240 -0.800 -1.792 7.968 194.800 1552.166 0.00
2019-05-05_21:36:02 00308 2.240 -0.800 -1.792 7.968 194.800 1552.166 0.00
2019-05-05_21:36:03 00309 2.240 -0.800 -1.792 7.960 195.200 1553.792 0.00
2019-05-05_21:36:04 00310 2.240 -0.800 -1.792 7.968 194.800 1552.166 0.00
2019-05-05_21:36:05 00311 2.240 -0.800 -1.792 7.968 195.200 1555.354 0.00
2019-05-05_21:36:06 00312 2.240 -0.800 -1.792 7.968 194.800 1552.166 0.00
2019-05-05_21:36:07 00313 2.240 -0.800 -1.792 7.968 195.200 1555.354 0.00
2019-05-05_21:36:08 00314 2.240 -0.800 -1.792 7.968 197.600 1574.477 0.00
2019-05-05_21:36:09 00315 2.240 -0.800 -1.792 7.968 195.200 1555.354 0.00
2019-05-05_21:36:10 00316 2.240 -0.400 -0.896 7.968 194.800 1552.166 0.00
2019-05-05_21:36:11 00317 2.240 -0.800 -1.792 7.968 194.800 1552.166 0.00
2019-05-05_21:36:12 00318 2.240 -0.800 -1.792 7.968 197.600 1574.477 0.00
2019-05-05_21:36:13 00319 2.240 -0.800 -1.792 7.952 218.800 1739.898 0.00
2019-05-05_21:36:14 00320 2.240 -0.800 -1.792 7.968 194.800 1552.166 0.00
2019-05-05_21:36:15 00321 2.240 -0.800 -1.792 7.968 194.400 1548.979 0.00
2019-05-05_21:36:16 00322 2.240 -0.800 -1.792 7.960 192.400 1531.504 0.00
2019-05-05_21:36:17 00323 2.240 -0.800 -1.792 7.968 198.000 1577.664 0.00
2019-05-05_21:36:18 00324 2.240 -0.800 -1.792 7.968 195.600 1558.541 0.00
2019-05-05_21:36:19 00325 2.240 -0.800 -1.792 7.968 192.800 1536.230 0.00
2019-05-05_21:36:20 00326 2.240 -0.800 -1.792 7.960 192.000 1528.320 0.00
2019-05-05_21:36:21 00327 2.240 -0.800 -1.792 7.952 196.400 1561.773 0.00
2019-05-05_21:36:22 00328 2.240 -0.800 -1.792 7.968 195.200 1555.354 0.00
2019-05-05_21:36:23 00329 2.240 -0.800 -1.792 7.968 192.800 1536.230 0.00
2019-05-05_21:36:24 00330 2.240 -0.800 -1.792 7.968 192.400 1533.043 0.00
2019-05-05_21:36:25 00331 2.240 -0.800 -1.792 7.968 210.800 1679.654 0.00
2019-05-05_21:36:26 00332 2.240 -0.800 -1.792 7.968 194.800 1552.166 0.00
2019-05-05_21:36:27 00333 2.240 -0.800 -1.792 7.968 192.400 1533.043 0.00
2019-05-05_21:36:28 00334 2.240 -0.800 -1.792 7.968 192.000 1529.856 0.00
2019-05-05_21:36:29 00335 2.240 -0.800 -1.792 7.952 194.800 1549.050 0.00
2019-05-05_21:36:30 00336 2.240 -0.800 -1.792 7.968 201.200 1603.162 0.00
2019-05-05_21:36:31 00337 2.240 -0.800 -1.792 7.968 192.000 1529.856 0.00
2019-05-05_21:36:32 00338 2.240 -0.800 -1.792 7.968 193.200 1539.418 0.00
2019-05-05_21:36:33 00339 2.240 -0.800 -1.792 7.968 194.800 1552.166 0.00
2019-05-05_21:36:34 00340 2.240 -0.800 -1.792 7.968 195.200 1555.354 0.00
2019-05-05_21:36:35 00341 2.240 -0.800 -1.792 7.968 194.800 1552.166 0.00
2019-05-05_21:36:36 00342 2.240 -0.800 -1.792 7.968 194.800 1552.166 0.00
2019-05-05_21:36:37 00343 2.240 -0.800 -1.792 7.968 194.800 1552.166 0.00
2019-05-05_21:36:38 00344 2.240 -0.800 -1.792 7.968 195.200 1555.354 0.00
2019-05-05_21:36:39 00345 2.240 -0.800 -1.792 7.968 194.800 1552.166 0.00
2019-05-05_21:36:40 00346 2.240 -0.800 -1.792 7.968 194.800 1552.166 0.00
2019-05-05_21:36:41 00347 2.240 -0.800 -1.792 7.952 194.800 1549.050 0.00
2019-05-05_21:36:42 00348 2.240 -0.800 -1.792 7.968 194.400 1548.979 0.00
2019-05-05_21:36:43 00349 2.240 -0.800 -1.792 7.952 219.600 1746.259 0.00
2019-05-05_21:36:44 00350 2.240 -0.800 -1.792 7.968 195.200 1555.354 0.00
2019-05-05_21:36:45 00351 2.240 -0.800 -1.792 7.968 206.400 1644.595 0.00
2019-05-05_21:36:46 00352 2.240 -0.800 -1.792 7.968 194.800 1552.166 0.00
2019-05-05_21:36:47 00353 2.240 -0.800 -1.792 7.968 195.200 1555.354 0.00
2019-05-05_21:36:48 00354 2.240 -0.800 -1.792 7.968 194.800 1552.166 0.00
2019-05-05_21:36:49 00355 2.240 -0.800 -1.792 7.952 194.400 1545.869 0.00
2019-05-05_21:36:50 00356 2.240 -0.800 -1.792 7.968 194.800 1552.166 0.00
2019-05-05_21:36:51 00357 2.240 -0.800 -1.792 7.968 194.400 1548.979 0.00
2019-05-05_21:36:52 00358 2.240 -0.800 -1.792 7.968 196.000 1561.728 0.00
2019-05-05_21:36:53 00359 2.240 -0.800 -1.792 7.968 204.800 1631.846 0.00
2019-05-05_21:36:54 00360 2.240 -0.800 -1.792 7.960 198.400 1579.264 0.00
2019-05-05_21:36:55 00361 2.240 -0.800 -1.792 7.968 194.800 1552.166 0.00
2019-05-05_21:36:56 00362 2.240 -0.800 -1.792 7.968 194.800 1552.166 0.00
2019-05-05_21:36:57 00363 2.240 -0.800 -1.792 7.952 199.200 1584.038 0.00
2019-05-05_21:36:58 00364 2.240 -0.800 -1.792 7.968 194.800 1552.166 0.00
2019-05-05_21:36:59 00365 2.240 -0.400 -0.896 7.968 194.800 1552.166 0.00
2019-05-05_21:37:00 00366 2.240 -0.800 -1.792 7.968 195.600 1558.541 0.00
2019-05-05_21:37:01 00367 2.240 -0.800 -1.792 7.968 194.800 1552.166 0.00
2019-05-05_21:37:02 00368 2.240 -0.800 -1.792 7.960 193.600 1541.056 0.00
2019-05-05_21:37:03 00369 2.240 -0.800 -1.792 7.968 195.200 1555.354 0.00
2019-05-05_21:37:04 00370 2.240 -0.800 -1.792 7.968 194.400 1548.979 0.00
2019-05-05_21:37:05 00371 2.240 -0.800 -1.792 7.968 194.800 1552.166 0.00
2019-05-05_21:37:06 00372 2.240 -0.800 -1.792 7.968 192.400 1533.043 0.00
2019-05-05_21:37:07 00373 2.240 -0.800 -1.792 7.952 192.400 1529.965 0.00
2019-05-05_21:37:08 00374 2.240 -0.800 -1.792 7.968 195.200 1555.354 0.00
2019-05-05_21:37:09 00375 2.240 -0.800 -1.792 7.968 195.200 1555.354 0.00
2019-05-05_21:37:10 00376 2.240 -0.800 -1.792 7.968 192.800 1536.230 0.00
2019-05-05_21:37:11 00377 2.240 -0.800 -1.792 7.952 195.200 1552.230 0.00
2019-05-05_21:37:12 00378 2.240 -0.800 -1.792 7.968 194.800 1552.166 0.00
2019-05-05_21:37:13 00379 2.240 -0.800 -1.792 7.968 194.400 1548.979 0.00
2019-05-05_21:37:14 00380 2.240 -0.800 -1.792 7.968 192.400 1533.043 0.00
2019-05-05_21:37:15 00381 2.240 -0.800 -1.792 7.968 204.000 1625.472 0.00
2019-05-05_21:37:16 00382 2.240 -0.800 -1.792 7.968 195.200 1555.354 0.00
2019-05-05_21:37:17 00383 2.240 -0.800 -1.792 7.968 193.600 1542.605 0.00
2019-05-05_21:37:18 00384 2.240 -0.800 -1.792 7.968 192.000 1529.856 0.00
2019-05-05_21:37:19 00385 2.240 -0.800 -1.792 7.968 204.800 1631.846 0.00
2019-05-05_21:37:20 00386 2.240 -0.800 -1.792 7.968 195.200 1555.354 0.00
2019-05-05_21:37:21 00387 2.240 -0.800 -1.792 7.968 191.600 1526.669 0.00
2019-05-05_21:37:22 00388 2.240 -0.800 -1.792 7.968 192.000 1529.856 0.00
2019-05-05_21:37:23 00389 2.240 -0.800 -1.792 7.968 197.600 1574.477 0.00
2019-05-05_21:37:24 00390 2.240 -0.800 -1.792 7.952 194.800 1549.050 0.00
2019-05-05_21:37:25 00391 2.240 -0.800 -1.792 7.968 192.000 1529.856 0.00
2019-05-05_21:37:26 00392 2.240 -0.800 -1.792 7.968 192.000 1529.856 0.00
2019-05-05_21:37:27 00393 2.240 -0.800 -1.792 7.968 195.200 1555.354 0.00
2019-05-05_21:37:28 00394 2.240 -0.800 -1.792 7.952 194.800 1549.050 0.00
2019-05-05_21:37:29 00395 2.240 -0.800 -1.792 7.968 192.800 1536.230 0.00
2019-05-05_21:37:30 00396 2.240 -0.800 -1.792 7.968 193.200 1539.418 0.00
2019-05-05_21:37:31 00397 2.240 -0.800 -1.792 7.968 195.200 1555.354 0.00
2019-05-05_21:37:32 00398 2.240 -0.800 -1.792 7.960 194.800 1550.608 0.00
2019-05-05_21:37:33 00399 2.240 -0.800 -1.792 7.952 195.600 1555.411 0.00
2019-05-05_21:37:34 00400 2.240 -0.800 -1.792 7.968 194.800 1552.166 0.00
2019-05-05_21:37:35 00401 2.240 -0.800 -1.792 7.968 194.800 1552.166 0.00
2019-05-05_21:37:36 00402 2.240 -0.800 -1.792 7.968 195.200 1555.354 0.00
2019-05-05_21:37:37 00403 2.240 -0.800 -1.792 7.968 194.800 1552.166 0.00
2019-05-05_21:37:38 00404 2.240 -0.800 -1.792 7.968 210.000 1673.280 0.00