2019-05-05_02:23:46 00203 11.568 192.800 2230.310 8.288 0.000 0.000 0.77
2019-05-05_02:23:47 00204 11.560 196.000 2265.760 8.544 0.000 0.000 0.76
2019-05-05_02:23:48 00205 11.552 192.800 2227.226 8.392 0.000 0.000 0.76
2019-05-05_02:23:49 00206 11.552 196.400 2268.813 8.416 0.000 0.000 0.75
2019-05-05_02:23:50 00207 11.568 190.000 2197.920 8.304 0.000 0.000 0.75
2019-05-05_02:23:51 00208 11.560 194.800 2251.888 8.312 0.400 3.325 0.75
2019-05-05_02:23:52 00209 11.568 196.400 2271.955 8.328 0.400 3.331 0.75
2019-05-05_02:23:53 00210 11.560 193.200 2233.392 8.336 0.400 3.334 0.75
2019-05-05_02:23:54 00211 11.560 196.800 2275.008 8.344 0.400 3.338 0.76
2019-05-05_02:23:55 00212 11.568 192.000 2221.056 8.352 0.400 3.341 0.76
2019-05-05_02:23:56 00213 11.560 189.200 2187.152 8.368 0.400 3.347 0.76
2019-05-05_02:23:57 00214 11.552 191.600 2213.363 8.376 0.000 0.000 0.76
2019-05-05_02:23:58 00215 11.560 194.800 2251.888 8.384 0.000 0.000 0.76
2019-05-05_02:23:59 00216 11.560 192.400 2224.144 8.400 0.000 0.000 0.76
2019-05-05_02:24:00 00217 11.560 189.200 2187.152 8.416 0.000 0.000 0.75
2019-05-05_02:24:01 00218 11.576 192.800 2231.853 8.304 0.000 0.000 0.75
2019-05-05_02:24:02 00219 11.560 186.800 2159.408 8.312 0.400 3.325 0.75
2019-05-05_02:24:03 00220 11.560 198.000 2288.880 8.328 0.000 0.000 0.75
2019-05-05_02:24:04 00221 11.560 195.200 2256.512 8.336 0.400 3.334 0.75
2019-05-05_02:24:05 00222 11.560 192.400 2224.144 8.352 0.400 3.341 0.76
2019-05-05_02:24:06 00223 11.560 189.600 2191.776 8.360 0.400 3.344 0.76
2019-05-05_02:24:07 00224 11.552 193.600 2236.467 8.368 0.000 0.000 0.76
2019-05-05_02:24:08 00225 11.552 193.600 2236.467 8.376 0.000 0.000 0.76
2019-05-05_02:24:09 00226 11.560 189.200 2187.152 8.392 0.400 3.357 0.76
2019-05-05_02:24:10 00227 11.552 191.200 2208.742 8.400 0.000 0.000 0.76
2019-05-05_02:24:11 00228 11.560 196.800 2275.008 8.416 0.400 3.366 0.75
2019-05-05_02:24:12 00229 11.568 182.400 2110.003 8.312 0.000 0.000 0.75
2019-05-05_02:24:13 00230 11.568 192.400 2225.683 8.312 0.000 0.000 0.75
2019-05-05_02:24:14 00231 11.568 182.800 2114.630 8.328 0.400 3.331 0.75
2019-05-05_02:24:15 00232 11.568 193.200 2234.938 8.344 0.000 0.000 0.75
2019-05-05_02:24:16 00233 11.560 187.600 2168.656 8.352 0.400 3.341 0.76
2019-05-05_02:24:17 00234 11.560 195.200 2256.512 8.360 0.400 3.344 0.76
2019-05-05_02:24:18 00235 11.576 169.600 1963.290 8.384 0.400 3.354 0.76
2019-05-05_02:24:19 00236 11.552 198.000 2287.296 8.376 0.000 0.000 0.76
2019-05-05_02:24:20 00237 11.552 195.600 2259.571 8.400 0.400 3.360 0.76
2019-05-05_02:24:21 00238 11.560 189.200 2187.152 8.408 0.000 0.000 0.75
2019-05-05_02:24:22 00239 11.568 196.400 2271.955 8.296 0.000 0.000 0.77
2019-05-05_02:24:23 00240 11.552 196.800 2273.434 8.544 0.000 0.000 0.76
2019-05-05_02:24:24 00241 11.552 199.600 2305.779 8.400 0.000 0.000 0.76
2019-05-05_02:24:25 00242 11.552 197.600 2282.675 8.416 0.000 0.000 0.75
2019-05-05_02:24:26 00243 11.560 199.600 2307.376 8.296 0.400 3.318 0.77
2019-05-05_02:24:27 00244 11.552 198.400 2291.917 8.552 0.000 0.000 0.76
2019-05-05_02:24:28 00245 11.552 199.600 2305.779 8.408 0.000 0.000 0.75
2019-05-05_02:24:29 00246 11.560 199.600 2307.376 8.296 0.000 0.000 0.77
2019-05-05_02:24:30 00247 11.552 198.400 2291.917 8.560 0.000 0.000 0.76
2019-05-05_02:24:31 00248 11.552 198.000 2287.296 8.416 0.400 3.366 0.75
2019-05-05_02:24:32 00249 11.568 200.800 2322.854 8.296 0.000 0.000 0.77
2019-05-05_02:24:33 00250 11.552 196.000 2264.192 8.560 0.000 0.000 0.76
2019-05-05_02:24:34 00251 11.552 187.600 2167.155 8.408 0.000 0.000 0.75
2019-05-05_02:24:35 00252 11.560 198.400 2293.504 8.304 0.000 0.000 0.75
2019-05-05_02:24:36 00253 11.568 198.400 2295.091 8.312 0.000 0.000 0.75
2019-05-05_02:24:37 00254 11.568 192.400 2225.683 8.320 0.000 0.000 0.75
2019-05-05_02:24:38 00255 11.560 192.000 2219.520 8.344 0.400 3.338 0.75
2019-05-05_02:24:39 00256 11.560 189.200 2187.152 8.352 0.400 3.341 0.76
2019-05-05_02:24:40 00257 11.560 199.200 2302.752 8.352 0.400 3.341 0.76
2019-05-05_02:24:41 00258 11.552 194.400 2245.709 8.368 0.400 3.347 0.76
2019-05-05_02:24:42 00259 11.552 193.200 2231.846 8.376 0.000 0.000 0.76
2019-05-05_02:24:43 00260 11.552 199.600 2305.779 8.384 0.000 0.000 0.76
2019-05-05_02:24:44 00261 11.552 199.200 2301.158 8.400 0.400 3.360 0.76
2019-05-05_02:24:45 00262 11.560 195.200 2256.512 8.416 0.000 0.000 0.75
2019-05-05_02:24:46 00263 11.560 192.400 2224.144 8.304 0.000 0.000 0.75
2019-05-05_02:24:47 00264 11.560 198.800 2298.128 8.312 0.000 0.000 0.75
2019-05-05_02:24:48 00265 11.560 198.400 2293.504 8.320 0.000 0.000 0.75
2019-05-05_02:24:49 00266 11.552 196.000 2264.192 8.336 0.400 3.334 0.75
2019-05-05_02:24:50 00267 11.560 196.400 2270.384 8.344 0.400 3.338 0.76
2019-05-05_02:24:51 00268 11.552 198.000 2287.296 8.352 0.000 0.000 0.76
2019-05-05_02:24:52 00269 11.560 192.000 2219.520 8.368 0.400 3.347 0.76
2019-05-05_02:24:53 00270 11.560 199.600 2307.376 8.376 0.000 0.000 0.76
2019-05-05_02:24:54 00271 11.552 200.800 2319.642 8.384 0.000 0.000 0.76
2019-05-05_02:24:55 00272 11.552 199.600 2305.779 8.400 0.000 0.000 0.76
2019-05-05_02:24:56 00273 11.560 193.600 2238.016 8.408 0.400 3.363 0.75
2019-05-05_02:24:57 00274 11.560 199.600 2307.376 8.304 0.000 0.000 0.75
2019-05-05_02:24:58 00275 11.560 199.200 2302.752 8.312 0.000 0.000 0.75
2019-05-05_02:24:59 00276 11.560 200.400 2316.624 8.320 0.000 0.000 0.75
2019-05-05_02:25:00 00277 11.560 194.400 2247.264 8.336 0.400 3.334 0.75
2019-05-05_02:25:01 00278 11.560 195.200 2256.512 8.344 0.000 0.000 0.76
2019-05-05_02:25:02 00279 11.560 196.800 2275.008 8.352 0.000 0.000 0.76
2019-05-05_02:25:03 00280 11.552 198.000 2287.296 8.376 0.400 3.350 0.76
2019-05-05_02:25:04 00281 11.560 200.800 2321.248 8.376 0.000 0.000 0.76
2019-05-05_02:25:05 00282 11.552 200.400 2315.021 8.392 0.000 0.000 0.76
2019-05-05_02:25:06 00283 11.552 200.400 2315.021 8.392 0.400 3.357 0.76
2019-05-05_02:25:07 00284 11.552 201.600 2328.883 8.408 0.000 0.000 0.75
2019-05-05_02:25:08 00285 11.568 198.800 2299.718 8.304 0.000 0.000 0.75
2019-05-05_02:25:09 00286 11.560 198.000 2288.880 8.312 0.000 0.000 0.75
2019-05-05_02:25:10 00287 11.576 184.000 2129.984 8.336 0.400 3.334 0.75
2019-05-05_02:25:11 00288 11.584 174.800 2024.883 8.336 0.400 3.334 0.75
2019-05-05_02:25:12 00289 11.576 169.600 1963.290 8.360 0.400 3.344 0.76
2019-05-05_02:25:13 00290 11.584 162.000 1876.608 8.376 0.400 3.350 0.76
2019-05-05_02:25:14 00291 11.584 155.600 1802.470 8.392 0.400 3.357 0.76
2019-05-05_02:25:15 00292 11.584 153.600 1779.302 8.392 0.400 3.357 0.76
2019-05-05_02:25:16 00293 11.584 153.600 1779.302 8.408 0.400 3.363 0.75
2019-05-05_02:25:17 00294 11.592 162.800 1887.178 8.304 0.000 0.000 0.75
2019-05-05_02:25:18 00295 11.584 163.200 1890.509 8.312 0.400 3.325 0.75
2019-05-05_02:25:19 00296 11.592 161.600 1873.267 8.320 0.000 0.000 0.75
2019-05-05_02:25:20 00297 11.592 154.000 1785.168 8.328 0.400 3.331 0.75
2019-05-05_02:25:21 00298 11.592 153.200 1775.894 8.344 0.400 3.338 0.75
2019-05-05_02:25:22 00299 11.584 159.600 1848.806 8.360 0.400 3.344 0.75
2019-05-05_02:25:23 00300 11.576 164.000 1898.464 8.368 0.400 3.347 0.76
2019-05-05_02:25:24 00301 11.584 164.800 1909.043 8.376 0.400 3.350 0.76
2019-05-05_02:25:25 00302 11.584 167.200 1936.845 8.384 0.400 3.354 0.76
2019-05-05_02:25:26 00303 11.576 160.800 1861.421 8.392 0.000 0.000 0.76