2019-05-05_01:31:29 06566 11.568 192.400 2225.683 8.400 0.000 0.000 0.76
2019-05-05_01:31:30 06567 11.552 200.400 2315.021 8.416 0.000 0.000 0.75
2019-05-05_01:31:31 06568 11.576 195.200 2259.635 8.304 0.400 3.322 0.75
2019-05-05_01:31:32 06569 11.576 184.000 2129.984 8.312 0.400 3.325 0.75
2019-05-05_01:31:33 06570 11.560 192.400 2224.144 8.328 0.400 3.331 0.75
2019-05-05_01:31:34 06571 11.560 199.200 2302.752 8.336 0.000 0.000 0.75
2019-05-05_01:31:35 06572 11.560 194.400 2247.264 8.344 0.000 0.000 0.76
2019-05-05_01:31:36 06573 11.552 198.400 2291.917 8.352 0.400 3.341 0.76
2019-05-05_01:31:37 06574 11.552 198.000 2287.296 8.368 0.000 0.000 0.76
2019-05-05_01:31:38 06575 11.560 196.400 2270.384 8.376 0.400 3.350 0.76
2019-05-05_01:31:39 06576 11.568 198.400 2295.091 8.384 0.400 3.354 0.76
2019-05-05_01:31:40 06577 11.552 200.000 2310.400 8.392 0.000 0.000 0.76
2019-05-05_01:31:41 06578 11.560 195.200 2256.512 8.416 0.000 0.000 0.75
2019-05-05_01:31:42 06579 11.560 196.800 2275.008 8.304 0.000 0.000 0.75
2019-05-05_01:31:43 06580 11.560 198.800 2298.128 8.312 0.400 3.325 0.75
2019-05-05_01:31:44 06581 11.568 192.800 2230.310 8.328 0.000 0.000 0.75
2019-05-05_01:31:45 06582 11.560 196.800 2275.008 8.336 0.400 3.334 0.75
2019-05-05_01:31:46 06583 11.560 200.400 2316.624 8.344 0.000 0.000 0.76
2019-05-05_01:31:47 06584 11.560 199.600 2307.376 8.360 0.400 3.344 0.76
2019-05-05_01:31:48 06585 11.552 200.800 2319.642 8.368 0.400 3.347 0.76
2019-05-05_01:31:49 06586 11.552 196.000 2264.192 8.376 0.000 0.000 0.76
2019-05-05_01:31:50 06587 11.552 200.000 2310.400 8.384 0.000 0.000 0.76
2019-05-05_01:31:51 06588 11.552 198.800 2296.538 8.392 0.000 0.000 0.76
2019-05-05_01:31:52 06589 11.552 192.400 2222.605 8.416 0.000 0.000 0.75
2019-05-05_01:31:53 06590 11.576 186.800 2162.397 8.312 0.400 3.325 0.75
2019-05-05_01:31:54 06591 11.560 196.800 2275.008 8.304 0.000 0.000 0.75
2019-05-05_01:31:55 06592 11.584 174.400 2020.250 8.344 0.400 3.338 0.75
2019-05-05_01:31:56 06593 11.576 170.800 1977.181 8.344 0.400 3.338 0.75
2019-05-05_01:31:57 06594 11.560 193.600 2238.016 8.344 0.400 3.338 0.76
2019-05-05_01:31:58 06595 11.576 164.000 1898.464 8.368 0.400 3.347 0.76
2019-05-05_01:31:59 06596 11.568 198.000 2290.464 8.376 0.400 3.350 0.76
2019-05-05_01:32:00 06597 11.552 198.800 2296.538 8.376 0.000 0.000 0.76
2019-05-05_01:32:01 06598 11.552 197.600 2282.675 8.384 0.000 0.000 0.76
2019-05-05_01:32:02 06599 11.552 200.800 2319.642 8.392 0.000 0.000 0.76
2019-05-05_01:32:03 06600 11.552 198.800 2296.538 8.408 0.000 0.000 0.75
2019-05-05_01:32:04 06601 11.560 199.600 2307.376 8.304 0.000 0.000 0.75
2019-05-05_01:32:05 06602 11.560 198.800 2298.128 8.312 0.000 0.000 0.75
2019-05-05_01:32:06 06603 11.560 198.000 2288.880 8.320 0.000 0.000 0.75
2019-05-05_01:32:07 06604 11.560 199.600 2307.376 8.336 0.000 0.000 0.75
2019-05-05_01:32:08 06605 11.560 194.800 2251.888 8.352 0.000 0.000 0.76
2019-05-05_01:32:09 06606 11.560 192.000 2219.520 8.352 0.400 3.341 0.76
2019-05-05_01:32:10 06607 11.560 199.600 2307.376 8.368 0.400 3.347 0.76
2019-05-05_01:32:11 06608 11.560 198.800 2298.128 8.376 0.400 3.350 0.76
2019-05-05_01:32:12 06609 11.560 196.000 2265.760 8.384 0.000 0.000 0.76
2019-05-05_01:32:13 06610 11.560 193.200 2233.392 8.408 0.000 0.000 0.75
2019-05-05_01:32:14 06611 11.568 190.400 2202.547 8.296 0.000 0.000 0.77
2019-05-05_01:32:15 06612 11.552 195.600 2259.571 8.536 0.000 0.000 0.76
2019-05-05_01:32:16 06613 11.560 194.000 2242.640 8.400 0.000 0.000 0.76
2019-05-05_01:32:17 06614 11.552 190.400 2199.501 8.416 0.000 0.000 0.75
2019-05-05_01:32:18 06615 11.568 196.000 2267.328 8.304 0.000 0.000 0.75
2019-05-05_01:32:19 06616 11.568 185.600 2147.021 8.320 0.000 0.000 0.75
2019-05-05_01:32:20 06617 11.560 196.400 2270.384 8.328 0.400 3.331 0.75
2019-05-05_01:32:21 06618 11.560 190.000 2196.400 8.344 0.400 3.338 0.75
2019-05-05_01:32:22 06619 11.568 187.200 2165.530 8.352 0.000 0.000 0.76
2019-05-05_01:32:23 06620 11.576 184.400 2134.614 8.360 0.000 0.000 0.76
2019-05-05_01:32:24 06621 11.552 188.400 2176.397 8.368 0.000 0.000 0.76
2019-05-05_01:32:25 06622 11.552 192.400 2222.605 8.384 0.400 3.354 0.76
2019-05-05_01:32:26 06623 11.560 196.000 2265.760 8.384 0.000 0.000 0.76
2019-05-05_01:32:27 06624 11.552 195.600 2259.571 8.400 0.000 0.000 0.76
2019-05-05_01:32:28 06625 11.560 185.600 2145.536 8.416 0.000 0.000 0.75
2019-05-05_01:32:29 06626 11.560 185.200 2140.912 8.304 0.000 0.000 0.75
2019-05-05_01:32:30 06627 11.560 197.600 2284.256 8.312 0.400 3.325 0.75
2019-05-05_01:32:31 06628 11.568 196.400 2271.955 8.328 0.000 0.000 0.75
2019-05-05_01:32:32 06629 11.568 193.200 2234.938 8.336 0.000 0.000 0.75
2019-05-05_01:32:33 06630 11.560 196.400 2270.384 8.344 0.000 0.000 0.76
2019-05-05_01:32:34 06631 11.560 191.600 2214.896 8.360 0.400 3.344 0.76
2019-05-05_01:32:35 06632 11.560 194.800 2251.888 8.368 0.000 0.000 0.76
2019-05-05_01:32:36 06633 11.560 198.400 2293.504 8.376 0.000 0.000 0.76
2019-05-05_01:32:37 06634 11.552 196.400 2268.813 8.384 0.000 0.000 0.76
2019-05-05_01:32:38 06635 11.552 194.800 2250.330 8.400 0.400 3.360 0.76
2019-05-05_01:32:39 06636 11.560 193.600 2238.016 8.416 0.000 0.000 0.75
2019-05-05_01:32:40 06637 11.560 194.400 2247.264 8.304 0.400 3.322 0.75
2019-05-05_01:32:41 06638 11.568 191.600 2216.429 8.312 0.400 3.325 0.75
2019-05-05_01:32:42 06639 11.560 191.200 2210.272 8.328 0.400 3.331 0.75
2019-05-05_01:32:43 06640 11.568 196.800 2276.582 8.336 0.400 3.334 0.75
2019-05-05_01:32:44 06641 11.552 196.800 2273.434 8.352 0.000 0.000 0.76
2019-05-05_01:32:45 06642 11.568 193.600 2239.565 8.352 0.000 0.000 0.76
2019-05-05_01:32:46 06643 11.552 191.600 2213.363 8.376 0.400 3.350 0.76
2019-05-05_01:32:47 06644 11.560 190.800 2205.648 8.384 0.000 0.000 0.76
2019-05-05_01:32:48 06645 11.560 189.600 2191.776 8.384 0.000 0.000 0.76
2019-05-05_01:32:49 06646 11.552 199.200 2301.158 8.392 0.000 0.000 0.76
2019-05-05_01:32:50 06647 11.560 187.600 2168.656 8.416 0.400 3.366 0.75
2019-05-05_01:32:51 06648 11.568 195.200 2258.074 8.304 0.000 0.000 0.75
2019-05-05_01:32:52 06649 11.560 196.400 2270.384 8.312 0.400 3.325 0.75
2019-05-05_01:32:53 06650 11.560 192.000 2219.520 8.336 0.000 0.000 0.75
2019-05-05_01:32:54 06651 11.568 169.600 1961.933 8.352 0.400 3.341 0.75
2019-05-05_01:32:55 06652 11.560 196.400 2270.384 8.344 0.400 3.338 0.76
2019-05-05_01:32:56 06653 11.560 193.600 2238.016 8.360 0.400 3.344 0.76
2019-05-05_01:32:57 06654 11.552 198.000 2287.296 8.368 0.400 3.347 0.76
2019-05-05_01:32:58 06655 11.560 178.000 2057.680 8.392 0.400 3.357 0.76
2019-05-05_01:32:59 06656 11.552 195.600 2259.571 8.384 0.400 3.354 0.76
2019-05-05_01:33:00 06657 11.568 191.200 2211.802 8.400 0.000 0.000 0.76
2019-05-05_01:33:01 06658 11.560 196.400 2270.384 8.416 0.000 0.000 0.75
2019-05-05_01:33:02 06659 11.568 195.600 2262.701 8.304 0.000 0.000 0.75
2019-05-05_01:33:03 06660 11.568 175.200 2026.714 8.328 0.400 3.331 0.75
2019-05-05_01:33:04 06661 11.576 190.400 2204.070 8.328 0.000 0.000 0.75
2019-05-05_01:33:05 06662 11.560 191.200 2210.272 8.336 0.000 0.000 0.75
2019-05-05_01:33:06 06663 11.560 195.600 2261.136 8.344 0.000 0.000 0.76
2019-05-05_01:33:07 06664 11.568 196.000 2267.328 8.352 0.000 0.000 0.76
2019-05-05_01:33:08 06665 11.560 186.400 2154.784 8.368 0.400 3.347 0.76
2019-05-05_01:33:09 06666 11.560 195.600 2261.136 8.376 0.400 3.350 0.76