2019-05-05_01:01:08 04748 11.576 166.400 1926.246 8.400 0.400 3.360 0.76
2019-05-05_01:01:09 04749 11.576 168.400 1949.398 8.408 0.400 3.363 0.75
2019-05-05_01:01:10 04750 11.584 169.600 1964.646 8.304 0.000 0.000 0.75
2019-05-05_01:01:11 04751 11.560 192.400 2224.144 8.320 0.400 3.328 0.75
2019-05-05_01:01:12 04752 11.576 166.800 1930.877 8.328 0.000 0.000 0.75
2019-05-05_01:01:13 04753 11.552 192.000 2217.984 8.336 0.000 0.000 0.75
2019-05-05_01:01:14 04754 11.576 169.200 1958.659 8.352 0.400 3.341 0.75
2019-05-05_01:01:15 04755 11.576 170.800 1977.181 8.360 0.400 3.344 0.76
2019-05-05_01:01:16 04756 11.552 187.600 2167.155 8.368 0.400 3.347 0.76
2019-05-05_01:01:17 04757 11.576 170.400 1972.550 8.376 0.400 3.350 0.76
2019-05-05_01:01:18 04758 11.568 197.600 2285.837 8.376 0.400 3.350 0.76
2019-05-05_01:01:19 04759 11.576 170.400 1972.550 8.400 0.400 3.360 0.76
2019-05-05_01:01:20 04760 11.576 165.600 1916.986 8.416 0.400 3.366 0.75
2019-05-05_01:01:21 04761 11.584 169.600 1964.646 8.312 0.000 0.000 0.75
2019-05-05_01:01:22 04762 11.592 153.200 1775.894 8.320 0.000 0.000 0.75
2019-05-05_01:01:23 04763 11.584 169.200 1960.013 8.328 0.000 0.000 0.75
2019-05-05_01:01:24 04764 11.584 155.600 1802.470 8.352 0.400 3.341 0.75
2019-05-05_01:01:25 04765 11.592 163.600 1896.451 8.360 0.000 0.000 0.75
2019-05-05_01:01:26 04766 11.576 169.200 1958.659 8.360 0.400 3.344 0.76
2019-05-05_01:01:27 04767 11.584 153.600 1779.302 8.376 0.400 3.350 0.76
2019-05-05_01:01:28 04768 11.576 159.600 1847.530 8.392 0.400 3.357 0.76
2019-05-05_01:01:29 04769 11.584 153.600 1779.302 8.400 0.000 0.000 0.76
2019-05-05_01:01:30 04770 11.576 170.000 1967.920 8.400 0.000 0.000 0.76
2019-05-05_01:01:31 04771 11.576 162.400 1879.942 8.424 0.000 0.000 0.75
2019-05-05_01:01:32 04772 11.600 153.200 1777.120 8.320 0.000 0.000 0.75
2019-05-05_01:01:33 04773 11.584 169.200 1960.013 8.320 0.000 0.000 0.75
2019-05-05_01:01:34 04774 11.584 155.200 1797.837 8.336 0.400 3.334 0.75
2019-05-05_01:01:35 04775 11.592 163.200 1891.814 8.352 0.400 3.341 0.75
2019-05-05_01:01:36 04776 11.592 153.200 1775.894 8.360 0.400 3.344 0.75
2019-05-05_01:01:37 04777 11.592 153.600 1780.531 8.368 0.400 3.347 0.76
2019-05-05_01:01:38 04778 11.576 181.200 2097.571 8.368 0.000 0.000 0.76
2019-05-05_01:01:39 04779 11.584 153.200 1774.669 8.392 0.000 0.000 0.76
2019-05-05_01:01:40 04780 11.584 153.600 1779.302 8.400 0.400 3.360 0.76
2019-05-05_01:01:41 04781 11.576 169.200 1958.659 8.400 0.000 0.000 0.76
2019-05-05_01:01:42 04782 11.584 162.800 1885.875 8.416 0.400 3.366 0.75
2019-05-05_01:01:43 04783 11.584 169.200 1960.013 8.304 0.000 0.000 0.75
2019-05-05_01:01:44 04784 11.592 153.200 1775.894 8.328 0.400 3.331 0.75
2019-05-05_01:01:45 04785 11.584 161.200 1867.341 8.336 0.400 3.334 0.75
2019-05-05_01:01:46 04786 11.584 169.200 1960.013 8.336 0.400 3.334 0.75
2019-05-05_01:01:47 04787 11.584 153.200 1774.669 8.360 0.400 3.344 0.75
2019-05-05_01:01:48 04788 11.584 167.600 1941.478 8.368 0.000 0.000 0.76
2019-05-05_01:01:49 04789 11.584 168.400 1950.746 8.368 0.400 3.347 0.76
2019-05-05_01:01:50 04790 11.576 170.400 1972.550 8.376 0.000 0.000 0.76
2019-05-05_01:01:51 04791 11.576 165.600 1916.986 8.392 0.000 0.000 0.76
2019-05-05_01:01:52 04792 11.576 170.400 1972.550 8.408 0.000 0.000 0.75
2019-05-05_01:01:53 04793 11.584 171.600 1987.814 8.280 0.000 0.000 0.77
2019-05-05_01:01:54 04794 11.576 163.200 1889.203 8.536 0.000 0.000 0.76
2019-05-05_01:01:55 04795 11.576 170.400 1972.550 8.408 0.400 3.363 0.75
2019-05-05_01:01:56 04796 11.584 170.400 1973.914 8.296 0.000 0.000 0.77
2019-05-05_01:01:57 04797 11.576 161.600 1870.682 8.536 0.000 0.000 0.76
2019-05-05_01:01:58 04798 11.552 194.400 2245.709 8.400 0.000 0.000 0.76
2019-05-05_01:01:59 04799 11.576 168.400 1949.398 8.408 0.000 0.000 0.75
2019-05-05_01:02:00 04800 11.584 170.400 1973.914 8.304 0.000 0.000 0.75
2019-05-05_01:02:01 04801 11.584 170.800 1978.547 8.320 0.000 0.000 0.75
2019-05-05_01:02:02 04802 11.584 170.000 1969.280 8.328 0.400 3.331 0.75
2019-05-05_01:02:03 04803 11.560 186.400 2154.784 8.320 0.000 0.000 0.75
2019-05-05_01:02:04 04804 11.584 168.000 1946.112 8.352 0.400 3.341 0.75
2019-05-05_01:02:05 04805 11.576 169.200 1958.659 8.360 0.400 3.344 0.76
2019-05-05_01:02:06 04806 11.568 193.200 2234.938 8.352 0.400 3.341 0.76
2019-05-05_01:02:07 04807 11.576 170.400 1972.550 8.384 0.400 3.354 0.76
2019-05-05_01:02:08 04808 11.576 168.400 1949.398 8.392 0.400 3.357 0.76
2019-05-05_01:02:09 04809 11.576 163.600 1893.834 8.400 0.400 3.360 0.76
2019-05-05_01:02:10 04810 11.568 168.400 1948.051 8.416 0.000 0.000 0.75
2019-05-05_01:02:11 04811 11.584 170.400 1973.914 8.304 0.000 0.000 0.75
2019-05-05_01:02:12 04812 11.584 169.200 1960.013 8.320 0.000 0.000 0.75
2019-05-05_01:02:13 04813 11.584 169.600 1964.646 8.328 0.000 0.000 0.75
2019-05-05_01:02:14 04814 11.576 166.400 1926.246 8.336 0.400 3.334 0.75
2019-05-05_01:02:15 04815 11.576 168.800 1954.029 8.352 0.400 3.341 0.75
2019-05-05_01:02:16 04816 11.576 169.600 1963.290 8.360 0.400 3.344 0.76
2019-05-05_01:02:17 04817 11.576 169.200 1958.659 8.376 0.400 3.350 0.76
2019-05-05_01:02:18 04818 11.576 178.000 2060.528 8.368 0.400 3.347 0.76
2019-05-05_01:02:19 04819 11.576 168.800 1954.029 8.384 0.000 0.000 0.76
2019-05-05_01:02:20 04820 11.576 170.400 1972.550 8.400 0.000 0.000 0.76
2019-05-05_01:02:21 04821 11.576 170.400 1972.550 8.408 0.000 0.000 0.75
2019-05-05_01:02:22 04822 11.584 170.400 1973.914 8.304 0.000 0.000 0.75
2019-05-05_01:02:23 04823 11.568 172.800 1998.950 8.304 0.000 0.000 0.75
2019-05-05_01:02:24 04824 11.584 167.200 1936.845 8.328 0.400 3.331 0.75
2019-05-05_01:02:25 04825 11.576 168.800 1954.029 8.336 0.400 3.334 0.75
2019-05-05_01:02:26 04826 11.576 168.400 1949.398 8.352 0.400 3.341 0.75
2019-05-05_01:02:27 04827 11.576 170.000 1967.920 8.360 0.400 3.344 0.76
2019-05-05_01:02:28 04828 11.560 197.600 2284.256 8.360 0.400 3.344 0.76
2019-05-05_01:02:29 04829 11.576 170.400 1972.550 8.376 0.000 0.000 0.76
2019-05-05_01:02:30 04830 11.552 198.800 2296.538 8.376 0.000 0.000 0.76
2019-05-05_01:02:31 04831 11.584 160.800 1862.707 8.400 0.000 0.000 0.76
2019-05-05_01:02:32 04832 11.584 154.800 1793.203 8.408 0.000 0.000 0.75
2019-05-05_01:02:33 04833 11.584 170.400 1973.914 8.304 0.000 0.000 0.75
2019-05-05_01:02:34 04834 11.592 168.000 1947.456 8.328 0.400 3.331 0.75
2019-05-05_01:02:35 04835 11.592 169.600 1966.003 8.336 0.000 0.000 0.75
2019-05-05_01:02:36 04836 11.576 170.800 1977.181 8.336 0.400 3.334 0.75
2019-05-05_01:02:37 04837 11.584 156.800 1816.371 8.344 0.400 3.338 0.75
2019-05-05_01:02:38 04838 11.552 196.000 2264.192 8.360 0.000 0.000 0.76
2019-05-05_01:02:39 04839 11.576 170.800 1977.181 8.368 0.400 3.347 0.76
2019-05-05_01:02:40 04840 11.584 168.000 1946.112 8.376 0.400 3.350 0.76
2019-05-05_01:02:41 04841 11.576 170.000 1967.920 8.392 0.400 3.357 0.76
2019-05-05_01:02:42 04842 11.576 171.200 1981.811 8.400 0.000 0.000 0.76
2019-05-05_01:02:43 04843 11.552 175.200 2023.910 8.400 0.000 0.000 0.76
2019-05-05_01:02:44 04844 11.568 169.600 1961.933 8.424 0.000 0.000 0.75
2019-05-05_01:02:45 04845 11.584 168.400 1950.746 8.328 0.000 0.000 0.75
2019-05-05_01:02:46 04846 11.584 169.600 1964.646 8.328 0.000 0.000 0.75
2019-05-05_01:02:47 04847 11.576 166.400 1926.246 8.336 0.400 3.334 0.75
2019-05-05_01:02:48 04848 11.560 198.800 2298.128 8.336 0.400 3.334 0.75