2019-05-05_22:55:10 05051 11.280 512.000 5775.360 8.376 -422.800 -3541.373 0.83
2019-05-05_22:55:11 05052 11.288 516.800 5833.638 8.376 -433.200 -3628.483 0.83
2019-05-05_22:55:12 05053 11.280 522.000 5888.160 8.384 -434.000 -3638.656 0.83
2019-05-05_22:55:13 05054 11.272 523.200 5897.510 8.384 -444.800 -3729.203 0.83
2019-05-05_22:55:14 05055 11.272 539.600 6082.371 8.392 -452.400 -3796.541 0.83
2019-05-05_22:55:15 05056 11.240 570.400 6411.296 8.392 -435.600 -3655.555 0.83
2019-05-05_22:55:16 05057 11.272 538.400 6068.845 8.408 -462.400 -3887.859 0.82
2019-05-05_22:55:17 05058 11.304 490.000 5538.960 8.352 -403.600 -3370.867 0.82
2019-05-05_22:55:18 05059 11.296 493.600 5575.706 8.352 -404.400 -3377.549 0.82
2019-05-05_22:55:19 05060 11.296 500.000 5648.000 8.360 -412.000 -3444.320 0.82
2019-05-05_22:55:20 05061 11.288 505.200 5702.698 8.368 -418.000 -3497.824 0.83
2019-05-05_22:55:21 05062 11.288 508.000 5734.304 8.368 -426.800 -3571.462 0.83
2019-05-05_22:55:22 05063 11.288 503.600 5684.637 8.384 -440.400 -3692.314 0.83
2019-05-05_22:55:23 05064 11.264 537.200 6051.021 8.376 -424.400 -3554.774 0.83
2019-05-05_22:55:24 05065 11.280 526.800 5942.304 8.392 -446.000 -3742.832 0.83
2019-05-05_22:55:25 05066 11.256 550.400 6195.302 8.392 -441.600 -3705.907 0.83
2019-05-05_22:55:26 05067 11.272 537.200 6055.318 8.400 -458.800 -3853.920 0.83
2019-05-05_22:55:27 05068 11.264 539.600 6078.054 8.408 -461.200 -3877.770 0.82
2019-05-05_22:55:28 05069 11.296 486.800 5498.893 8.352 -399.200 -3334.118 0.82
2019-05-05_22:55:29 05070 11.296 500.000 5648.000 8.360 -409.200 -3420.912 0.82
2019-05-05_22:55:30 05071 11.288 496.800 5607.878 8.360 -412.000 -3444.320 0.82
2019-05-05_22:55:31 05072 11.280 509.600 5748.288 8.360 -410.000 -3427.600 0.83
2019-05-05_22:55:32 05073 11.280 508.400 5734.752 8.376 -425.600 -3564.826 0.83
2019-05-05_22:55:33 05074 11.280 513.200 5788.896 8.376 -431.200 -3611.731 0.83
2019-05-05_22:55:34 05075 11.280 519.200 5856.576 8.384 -436.000 -3655.424 0.83
2019-05-05_22:55:35 05076 11.280 526.800 5942.304 8.392 -445.200 -3736.118 0.83
2019-05-05_22:55:36 05077 11.272 533.600 6014.739 8.392 -448.400 -3762.973 0.83
2019-05-05_22:55:37 05078 11.280 524.400 5915.232 8.400 -457.600 -3843.840 0.83
2019-05-05_22:55:38 05079 11.280 522.400 5892.672 8.408 -468.800 -3941.670 0.82
2019-05-05_22:55:39 05080 11.312 472.400 5343.789 8.352 -407.600 -3404.275 0.82
2019-05-05_22:55:40 05081 11.304 479.200 5416.877 8.360 -410.800 -3434.288 0.82
2019-05-05_22:55:41 05082 11.304 499.600 5647.478 8.360 -411.200 -3437.632 0.82
2019-05-05_22:55:42 05083 11.272 531.600 5992.195 8.360 -402.800 -3367.408 0.83
2019-05-05_22:55:43 05084 11.288 508.400 5738.819 8.368 -424.800 -3554.726 0.83
2019-05-05_22:55:44 05085 11.280 516.800 5829.504 8.376 -430.800 -3608.381 0.83
2019-05-05_22:55:45 05086 11.272 527.200 5942.598 8.384 -435.600 -3652.070 0.83
2019-05-05_22:55:46 05087 11.272 529.600 5969.651 8.384 -439.200 -3682.253 0.83
2019-05-05_22:55:47 05088 11.280 525.200 5924.256 8.392 -450.000 -3776.400 0.83
2019-05-05_22:55:48 05089 11.272 535.600 6037.283 8.400 -455.200 -3823.680 0.83
2019-05-05_22:55:49 05090 11.288 523.600 5910.397 8.408 -467.600 -3931.581 0.82
2019-05-05_22:55:50 05091 11.296 489.200 5526.003 8.344 -396.000 -3304.224 0.82
2019-05-05_22:55:51 05092 11.296 494.400 5584.742 8.352 -402.000 -3357.504 0.82
2019-05-05_22:55:52 05093 11.288 498.400 5625.939 8.360 -411.600 -3440.976 0.82
2019-05-05_22:55:53 05094 11.288 506.400 5716.243 8.368 -416.000 -3481.088 0.83
2019-05-05_22:55:54 05095 11.288 511.200 5770.426 8.376 -422.800 -3541.373 0.83
2019-05-05_22:55:55 05096 11.288 518.400 5851.699 8.384 -431.200 -3615.181 0.83
2019-05-05_22:55:56 05097 11.288 504.000 5689.152 8.392 -442.800 -3715.978 0.83
2019-05-05_22:55:57 05098 11.288 512.400 5783.971 8.392 -446.400 -3746.189 0.83
2019-05-05_22:55:58 05099 11.240 552.400 6208.976 8.384 -423.200 -3548.109 0.83
2019-05-05_22:55:59 05100 11.280 536.000 6046.080 8.408 -456.000 -3834.048 0.82
2019-05-05_22:56:00 05101 11.304 494.000 5584.176 8.336 -384.000 -3201.024 0.82
2019-05-05_22:56:01 05102 11.304 488.000 5516.352 8.352 -396.000 -3307.392 0.82
2019-05-05_22:56:02 05103 11.296 492.400 5562.150 8.352 -401.600 -3354.163 0.82
2019-05-05_22:56:03 05104 11.296 498.000 5625.408 8.360 -409.600 -3424.256 0.82
2019-05-05_22:56:04 05105 11.288 507.200 5725.274 8.368 -418.800 -3504.518 0.83
2019-05-05_22:56:05 05106 11.272 522.800 5893.002 8.376 -424.800 -3558.125 0.83
2019-05-05_22:56:06 05107 11.288 515.200 5815.578 8.384 -427.600 -3584.998 0.83
2019-05-05_22:56:07 05108 11.272 518.400 5843.405 8.384 -435.200 -3648.717 0.83
2019-05-05_22:56:08 05109 11.272 530.000 5974.160 8.392 -439.600 -3689.123 0.83
2019-05-05_22:56:09 05110 11.280 528.400 5960.352 8.400 -449.200 -3773.280 0.83
2019-05-05_22:56:10 05111 11.272 530.400 5978.669 8.400 -454.800 -3820.320 0.83
2019-05-05_22:56:11 05112 11.272 535.600 6037.283 8.400 -452.400 -3800.160 0.83
2019-05-05_22:56:12 05113 11.264 542.400 6109.594 8.416 -468.000 -3938.688 0.82
2019-05-05_22:56:13 05114 11.296 491.600 5553.114 8.360 -404.400 -3380.784 0.82
2019-05-05_22:56:14 05115 11.296 498.000 5625.408 8.360 -406.800 -3400.848 0.82
2019-05-05_22:56:15 05116 11.296 502.000 5670.592 8.368 -416.000 -3481.088 0.83
2019-05-05_22:56:16 05117 11.288 509.600 5752.365 8.376 -425.200 -3561.475 0.83
2019-05-05_22:56:17 05118 11.280 521.200 5879.136 8.384 -427.200 -3581.645 0.83
2019-05-05_22:56:18 05119 11.288 516.000 5824.608 8.384 -433.200 -3631.949 0.83
2019-05-05_22:56:19 05120 11.280 520.800 5874.624 8.392 -440.400 -3695.837 0.83
2019-05-05_22:56:20 05121 11.280 512.800 5784.384 8.408 -458.000 -3850.864 0.82
2019-05-05_22:56:21 05122 11.320 463.200 5243.424 8.344 -390.400 -3257.498 0.82
2019-05-05_22:56:22 05123 11.320 463.600 5247.952 8.344 -397.600 -3317.574 0.82
2019-05-05_22:56:23 05124 11.312 472.400 5343.789 8.352 -406.000 -3390.912 0.82
2019-05-05_22:56:24 05125 11.288 492.400 5558.211 8.360 -400.000 -3344.000 0.82
2019-05-05_22:56:25 05126 11.296 500.800 5657.037 8.360 -409.600 -3424.256 0.82
2019-05-05_22:56:26 05127 11.296 504.800 5702.221 8.368 -418.400 -3501.171 0.83
2019-05-05_22:56:27 05128 11.288 507.600 5729.789 8.376 -424.000 -3551.424 0.83
2019-05-05_22:56:28 05129 11.280 518.000 5843.040 8.376 -427.200 -3578.227 0.83
2019-05-05_22:56:29 05130 11.280 516.800 5829.504 8.384 -434.000 -3638.656 0.83
2019-05-05_22:56:30 05131 11.280 520.800 5874.624 8.392 -437.600 -3672.339 0.83
2019-05-05_22:56:31 05132 11.288 514.400 5806.547 8.400 -454.000 -3813.600 0.83
2019-05-05_22:56:32 05133 11.280 531.200 5991.936 8.408 -452.000 -3800.416 0.82
2019-05-05_22:56:33 05134 11.312 483.600 5470.483 8.336 -365.600 -3047.642 0.82
2019-05-05_22:56:34 05135 11.264 515.600 5807.718 8.344 -382.800 -3194.083 0.82
2019-05-05_22:56:35 05136 11.288 500.000 5644.000 8.352 -390.400 -3260.621 0.82
2019-05-05_22:56:36 05137 11.296 498.800 5634.445 8.368 -410.000 -3430.880 0.82
2019-05-05_22:56:37 05138 11.288 500.800 5653.030 8.368 -416.800 -3487.782 0.83
2019-05-05_22:56:38 05139 11.280 508.000 5730.240 8.376 -420.800 -3524.621 0.83
2019-05-05_22:56:39 05140 11.288 512.400 5783.971 8.384 -426.400 -3574.938 0.83
2019-05-05_22:56:40 05141 11.272 516.400 5820.861 8.384 -418.000 -3504.512 0.83
2019-05-05_22:56:41 05142 11.280 524.000 5910.720 8.392 -440.000 -3692.480 0.83
2019-05-05_22:56:42 05143 11.280 526.400 5937.792 8.400 -447.600 -3759.840 0.83
2019-05-05_22:56:43 05144 11.280 530.000 5978.400 8.408 -450.800 -3790.326 0.82
2019-05-05_22:56:44 05145 11.312 463.600 5244.243 8.352 -396.000 -3307.392 0.82
2019-05-05_22:56:45 05146 11.304 486.800 5502.787 8.352 -394.400 -3294.029 0.82
2019-05-05_22:56:46 05147 11.304 490.800 5548.003 8.352 -398.800 -3330.778 0.82
2019-05-05_22:56:47 05148 11.296 493.200 5571.187 8.360 -406.000 -3394.160 0.82
2019-05-05_22:56:48 05149 11.288 500.400 5648.515 8.368 -413.200 -3457.658 0.83
2019-05-05_22:56:49 05150 11.296 498.000 5625.408 8.376 -424.400 -3554.774 0.83
2019-05-05_22:56:50 05151 11.288 516.800 5833.638 8.384 -431.200 -3615.181 0.83