2019-05-05_22:26:31 03334 2.240 -0.800 -1.792 7.872 194.000 1527.168 0.00
2019-05-05_22:26:32 03335 2.240 -0.800 -1.792 7.872 194.000 1527.168 0.00
2019-05-05_22:26:33 03336 2.240 -0.800 -1.792 7.872 194.800 1533.466 0.00
2019-05-05_22:26:34 03337 2.240 -0.800 -1.792 7.872 194.000 1527.168 0.00
2019-05-05_22:26:35 03338 2.240 -0.800 -1.792 7.872 193.600 1524.019 0.00
2019-05-05_22:26:36 03339 2.240 -0.800 -1.792 7.872 194.000 1527.168 0.00
2019-05-05_22:26:37 03340 2.240 -0.800 -1.792 7.872 193.600 1524.019 0.00
2019-05-05_22:26:38 03341 2.240 -0.800 -1.792 7.856 218.000 1712.608 0.00
2019-05-05_22:26:39 03342 2.240 -0.800 -1.792 7.872 194.000 1527.168 0.00
2019-05-05_22:26:40 03343 2.240 -0.800 -1.792 7.864 193.200 1519.325 0.00
2019-05-05_22:26:41 03344 2.240 -0.800 -1.792 7.872 193.200 1520.870 0.00
2019-05-05_22:26:42 03345 2.240 -0.800 -1.792 7.872 193.600 1524.019 0.00
2019-05-05_22:26:43 03346 2.240 -0.800 -1.792 7.872 193.600 1524.019 0.00
2019-05-05_22:26:44 03347 2.240 -0.800 -1.792 7.872 193.600 1524.019 0.00
2019-05-05_22:26:45 03348 2.240 -0.800 -1.792 7.872 193.200 1520.870 0.00
2019-05-05_22:26:46 03349 2.240 -0.800 -1.792 7.872 194.000 1527.168 0.00
2019-05-05_22:26:47 03350 2.240 -0.800 -1.792 7.872 193.200 1520.870 0.00
2019-05-05_22:26:48 03351 2.240 -0.800 -1.792 7.872 197.600 1555.507 0.00
2019-05-05_22:26:49 03352 2.240 -0.800 -1.792 7.872 193.200 1520.870 0.00
2019-05-05_22:26:50 03353 2.240 -0.800 -1.792 7.872 193.200 1520.870 0.00
2019-05-05_22:26:51 03354 2.240 -0.800 -1.792 7.864 193.600 1522.470 0.00
2019-05-05_22:26:52 03355 2.240 -0.800 -1.792 7.872 194.000 1527.168 0.00
2019-05-05_22:26:53 03356 2.240 -0.800 -1.792 7.872 193.600 1524.019 0.00
2019-05-05_22:26:54 03357 2.240 -0.800 -1.792 7.872 192.800 1517.722 0.00
2019-05-05_22:26:55 03358 2.240 -0.800 -1.792 7.872 194.000 1527.168 0.00
2019-05-05_22:26:56 03359 2.240 -0.800 -1.792 7.872 194.000 1527.168 0.00
2019-05-05_22:26:57 03360 2.240 -0.800 -1.792 7.872 193.600 1524.019 0.00
2019-05-05_22:26:58 03361 2.240 -0.800 -1.792 7.864 194.000 1525.616 0.00
2019-05-05_22:26:59 03362 2.240 -0.800 -1.792 7.872 194.400 1530.317 0.00
2019-05-05_22:27:00 03363 2.240 -0.800 -1.792 7.872 193.200 1520.870 0.00
2019-05-05_22:27:01 03364 2.240 -0.800 -1.792 7.872 193.600 1524.019 0.00
2019-05-05_22:27:02 03365 2.240 -0.800 -1.792 7.872 198.400 1561.805 0.00
2019-05-05_22:27:03 03366 2.240 -0.800 -1.792 7.872 193.600 1524.019 0.00
2019-05-05_22:27:04 03367 2.240 -0.800 -1.792 7.872 193.600 1524.019 0.00
2019-05-05_22:27:05 03368 2.240 -0.800 -1.792 7.872 194.400 1530.317 0.00
2019-05-05_22:27:06 03369 2.240 -0.800 -1.792 7.872 203.600 1602.739 0.00
2019-05-05_22:27:07 03370 2.240 -0.800 -1.792 7.872 193.600 1524.019 0.00
2019-05-05_22:27:08 03371 2.240 -0.800 -1.792 7.856 218.000 1712.608 0.00
2019-05-05_22:27:09 03372 2.240 -0.800 -1.792 7.856 193.600 1520.922 0.00
2019-05-05_22:27:10 03373 2.240 -0.800 -1.792 7.872 194.400 1530.317 0.00
2019-05-05_22:27:11 03374 2.240 -0.800 -1.792 7.872 193.200 1520.870 0.00
2019-05-05_22:27:12 03375 2.240 -0.800 -1.792 7.872 194.000 1527.168 0.00
2019-05-05_22:27:13 03376 2.240 -0.800 -1.792 7.872 193.600 1524.019 0.00
2019-05-05_22:27:14 03377 2.240 -0.800 -1.792 7.872 193.600 1524.019 0.00
2019-05-05_22:27:15 03378 2.240 -0.800 -1.792 7.856 193.600 1520.922 0.00
2019-05-05_22:27:16 03379 2.240 -0.800 -1.792 7.872 193.600 1524.019 0.00
2019-05-05_22:27:17 03380 2.240 -0.800 -1.792 7.872 193.600 1524.019 0.00
2019-05-05_22:27:18 03381 2.240 -0.800 -1.792 7.872 194.000 1527.168 0.00
2019-05-05_22:27:19 03382 2.240 -0.800 -1.792 7.856 194.000 1524.064 0.00
2019-05-05_22:27:20 03383 2.240 -0.800 -1.792 7.872 193.600 1524.019 0.00
2019-05-05_22:27:21 03384 2.240 -0.800 -1.792 7.872 194.000 1527.168 0.00
2019-05-05_22:27:22 03385 2.240 -0.800 -1.792 7.872 194.000 1527.168 0.00
2019-05-05_22:27:23 03386 2.240 -0.800 -1.792 7.872 194.800 1533.466 0.00
2019-05-05_22:27:24 03387 2.240 -0.800 -1.792 7.864 194.000 1525.616 0.00
2019-05-05_22:27:25 03388 2.240 -0.800 -1.792 7.872 194.400 1530.317 0.00
2019-05-05_22:27:26 03389 2.240 -0.800 -1.792 7.872 193.600 1524.019 0.00
2019-05-05_22:27:27 03390 2.240 -0.800 -1.792 7.872 193.600 1524.019 0.00
2019-05-05_22:27:28 03391 2.240 -0.800 -1.792 7.872 193.200 1520.870 0.00
2019-05-05_22:27:29 03392 2.240 -0.800 -1.792 7.872 194.000 1527.168 0.00
2019-05-05_22:27:30 03393 2.240 -0.800 -1.792 7.872 193.600 1524.019 0.00
2019-05-05_22:27:31 03394 2.240 -0.800 -1.792 7.872 196.400 1546.061 0.00
2019-05-05_22:27:32 03395 2.240 -0.800 -1.792 7.872 198.000 1558.656 0.00
2019-05-05_22:27:33 03396 2.240 -0.800 -1.792 7.872 193.600 1524.019 0.00
2019-05-05_22:27:34 03397 2.240 -0.800 -1.792 7.872 193.600 1524.019 0.00
2019-05-05_22:27:35 03398 2.240 -0.800 -1.792 7.872 193.600 1524.019 0.00
2019-05-05_22:27:36 03399 2.240 -0.800 -1.792 7.872 194.800 1533.466 0.00
2019-05-05_22:27:37 03400 2.240 -0.800 -1.792 7.872 193.600 1524.019 0.00
2019-05-05_22:27:38 03401 2.240 -0.800 -1.792 7.872 194.000 1527.168 0.00
2019-05-05_22:27:39 03402 2.240 -0.800 -1.792 7.864 194.400 1528.762 0.00
2019-05-05_22:27:40 03403 2.240 -0.800 -1.792 7.872 193.600 1524.019 0.00
2019-05-05_22:27:41 03404 2.240 -0.800 -1.792 7.872 193.600 1524.019 0.00
2019-05-05_22:27:42 03405 2.240 -0.800 -1.792 7.872 194.800 1533.466 0.00
2019-05-05_22:27:43 03406 2.240 -0.800 -1.792 7.872 193.200 1520.870 0.00
2019-05-05_22:27:44 03407 2.240 -0.800 -1.792 7.872 194.000 1527.168 0.00
2019-05-05_22:27:45 03408 2.240 -0.400 -0.896 7.872 194.000 1527.168 0.00
2019-05-05_22:27:46 03409 2.240 -0.800 -1.792 7.872 194.000 1527.168 0.00
2019-05-05_22:27:47 03410 2.240 -0.800 -1.792 7.872 194.000 1527.168 0.00
2019-05-05_22:27:48 03411 2.240 -0.800 -1.792 7.872 194.000 1527.168 0.00
2019-05-05_22:27:49 03412 2.240 -0.800 -1.792 7.864 194.000 1525.616 0.00
2019-05-05_22:27:50 03413 2.240 -0.800 -1.792 7.864 203.200 1597.965 0.00
2019-05-05_22:27:52 03414 2.240 -0.800 -1.792 7.872 193.600 1524.019 0.00
2019-05-05_22:27:53 03415 2.240 -0.800 -1.792 7.872 194.000 1527.168 0.00
2019-05-05_22:27:54 03416 2.240 -0.800 -1.792 7.856 194.000 1524.064 0.00
2019-05-05_22:27:55 03417 2.240 -0.800 -1.792 7.872 194.000 1527.168 0.00
2019-05-05_22:27:56 03418 2.240 -0.800 -1.792 7.872 194.400 1530.317 0.00
2019-05-05_22:27:57 03419 2.240 -0.800 -1.792 7.872 194.400 1530.317 0.00
2019-05-05_22:27:58 03420 2.240 -0.800 -1.792 7.872 193.600 1524.019 0.00
2019-05-05_22:27:59 03421 2.240 -0.800 -1.792 7.872 194.000 1527.168 0.00
2019-05-05_22:28:00 03422 2.240 -0.800 -1.792 7.872 194.000 1527.168 0.00
2019-05-05_22:28:01 03423 2.240 -0.800 -1.792 7.872 193.600 1524.019 0.00
2019-05-05_22:28:02 03424 2.240 -0.800 -1.792 7.872 194.800 1533.466 0.00
2019-05-05_22:28:03 03425 2.240 -0.800 -1.792 7.872 194.000 1527.168 0.00
2019-05-05_22:28:04 03426 2.240 -0.800 -1.792 7.872 193.600 1524.019 0.00
2019-05-05_22:28:05 03427 2.240 -0.800 -1.792 7.872 195.200 1536.614 0.00
2019-05-05_22:28:06 03428 2.240 -0.800 -1.792 7.864 194.000 1525.616 0.00
2019-05-05_22:28:07 03429 2.240 -0.800 -1.792 7.872 194.000 1527.168 0.00
2019-05-05_22:28:08 03430 2.240 -0.800 -1.792 7.864 193.600 1522.470 0.00
2019-05-05_22:28:09 03431 2.240 -0.800 -1.792 7.872 193.600 1524.019 0.00
2019-05-05_22:28:10 03432 2.240 -0.800 -1.792 7.872 194.000 1527.168 0.00
2019-05-05_22:28:11 03433 2.240 -0.800 -1.792 7.872 193.200 1520.870 0.00
2019-05-05_22:28:12 03434 2.240 -0.800 -1.792 7.872 201.600 1586.995 0.00