2019-05-05_02:02:12 00102 11.576 163.600 1893.834 8.408 0.400 3.363 0.75
2019-05-05_02:02:13 00103 11.600 164.800 1911.680 8.304 0.000 0.000 0.75
2019-05-05_02:02:14 00104 11.592 153.600 1780.531 8.312 0.000 0.000 0.75
2019-05-05_02:02:15 00105 11.584 155.200 1797.837 8.328 0.000 0.000 0.75
2019-05-05_02:02:16 00106 11.584 172.400 1997.082 8.328 0.000 0.000 0.75
2019-05-05_02:02:17 00107 11.584 165.600 1918.310 8.344 0.000 0.000 0.75
2019-05-05_02:02:18 00108 11.592 153.200 1775.894 8.352 0.400 3.341 0.75
2019-05-05_02:02:19 00109 11.576 169.200 1958.659 8.360 0.400 3.344 0.76
2019-05-05_02:02:20 00110 11.576 163.200 1889.203 8.376 0.400 3.350 0.76
2019-05-05_02:02:21 00111 11.576 170.800 1977.181 8.376 0.400 3.350 0.76
2019-05-05_02:02:22 00112 11.584 153.600 1779.302 8.392 0.400 3.357 0.76
2019-05-05_02:02:23 00113 11.576 153.600 1778.074 8.408 0.400 3.363 0.75
2019-05-05_02:02:24 00114 11.568 180.800 2091.494 8.296 0.400 3.318 0.77
2019-05-05_02:02:25 00115 11.568 164.400 1901.779 8.544 0.000 0.000 0.76
2019-05-05_02:02:26 00116 11.576 166.400 1926.246 8.400 0.000 0.000 0.76
2019-05-05_02:02:27 00117 11.584 153.600 1779.302 8.424 0.000 0.000 0.75
2019-05-05_02:02:28 00118 11.584 156.400 1811.738 8.312 0.000 0.000 0.75
2019-05-05_02:02:29 00119 11.584 164.400 1904.410 8.320 0.400 3.328 0.75
2019-05-05_02:02:30 00120 11.584 170.400 1973.914 8.320 0.400 3.328 0.75
2019-05-05_02:02:31 00121 11.576 172.400 1995.702 8.336 0.400 3.334 0.75
2019-05-05_02:02:32 00122 11.584 161.200 1867.341 8.360 0.400 3.344 0.75
2019-05-05_02:02:33 00123 11.576 164.000 1898.464 8.368 0.400 3.347 0.76
2019-05-05_02:02:34 00124 11.592 166.000 1924.272 8.376 0.400 3.350 0.76
2019-05-05_02:02:35 00125 11.584 153.600 1779.302 8.392 0.400 3.357 0.76
2019-05-05_02:02:36 00126 11.576 169.600 1963.290 8.392 0.400 3.357 0.76
2019-05-05_02:02:37 00127 11.576 162.000 1875.312 8.408 0.400 3.363 0.75
2019-05-05_02:02:38 00128 11.600 165.200 1916.320 8.304 0.000 0.000 0.75
2019-05-05_02:02:39 00129 11.584 169.600 1964.646 8.304 0.000 0.000 0.75
2019-05-05_02:02:40 00130 11.592 153.200 1775.894 8.328 0.400 3.331 0.75
2019-05-05_02:02:41 00131 11.584 155.600 1802.470 8.328 0.400 3.331 0.75
2019-05-05_02:02:42 00132 11.584 162.400 1881.242 8.344 0.400 3.338 0.75
2019-05-05_02:02:43 00133 11.560 194.400 2247.264 8.336 0.400 3.334 0.75
2019-05-05_02:02:44 00134 11.560 198.400 2293.504 8.344 0.000 0.000 0.76
2019-05-05_02:02:45 00135 11.560 185.200 2140.912 8.360 0.400 3.344 0.76
2019-05-05_02:02:46 00136 11.560 198.400 2293.504 8.368 0.400 3.347 0.76
2019-05-05_02:02:47 00137 11.560 198.400 2293.504 8.376 0.000 0.000 0.76
2019-05-05_02:02:48 00138 11.552 195.200 2254.950 8.384 0.000 0.000 0.76
2019-05-05_02:02:49 00139 11.552 198.800 2296.538 8.408 0.000 0.000 0.75
2019-05-05_02:02:50 00140 11.568 198.000 2290.464 8.288 0.000 0.000 0.77
2019-05-05_02:02:51 00141 11.560 172.400 1992.944 8.560 0.000 0.000 0.76
2019-05-05_02:02:52 00142 11.552 199.200 2301.158 8.400 0.400 3.360 0.76
2019-05-05_02:02:53 00143 11.568 170.800 1975.814 8.424 0.000 0.000 0.75
2019-05-05_02:02:54 00144 11.560 197.200 2279.632 8.304 0.000 0.000 0.75
2019-05-05_02:02:55 00145 11.584 170.000 1969.280 8.328 0.400 3.331 0.75
2019-05-05_02:02:56 00146 11.584 166.800 1932.211 8.336 0.400 3.334 0.75
2019-05-05_02:02:57 00147 11.584 164.400 1904.410 8.352 0.400 3.341 0.75
2019-05-05_02:02:58 00148 11.576 170.400 1972.550 8.360 0.400 3.344 0.76
2019-05-05_02:02:59 00149 11.584 158.800 1839.539 8.368 0.000 0.000 0.76
2019-05-05_02:03:00 00150 11.576 158.800 1838.269 8.384 0.400 3.354 0.76
2019-05-05_02:03:01 00151 11.576 190.400 2204.070 8.392 0.400 3.357 0.76
2019-05-05_02:03:02 00152 11.568 170.800 1975.814 8.400 0.400 3.360 0.76
2019-05-05_02:03:03 00153 11.576 170.400 1972.550 8.408 0.400 3.363 0.75
2019-05-05_02:03:04 00154 11.568 173.200 2003.578 8.288 0.000 0.000 0.77
2019-05-05_02:03:05 00155 11.568 166.800 1929.542 8.552 0.000 0.000 0.76
2019-05-05_02:03:06 00156 11.576 164.800 1907.725 8.408 0.400 3.363 0.75
2019-05-05_02:03:07 00157 11.584 170.400 1973.914 8.304 0.400 3.322 0.75
2019-05-05_02:03:08 00158 11.584 160.800 1862.707 8.312 0.400 3.325 0.75
2019-05-05_02:03:09 00159 11.584 164.000 1899.776 8.328 0.000 0.000 0.75
2019-05-05_02:03:10 00160 11.584 164.800 1909.043 8.344 0.400 3.338 0.75
2019-05-05_02:03:11 00161 11.584 169.200 1960.013 8.352 0.400 3.341 0.75
2019-05-05_02:03:12 00162 11.584 156.800 1816.371 8.360 0.400 3.344 0.76
2019-05-05_02:03:13 00163 11.576 163.600 1893.834 8.376 0.400 3.350 0.76
2019-05-05_02:03:14 00164 11.576 164.400 1903.094 8.384 0.400 3.354 0.76
2019-05-05_02:03:15 00165 11.576 170.400 1972.550 8.392 0.000 0.000 0.76
2019-05-05_02:03:16 00166 11.584 168.800 1955.379 8.408 0.400 3.363 0.75
2019-05-05_02:03:17 00167 11.584 156.400 1811.738 8.296 0.000 0.000 0.77
2019-05-05_02:03:18 00168 11.576 162.800 1884.573 8.544 0.000 0.000 0.76
2019-05-05_02:03:19 00169 11.584 165.600 1918.310 8.408 0.400 3.363 0.75
2019-05-05_02:03:20 00170 11.592 158.000 1831.536 8.304 0.000 0.000 0.75
2019-05-05_02:03:21 00171 11.592 155.200 1799.078 8.304 0.000 0.000 0.75
2019-05-05_02:03:22 00172 11.584 156.800 1816.371 8.320 0.400 3.328 0.75
2019-05-05_02:03:23 00173 11.584 165.600 1918.310 8.336 0.000 0.000 0.75
2019-05-05_02:03:24 00174 11.584 169.600 1964.646 8.344 0.400 3.338 0.75
2019-05-05_02:03:25 00175 11.584 155.600 1802.470 8.352 0.400 3.341 0.75
2019-05-05_02:03:26 00176 11.576 158.400 1833.638 8.360 0.400 3.344 0.76
2019-05-05_02:03:27 00177 11.576 164.400 1903.094 8.376 0.400 3.350 0.76
2019-05-05_02:03:28 00178 11.576 165.200 1912.355 8.384 0.000 0.000 0.76
2019-05-05_02:03:29 00179 11.584 154.000 1783.936 8.400 0.400 3.360 0.76
2019-05-05_02:03:30 00180 11.576 169.200 1958.659 8.400 0.400 3.360 0.76
2019-05-05_02:03:31 00181 11.560 176.800 2043.808 8.416 0.000 0.000 0.75
2019-05-05_02:03:32 00182 11.584 166.800 1932.211 8.304 0.000 0.000 0.75
2019-05-05_02:03:33 00183 11.584 166.000 1922.944 8.312 0.000 0.000 0.75
2019-05-05_02:03:34 00184 11.568 191.200 2211.802 8.312 0.000 0.000 0.75
2019-05-05_02:03:35 00185 11.560 200.000 2312.000 8.320 0.400 3.328 0.75
2019-05-05_02:03:36 00186 11.560 195.200 2256.512 8.328 0.400 3.331 0.75
2019-05-05_02:03:37 00187 11.552 200.000 2310.400 8.344 0.400 3.338 0.76
2019-05-05_02:03:38 00188 11.552 200.000 2310.400 8.360 0.400 3.344 0.76
2019-05-05_02:03:39 00189 11.560 193.600 2238.016 8.360 0.400 3.344 0.76
2019-05-05_02:03:40 00190 11.560 200.000 2312.000 8.376 0.000 0.000 0.76
2019-05-05_02:03:41 00191 11.560 196.000 2265.760 8.384 0.000 0.000 0.76
2019-05-05_02:03:42 00192 11.552 200.000 2310.400 8.392 0.400 3.357 0.76
2019-05-05_02:03:43 00193 11.552 198.400 2291.917 8.416 0.400 3.366 0.75
2019-05-05_02:03:44 00194 11.560 190.000 2196.400 8.296 0.000 0.000 0.77
2019-05-05_02:03:45 00195 11.552 196.000 2264.192 8.552 0.000 0.000 0.76
2019-05-05_02:03:46 00196 11.552 195.200 2254.950 8.416 0.000 0.000 0.75
2019-05-05_02:03:47 00197 11.560 200.400 2316.624 8.304 0.000 0.000 0.75
2019-05-05_02:03:48 00198 11.560 198.400 2293.504 8.312 0.000 0.000 0.75
2019-05-05_02:03:49 00199 11.568 197.200 2281.210 8.320 0.400 3.328 0.75
2019-05-05_02:03:50 00200 11.560 194.400 2247.264 8.336 0.000 0.000 0.75
2019-05-05_02:03:51 00201 11.552 198.800 2296.538 8.344 0.000 0.000 0.76
2019-05-05_02:03:52 00202 11.560 200.400 2316.624 8.352 0.400 3.341 0.76