2019-05-05_02:17:58 00001 11.560 199.600 2307.376 3.208 0.000 0.000 0.32
2019-05-05_02:17:59 00002 11.560 199.600 2307.376 3.432 0.000 0.000 0.34
2019-05-05_02:18:00 00003 11.568 200.400 2318.227 3.672 0.000 0.000 0.36
2019-05-05_02:18:01 00004 11.576 198.000 2292.048 3.920 0.000 0.000 0.38
2019-05-05_02:18:02 00005 11.560 202.400 2339.744 4.144 0.000 0.000 0.40
2019-05-05_02:18:04 00006 11.560 203.600 2353.616 4.376 0.000 0.000 0.42
2019-05-05_02:18:05 00007 11.560 203.600 2353.616 4.608 0.000 0.000 0.44
2019-05-05_02:18:06 00008 11.568 204.000 2359.872 4.856 0.000 0.000 0.46
2019-05-05_02:18:07 00009 11.552 200.800 2319.642 5.064 0.000 0.000 0.48
2019-05-05_02:18:08 00010 11.568 198.000 2290.464 5.312 0.000 0.000 0.50
2019-05-05_02:18:09 00011 11.560 205.200 2372.112 5.536 0.000 0.000 0.52
2019-05-05_02:18:10 00012 11.560 204.800 2367.488 5.768 0.000 0.000 0.54
2019-05-05_02:18:11 00013 11.552 205.600 2375.091 5.992 0.000 0.000 0.56
2019-05-05_02:18:12 00014 11.560 203.600 2353.616 6.224 0.000 0.000 0.58
2019-05-05_02:18:13 00015 11.560 202.400 2339.744 6.448 0.000 0.000 0.60
2019-05-05_02:18:14 00016 11.560 198.000 2288.880 6.680 0.000 0.000 0.62
2019-05-05_02:18:15 00017 11.560 199.600 2307.376 6.896 0.000 0.000 0.64
2019-05-05_02:18:16 00018 11.568 201.600 2332.109 7.120 0.000 0.000 0.66
2019-05-05_02:18:17 00019 11.560 202.000 2335.120 7.344 0.000 0.000 0.68
2019-05-05_02:18:18 00020 11.560 194.800 2251.888 7.560 0.000 0.000 0.70
2019-05-05_02:18:19 00021 11.552 200.400 2315.021 7.760 0.000 0.000 0.72
2019-05-05_02:18:20 00022 11.568 194.800 2253.446 7.992 0.400 3.197 0.74
2019-05-05_02:18:21 00023 11.568 198.400 2295.091 8.200 0.000 0.000 0.76
2019-05-05_02:18:22 00024 11.552 196.000 2264.192 8.408 0.000 0.000 0.75
2019-05-05_02:18:23 00025 11.568 192.400 2225.683 8.304 0.400 3.322 0.75
2019-05-05_02:18:24 00026 11.560 198.000 2288.880 8.312 0.000 0.000 0.75
2019-05-05_02:18:25 00027 11.560 200.800 2321.248 8.320 0.000 0.000 0.75
2019-05-05_02:18:26 00028 11.560 201.200 2325.872 8.328 0.400 3.331 0.75
2019-05-05_02:18:27 00029 11.560 199.600 2307.376 8.344 0.000 0.000 0.76
2019-05-05_02:18:28 00030 11.560 200.000 2312.000 8.352 0.000 0.000 0.76
2019-05-05_02:18:29 00031 11.568 186.400 2156.275 8.360 0.000 0.000 0.76
2019-05-05_02:18:30 00032 11.552 195.200 2254.950 8.376 0.000 0.000 0.76
2019-05-05_02:18:31 00033 11.560 197.600 2284.256 8.384 0.000 0.000 0.76
2019-05-05_02:18:32 00034 11.560 196.800 2275.008 8.400 0.000 0.000 0.76
2019-05-05_02:18:33 00035 11.560 193.200 2233.392 8.416 0.400 3.366 0.75
2019-05-05_02:18:34 00036 11.568 196.000 2267.328 8.304 0.400 3.322 0.75
2019-05-05_02:18:35 00037 11.568 193.600 2239.565 8.312 0.400 3.325 0.75
2019-05-05_02:18:36 00038 11.560 188.800 2182.528 8.328 0.400 3.331 0.75
2019-05-05_02:18:37 00039 11.568 196.000 2267.328 8.336 0.400 3.334 0.75
2019-05-05_02:18:38 00040 11.560 190.000 2196.400 8.352 0.400 3.341 0.76
2019-05-05_02:18:39 00041 11.568 192.800 2230.310 8.352 0.400 3.341 0.76
2019-05-05_02:18:40 00042 11.560 196.800 2275.008 8.368 0.400 3.347 0.76
2019-05-05_02:18:41 00043 11.584 153.600 1779.302 8.400 0.400 3.360 0.76
2019-05-05_02:18:42 00044 11.584 153.200 1774.669 8.408 0.400 3.363 0.75
2019-05-05_02:18:43 00045 11.592 152.800 1771.258 8.304 0.000 0.000 0.75
2019-05-05_02:18:44 00046 11.592 157.200 1822.262 8.312 0.000 0.000 0.75
2019-05-05_02:18:45 00047 11.584 164.400 1904.410 8.320 0.000 0.000 0.75
2019-05-05_02:18:46 00048 11.592 153.200 1775.894 8.328 0.400 3.331 0.75
2019-05-05_02:18:47 00049 11.592 153.200 1775.894 8.352 0.400 3.341 0.75
2019-05-05_02:18:48 00050 11.584 152.800 1770.035 8.360 0.400 3.344 0.75
2019-05-05_02:18:49 00051 11.576 160.000 1852.160 8.368 0.000 0.000 0.76
2019-05-05_02:18:50 00052 11.576 164.000 1898.464 8.376 0.400 3.350 0.76
2019-05-05_02:18:51 00053 11.584 152.800 1770.035 8.384 0.000 0.000 0.76
2019-05-05_02:18:52 00054 11.584 152.400 1765.402 8.400 0.400 3.360 0.76
2019-05-05_02:18:53 00055 11.576 155.200 1796.595 8.408 0.400 3.363 0.75
2019-05-05_02:18:54 00056 11.592 160.400 1859.357 8.304 0.000 0.000 0.75
2019-05-05_02:18:55 00057 11.584 163.600 1895.142 8.312 0.400 3.325 0.75
2019-05-05_02:18:56 00058 11.592 164.400 1905.725 8.328 0.000 0.000 0.75
2019-05-05_02:18:57 00059 11.592 152.800 1771.258 8.336 0.400 3.334 0.75
2019-05-05_02:18:58 00060 11.560 197.600 2284.256 8.328 0.400 3.331 0.75
2019-05-05_02:18:59 00061 11.560 198.800 2298.128 8.336 0.400 3.334 0.75
2019-05-05_02:19:00 00062 11.568 192.000 2221.056 8.344 0.400 3.338 0.76
2019-05-05_02:19:01 00063 11.560 199.200 2302.752 8.360 0.000 0.000 0.76
2019-05-05_02:19:02 00064 11.560 197.600 2284.256 8.368 0.000 0.000 0.76
2019-05-05_02:19:03 00065 11.560 196.800 2275.008 8.376 0.400 3.350 0.76
2019-05-05_02:19:04 00066 11.560 190.800 2205.648 8.384 0.400 3.354 0.76
2019-05-05_02:19:05 00067 11.552 199.200 2301.158 8.400 0.000 0.000 0.76
2019-05-05_02:19:06 00068 11.552 200.800 2319.642 8.416 0.000 0.000 0.75
2019-05-05_02:19:07 00069 11.568 195.600 2262.701 8.296 0.400 3.318 0.77
2019-05-05_02:19:08 00070 11.552 198.400 2291.917 8.560 0.000 0.000 0.76
2019-05-05_02:19:09 00071 11.552 198.000 2287.296 8.408 0.000 0.000 0.75
2019-05-05_02:19:10 00072 11.568 198.800 2299.718 8.304 0.000 0.000 0.75
2019-05-05_02:19:11 00073 11.560 199.600 2307.376 8.312 0.400 3.325 0.75
2019-05-05_02:19:12 00074 11.568 198.400 2295.091 8.320 0.000 0.000 0.75
2019-05-05_02:19:13 00075 11.560 197.200 2279.632 8.336 0.000 0.000 0.75
2019-05-05_02:19:14 00076 11.560 199.200 2302.752 8.344 0.400 3.338 0.76
2019-05-05_02:19:15 00077 11.560 202.800 2344.368 8.360 0.400 3.344 0.76
2019-05-05_02:19:16 00078 11.560 190.400 2201.024 8.368 0.000 0.000 0.76
2019-05-05_02:19:17 00079 11.552 198.400 2291.917 8.376 0.000 0.000 0.76
2019-05-05_02:19:18 00080 11.552 197.600 2282.675 8.384 0.400 3.354 0.76
2019-05-05_02:19:19 00081 11.560 197.600 2284.256 8.400 0.000 0.000 0.76
2019-05-05_02:19:20 00082 11.560 197.200 2279.632 8.416 0.000 0.000 0.75
2019-05-05_02:19:21 00083 11.560 199.600 2307.376 8.304 0.400 3.322 0.75
2019-05-05_02:19:22 00084 11.560 199.600 2307.376 8.312 0.400 3.325 0.75
2019-05-05_02:19:23 00085 11.560 194.400 2247.264 8.320 0.000 0.000 0.75
2019-05-05_02:19:24 00086 11.560 194.800 2251.888 8.336 0.000 0.000 0.75
2019-05-05_02:19:25 00087 11.560 185.600 2145.536 8.352 0.400 3.341 0.76
2019-05-05_02:19:26 00088 11.560 195.600 2261.136 8.360 0.400 3.344 0.76
2019-05-05_02:19:27 00089 11.560 196.400 2270.384 8.368 0.400 3.347 0.76
2019-05-05_02:19:28 00090 11.552 194.800 2250.330 8.376 0.400 3.350 0.76
2019-05-05_02:19:29 00091 11.552 190.400 2199.501 8.384 0.400 3.354 0.76
2019-05-05_02:19:30 00092 11.560 189.600 2191.776 8.408 0.000 0.000 0.75
2019-05-05_02:19:31 00093 11.568 185.200 2142.394 8.296 0.000 0.000 0.77
2019-05-05_02:19:32 00094 11.552 198.000 2287.296 8.544 0.000 0.000 0.76
2019-05-05_02:19:33 00095 11.560 192.400 2224.144 8.400 0.000 0.000 0.76
2019-05-05_02:19:34 00096 11.560 192.800 2228.768 8.424 0.000 0.000 0.75
2019-05-05_02:19:35 00097 11.568 192.800 2230.310 8.304 0.000 0.000 0.75
2019-05-05_02:19:36 00098 11.560 194.400 2247.264 8.312 0.400 3.325 0.75
2019-05-05_02:19:37 00099 11.560 199.600 2307.376 8.328 0.400 3.331 0.75
2019-05-05_02:19:38 00100 11.560 195.200 2256.512 8.336 0.400 3.334 0.75
2019-05-05_02:19:39 00101 11.568 196.800 2276.582 8.344 0.400 3.338 0.76