2019-05-05_02:52:33 00102 11.376 404.400 4600.454 8.408 -316.800 -2663.654 0.81
2019-05-05_02:52:34 00103 11.424 348.400 3980.122 8.352 -257.200 -2148.134 0.81
2019-05-05_02:52:35 00104 11.416 352.000 4018.432 8.360 -262.400 -2193.664 0.81
2019-05-05_02:52:36 00105 11.408 356.000 4061.248 8.360 -267.600 -2237.136 0.81
2019-05-05_02:52:37 00106 11.400 364.800 4158.720 8.368 -273.600 -2289.485 0.81
2019-05-05_02:52:38 00107 11.384 392.400 4467.082 8.368 -268.800 -2249.318 0.81
2019-05-05_02:52:39 00108 11.392 382.400 4356.301 8.376 -286.000 -2395.536 0.81
2019-05-05_02:52:40 00109 11.392 374.400 4265.165 8.384 -290.800 -2438.067 0.82
2019-05-05_02:52:41 00110 11.392 379.600 4324.403 8.392 -297.600 -2497.459 0.82
2019-05-05_02:52:42 00111 11.384 393.200 4476.189 8.400 -305.200 -2563.680 0.82
2019-05-05_02:52:43 00112 11.376 399.200 4541.299 8.400 -310.400 -2607.360 0.82
2019-05-05_02:52:44 00113 11.376 404.400 4600.454 8.408 -316.400 -2660.291 0.81
2019-05-05_02:52:45 00114 11.416 347.600 3968.202 8.352 -256.800 -2144.794 0.81
2019-05-05_02:52:46 00115 6.344 -3.200 -20.301 7.984 192.000 1532.928 0.00
2019-05-05_02:52:47 00116 3.248 -3.200 -10.394 7.984 193.600 1545.702 0.00
2019-05-05_02:52:48 00117 1.976 -4.800 -9.485 7.968 202.000 1609.536 0.00
2019-05-05_02:52:49 00118 1.960 -4.800 -9.408 7.968 202.400 1612.723 0.00
2019-05-05_02:52:50 00119 1.960 -4.800 -9.408 7.968 218.400 1740.211 0.00
2019-05-05_02:52:51 00120 1.960 -4.800 -9.408 7.968 202.400 1612.723 0.00
2019-05-05_02:52:52 00121 1.960 -4.800 -9.408 7.968 202.000 1609.536 0.00
2019-05-05_02:52:53 00122 1.960 -4.800 -9.408 7.968 202.400 1612.723 0.00
2019-05-05_02:52:54 00123 1.960 -4.800 -9.408 7.952 203.200 1615.846 0.00
2019-05-05_02:52:55 00124 1.960 -5.200 -10.192 7.960 202.400 1611.104 0.00
2019-05-05_02:52:56 00125 1.960 -4.800 -9.408 7.968 202.800 1615.910 0.00
2019-05-05_02:52:57 00126 1.960 -5.200 -10.192 7.960 202.000 1607.920 0.00
2019-05-05_02:52:58 00127 1.960 -4.800 -9.408 7.944 202.400 1607.866 0.00
2019-05-05_02:52:59 00128 1.960 -4.800 -9.408 7.960 203.200 1617.472 0.00
2019-05-05_02:53:00 00129 1.960 -4.800 -9.408 7.960 202.400 1611.104 0.00
2019-05-05_02:53:01 00130 1.960 -4.800 -9.408 7.960 202.800 1614.288 0.00
2019-05-05_02:53:02 00131 1.960 -4.800 -9.408 7.960 202.000 1607.920 0.00
2019-05-05_02:53:03 00132 1.952 -5.200 -10.150 7.960 202.400 1611.104 0.00
2019-05-05_02:53:04 00133 1.952 -4.800 -9.370 7.960 202.800 1614.288 0.00
2019-05-05_02:53:05 00134 1.960 -4.800 -9.408 7.944 200.000 1588.800 0.00
2019-05-05_02:53:06 00135 1.960 -4.800 -9.408 7.960 226.000 1798.960 0.00
2019-05-05_02:53:07 00136 1.952 -4.800 -9.370 7.960 202.000 1607.920 0.00
2019-05-05_02:53:08 00137 1.952 -4.800 -9.370 7.960 202.000 1607.920 0.00
2019-05-05_02:53:09 00138 1.960 -5.200 -10.192 7.960 200.000 1592.000 0.00
2019-05-05_02:53:10 00139 1.960 -4.800 -9.408 7.960 199.200 1585.632 0.00
2019-05-05_02:53:11 00140 1.952 -4.800 -9.370 7.944 202.000 1604.688 0.00
2019-05-05_02:53:12 00141 1.952 -4.800 -9.370 7.960 200.800 1598.368 0.00
2019-05-05_02:53:13 00142 1.952 -4.800 -9.370 7.960 199.200 1585.632 0.00
2019-05-05_02:53:14 00143 1.952 -4.800 -9.370 7.960 200.800 1598.368 0.00
2019-05-05_02:53:15 00144 1.952 -4.800 -9.370 7.944 209.600 1665.062 0.00
2019-05-05_02:53:16 00145 1.952 -4.800 -9.370 7.960 200.400 1595.184 0.00
2019-05-05_02:53:17 00146 1.952 -4.800 -9.370 7.960 199.200 1585.632 0.00
2019-05-05_02:53:18 00147 1.952 -4.800 -9.370 7.944 201.600 1601.510 0.00
2019-05-05_02:53:19 00148 1.952 -4.800 -9.370 7.960 203.600 1620.656 0.00
2019-05-05_02:53:20 00149 1.952 -4.800 -9.370 7.960 200.000 1592.000 0.00