2019-05-05_00:56:04 04445 11.576 170.400 1972.550 8.392 0.000 0.000 0.76
2019-05-05_00:56:05 04446 11.560 171.200 1979.072 8.384 0.000 0.000 0.76
2019-05-05_00:56:06 04447 11.576 167.600 1940.138 8.408 0.400 3.363 0.75
2019-05-05_00:56:07 04448 11.584 170.400 1973.914 8.304 0.000 0.000 0.75
2019-05-05_00:56:08 04449 11.560 197.200 2279.632 8.304 0.000 0.000 0.75
2019-05-05_00:56:09 04450 11.584 170.000 1969.280 8.328 0.400 3.331 0.75
2019-05-05_00:56:10 04451 11.560 185.600 2145.536 8.320 0.400 3.328 0.75
2019-05-05_00:56:11 04452 11.576 167.600 1940.138 8.344 0.000 0.000 0.75
2019-05-05_00:56:12 04453 11.576 168.000 1944.768 8.360 0.400 3.344 0.76
2019-05-05_00:56:13 04454 11.560 192.000 2219.520 8.352 0.400 3.341 0.76
2019-05-05_00:56:14 04455 11.576 168.400 1949.398 8.384 0.400 3.354 0.76
2019-05-05_00:56:15 04456 11.568 193.600 2239.565 8.376 0.000 0.000 0.76
2019-05-05_00:56:16 04457 11.576 170.400 1972.550 8.400 0.400 3.360 0.76
2019-05-05_00:56:17 04458 11.568 170.000 1966.560 8.408 0.000 0.000 0.75
2019-05-05_00:56:18 04459 11.568 193.600 2239.565 8.288 0.000 0.000 0.77
2019-05-05_00:56:19 04460 11.568 168.000 1943.424 8.544 0.000 0.000 0.76
2019-05-05_00:56:20 04461 11.576 170.400 1972.550 8.408 0.400 3.363 0.75
2019-05-05_00:56:21 04462 11.592 162.000 1877.904 8.304 0.400 3.322 0.75
2019-05-05_00:56:22 04463 11.584 166.000 1922.944 8.312 0.000 0.000 0.75
2019-05-05_00:56:23 04464 11.584 169.600 1964.646 8.328 0.000 0.000 0.75
2019-05-05_00:56:24 04465 11.584 168.800 1955.379 8.336 0.000 0.000 0.75
2019-05-05_00:56:25 04466 11.584 166.400 1927.578 8.344 0.400 3.338 0.75
2019-05-05_00:56:26 04467 11.576 169.600 1963.290 8.360 0.400 3.344 0.76
2019-05-05_00:56:27 04468 11.576 170.400 1972.550 8.368 0.400 3.347 0.76
2019-05-05_00:56:28 04469 11.576 170.800 1977.181 8.376 0.400 3.350 0.76
2019-05-05_00:56:29 04470 11.576 170.000 1967.920 8.392 0.400 3.357 0.76
2019-05-05_00:56:30 04471 11.584 156.000 1807.104 8.400 0.400 3.360 0.76
2019-05-05_00:56:31 04472 11.576 154.800 1791.965 8.408 0.000 0.000 0.75
2019-05-05_00:56:32 04473 11.592 161.600 1873.267 8.312 0.400 3.325 0.75
2019-05-05_00:56:33 04474 11.584 182.000 2108.288 8.320 0.400 3.328 0.75
2019-05-05_00:56:34 04475 11.592 161.200 1868.630 8.328 0.400 3.331 0.75
2019-05-05_00:56:35 04476 11.560 177.600 2053.056 8.320 0.400 3.328 0.75
2019-05-05_00:56:36 04477 11.584 164.000 1899.776 8.352 0.400 3.341 0.75
2019-05-05_00:56:37 04478 11.576 163.200 1889.203 8.360 0.400 3.344 0.76
2019-05-05_00:56:38 04479 11.576 173.200 2004.963 8.368 0.400 3.347 0.76
2019-05-05_00:56:39 04480 11.592 154.400 1789.805 8.376 0.400 3.350 0.76
2019-05-05_00:56:40 04481 11.576 158.800 1838.269 8.392 0.400 3.357 0.76
2019-05-05_00:56:41 04482 11.576 170.800 1977.181 8.408 0.000 0.000 0.75
2019-05-05_00:56:42 04483 11.584 170.000 1969.280 8.296 0.400 3.318 0.77
2019-05-05_00:56:43 04484 11.568 170.000 1966.560 8.528 0.000 0.000 0.76
2019-05-05_00:56:44 04485 11.576 170.000 1967.920 8.400 0.000 0.000 0.76
2019-05-05_00:56:45 04486 11.576 166.800 1930.877 8.408 0.000 0.000 0.75
2019-05-05_00:56:46 04487 11.584 171.200 1983.181 8.304 0.400 3.322 0.75
2019-05-05_00:56:47 04488 11.584 168.800 1955.379 8.312 0.000 0.000 0.75
2019-05-05_00:56:48 04489 11.576 170.000 1967.920 8.328 0.400 3.331 0.75
2019-05-05_00:56:49 04490 11.576 170.400 1972.550 8.344 0.400 3.338 0.75
2019-05-05_00:56:50 04491 11.560 196.800 2275.008 8.344 0.000 0.000 0.75
2019-05-05_00:56:51 04492 11.576 170.400 1972.550 8.360 0.400 3.344 0.76
2019-05-05_00:56:52 04493 11.576 170.400 1972.550 8.368 0.400 3.347 0.76
2019-05-05_00:56:53 04494 11.576 168.800 1954.029 8.376 0.000 0.000 0.76
2019-05-05_00:56:54 04495 11.576 169.600 1963.290 8.392 0.400 3.357 0.76
2019-05-05_00:56:55 04496 11.568 183.600 2123.885 8.384 0.400 3.354 0.76
2019-05-05_00:56:56 04497 11.568 170.000 1966.560 8.416 0.000 0.000 0.75
2019-05-05_00:56:57 04498 11.584 170.400 1973.914 8.312 0.000 0.000 0.75
2019-05-05_00:56:58 04499 11.560 167.200 1932.832 8.304 0.400 3.322 0.75
2019-05-05_00:56:59 04500 11.584 168.400 1950.746 8.328 0.400 3.331 0.75
2019-05-05_00:57:00 04501 11.560 194.800 2251.888 8.336 0.400 3.334 0.75
2019-05-05_00:57:01 04502 11.576 169.600 1963.290 8.352 0.400 3.341 0.75
2019-05-05_00:57:02 04503 11.576 170.400 1972.550 8.360 0.400 3.344 0.76
2019-05-05_00:57:03 04504 11.560 186.000 2150.160 8.352 0.400 3.341 0.76
2019-05-05_00:57:04 04505 11.576 166.000 1921.616 8.376 0.400 3.350 0.76
2019-05-05_00:57:05 04506 11.560 198.400 2293.504 8.376 0.000 0.000 0.76
2019-05-05_00:57:06 04507 11.576 170.400 1972.550 8.400 0.400 3.360 0.76
2019-05-05_00:57:07 04508 11.576 170.000 1967.920 8.416 0.400 3.366 0.75
2019-05-05_00:57:08 04509 11.584 170.000 1969.280 8.312 0.400 3.325 0.75
2019-05-05_00:57:09 04510 11.584 170.400 1973.914 8.320 0.000 0.000 0.75
2019-05-05_00:57:10 04511 11.560 190.800 2205.648 8.312 0.000 0.000 0.75
2019-05-05_00:57:11 04512 11.584 170.000 1969.280 8.336 0.000 0.000 0.75
2019-05-05_00:57:12 04513 11.576 168.400 1949.398 8.344 0.400 3.338 0.75
2019-05-05_00:57:13 04514 11.576 169.200 1958.659 8.360 0.400 3.344 0.76
2019-05-05_00:57:14 04515 11.576 169.200 1958.659 8.368 0.000 0.000 0.76
2019-05-05_00:57:15 04516 11.552 194.800 2250.330 8.376 0.400 3.350 0.76
2019-05-05_00:57:16 04517 11.576 169.600 1963.290 8.392 0.400 3.357 0.76
2019-05-05_00:57:17 04518 11.568 166.800 1929.542 8.400 0.400 3.360 0.76
2019-05-05_00:57:18 04519 11.576 167.600 1940.138 8.416 0.000 0.000 0.75
2019-05-05_00:57:19 04520 11.584 166.800 1932.211 8.304 0.000 0.000 0.75
2019-05-05_00:57:20 04521 11.560 195.200 2256.512 8.312 0.000 0.000 0.75
2019-05-05_00:57:21 04522 11.584 168.400 1950.746 8.328 0.400 3.331 0.75
2019-05-05_00:57:22 04523 11.576 169.600 1963.290 8.336 0.400 3.334 0.75
2019-05-05_00:57:23 04524 11.576 167.600 1940.138 8.352 0.400 3.341 0.75
2019-05-05_00:57:24 04525 11.584 166.000 1922.944 8.360 0.400 3.344 0.76
2019-05-05_00:57:25 04526 11.552 192.000 2217.984 8.360 0.000 0.000 0.76
2019-05-05_00:57:26 04527 11.576 168.800 1954.029 8.376 0.000 0.000 0.76
2019-05-05_00:57:27 04528 11.576 169.600 1963.290 8.392 0.000 0.000 0.76
2019-05-05_00:57:28 04529 11.576 170.400 1972.550 8.400 0.000 0.000 0.76
2019-05-05_00:57:29 04530 11.552 192.800 2227.226 8.392 0.000 0.000 0.76
2019-05-05_00:57:30 04531 11.568 168.400 1948.051 8.424 0.000 0.000 0.75
2019-05-05_00:57:31 04532 11.584 170.000 1969.280 8.320 0.000 0.000 0.75
2019-05-05_00:57:32 04533 11.584 170.000 1969.280 8.328 0.000 0.000 0.75
2019-05-05_00:57:33 04534 11.576 170.000 1967.920 8.336 0.400 3.334 0.75
2019-05-05_00:57:34 04535 11.576 169.200 1958.659 8.352 0.400 3.341 0.75
2019-05-05_00:57:35 04536 11.552 196.000 2264.192 8.360 0.400 3.344 0.76
2019-05-05_00:57:36 04537 11.576 168.800 1954.029 8.368 0.400 3.347 0.76
2019-05-05_00:57:37 04538 11.576 169.600 1963.290 8.376 0.400 3.350 0.76
2019-05-05_00:57:38 04539 11.576 159.600 1847.530 8.392 0.400 3.357 0.76
2019-05-05_00:57:39 04540 11.576 168.400 1949.398 8.400 0.400 3.360 0.76
2019-05-05_00:57:40 04541 11.568 189.600 2193.293 8.400 0.000 0.000 0.76
2019-05-05_00:57:41 04542 11.568 170.400 1971.187 8.424 0.000 0.000 0.75
2019-05-05_00:57:42 04543 11.584 169.600 1964.646 8.320 0.400 3.328 0.75
2019-05-05_00:57:43 04544 11.584 169.200 1960.013 8.328 0.400 3.331 0.75
2019-05-05_00:57:44 04545 11.576 170.000 1967.920 8.344 0.000 0.000 0.75