2019-05-05_22:21:28 03031 2.240 -0.800 -1.792 7.880 193.600 1525.568 0.00
2019-05-05_22:21:29 03032 2.240 -0.800 -1.792 7.880 194.400 1531.872 0.00
2019-05-05_22:21:30 03033 2.240 -0.800 -1.792 7.888 193.200 1523.962 0.00
2019-05-05_22:21:31 03034 2.240 -0.800 -1.792 7.880 193.600 1525.568 0.00
2019-05-05_22:21:32 03035 2.240 -0.800 -1.792 7.888 194.000 1530.272 0.00
2019-05-05_22:21:33 03036 2.240 -0.800 -1.792 7.888 194.000 1530.272 0.00
2019-05-05_22:21:34 03037 2.240 -0.800 -1.792 7.880 195.200 1538.176 0.00
2019-05-05_22:21:35 03038 2.240 -0.800 -1.792 7.880 193.200 1522.416 0.00
2019-05-05_22:21:36 03039 2.240 -0.800 -1.792 7.880 193.600 1525.568 0.00
2019-05-05_22:21:37 03040 2.240 -0.800 -1.792 7.880 193.600 1525.568 0.00
2019-05-05_22:21:38 03041 2.240 -0.800 -1.792 7.880 193.600 1525.568 0.00
2019-05-05_22:21:39 03042 2.240 -0.800 -1.792 7.888 193.600 1527.117 0.00
2019-05-05_22:21:40 03043 2.240 -0.800 -1.792 7.880 194.000 1528.720 0.00
2019-05-05_22:21:41 03044 2.240 -0.800 -1.792 7.880 193.600 1525.568 0.00
2019-05-05_22:21:42 03045 2.240 -0.800 -1.792 7.880 193.600 1525.568 0.00
2019-05-05_22:21:43 03046 2.240 -0.800 -1.792 7.880 193.600 1525.568 0.00
2019-05-05_22:21:44 03047 2.240 -0.800 -1.792 7.880 194.000 1528.720 0.00
2019-05-05_22:21:45 03048 2.240 -0.800 -1.792 7.880 194.000 1528.720 0.00
2019-05-05_22:21:46 03049 2.240 -0.800 -1.792 7.880 194.000 1528.720 0.00
2019-05-05_22:21:47 03050 2.240 -0.800 -1.792 7.880 193.200 1522.416 0.00
2019-05-05_22:21:48 03051 2.240 -0.800 -1.792 7.880 202.000 1591.760 0.00
2019-05-05_22:21:49 03052 2.240 -0.800 -1.792 7.888 194.000 1530.272 0.00
2019-05-05_22:21:50 03053 2.240 -0.800 -1.792 7.880 198.000 1560.240 0.00
2019-05-05_22:21:51 03054 2.240 -0.800 -1.792 7.880 194.400 1531.872 0.00
2019-05-05_22:21:52 03055 2.240 -0.800 -1.792 7.888 195.200 1539.738 0.00
2019-05-05_22:21:53 03056 2.240 -0.800 -1.792 7.880 198.000 1560.240 0.00
2019-05-05_22:21:54 03057 2.240 -0.800 -1.792 7.880 193.200 1522.416 0.00
2019-05-05_22:21:55 03058 2.240 -0.800 -1.792 7.872 194.000 1527.168 0.00
2019-05-05_22:21:56 03059 2.240 -0.800 -1.792 7.880 192.800 1519.264 0.00
2019-05-05_22:21:57 03060 2.240 -0.800 -1.792 7.888 193.600 1527.117 0.00
2019-05-05_22:21:58 03061 2.240 -0.800 -1.792 7.880 193.600 1525.568 0.00
2019-05-05_22:21:59 03062 2.240 -0.800 -1.792 7.880 197.600 1557.088 0.00
2019-05-05_22:22:00 03063 2.240 -0.800 -1.792 7.880 193.600 1525.568 0.00
2019-05-05_22:22:01 03064 2.240 -0.400 -0.896 7.880 193.600 1525.568 0.00
2019-05-05_22:22:02 03065 2.240 -0.800 -1.792 7.880 194.000 1528.720 0.00
2019-05-05_22:22:03 03066 2.240 -0.800 -1.792 7.880 201.600 1588.608 0.00
2019-05-05_22:22:04 03067 2.240 -0.800 -1.792 7.880 193.200 1522.416 0.00
2019-05-05_22:22:05 03068 2.240 -0.800 -1.792 7.880 194.000 1528.720 0.00
2019-05-05_22:22:06 03069 2.240 -0.800 -1.792 7.864 218.400 1717.498 0.00
2019-05-05_22:22:07 03070 2.240 -0.400 -0.896 7.880 194.000 1528.720 0.00
2019-05-05_22:22:08 03071 2.240 -0.800 -1.792 7.880 193.600 1525.568 0.00
2019-05-05_22:22:09 03072 2.240 -0.800 -1.792 7.880 193.600 1525.568 0.00
2019-05-05_22:22:10 03073 2.240 -0.800 -1.792 7.880 200.000 1576.000 0.00
2019-05-05_22:22:11 03074 2.240 -0.800 -1.792 7.880 193.600 1525.568 0.00
2019-05-05_22:22:12 03075 2.240 -0.800 -1.792 7.880 194.800 1535.024 0.00
2019-05-05_22:22:13 03076 2.240 -0.800 -1.792 7.872 193.600 1524.019 0.00
2019-05-05_22:22:14 03077 2.240 -0.800 -1.792 7.880 194.000 1528.720 0.00
2019-05-05_22:22:15 03078 2.240 -0.800 -1.792 7.880 194.000 1528.720 0.00
2019-05-05_22:22:16 03079 2.240 -0.800 -1.792 7.880 194.400 1531.872 0.00
2019-05-05_22:22:17 03080 2.240 -0.400 -0.896 7.880 194.000 1528.720 0.00
2019-05-05_22:22:18 03081 2.240 -0.800 -1.792 7.880 193.200 1522.416 0.00
2019-05-05_22:22:19 03082 2.240 -0.800 -1.792 7.880 193.600 1525.568 0.00
2019-05-05_22:22:20 03083 2.240 -0.800 -1.792 7.880 202.000 1591.760 0.00
2019-05-05_22:22:21 03084 2.240 -0.800 -1.792 7.880 193.600 1525.568 0.00
2019-05-05_22:22:22 03085 2.240 -0.800 -1.792 7.880 193.200 1522.416 0.00
2019-05-05_22:22:23 03086 2.240 -0.800 -1.792 7.872 195.600 1539.763 0.00
2019-05-05_22:22:24 03087 2.240 -0.800 -1.792 7.880 193.600 1525.568 0.00
2019-05-05_22:22:25 03088 2.240 -0.800 -1.792 7.880 193.600 1525.568 0.00
2019-05-05_22:22:26 03089 2.240 -0.800 -1.792 7.880 193.600 1525.568 0.00
2019-05-05_22:22:27 03090 2.240 -0.800 -1.792 7.864 217.600 1711.206 0.00
2019-05-05_22:22:28 03091 2.240 -0.800 -1.792 7.880 193.600 1525.568 0.00
2019-05-05_22:22:29 03092 2.240 -0.800 -1.792 7.880 193.600 1525.568 0.00
2019-05-05_22:22:30 03093 2.240 -0.400 -0.896 7.880 194.400 1531.872 0.00
2019-05-05_22:22:31 03094 2.240 -0.800 -1.792 7.880 203.200 1601.216 0.00
2019-05-05_22:22:32 03095 2.240 -0.800 -1.792 7.880 193.200 1522.416 0.00
2019-05-05_22:22:33 03096 2.240 -0.800 -1.792 7.880 193.200 1522.416 0.00
2019-05-05_22:22:34 03097 2.240 -0.800 -1.792 7.872 194.000 1527.168 0.00
2019-05-05_22:22:35 03098 2.240 -0.800 -1.792 7.880 193.600 1525.568 0.00
2019-05-05_22:22:36 03099 2.240 -0.800 -1.792 7.864 218.800 1720.643 0.00
2019-05-05_22:22:37 03100 2.240 -0.800 -1.792 7.880 194.000 1528.720 0.00
2019-05-05_22:22:38 03101 2.240 -0.800 -1.792 7.880 193.600 1525.568 0.00
2019-05-05_22:22:39 03102 2.240 -0.800 -1.792 7.880 193.200 1522.416 0.00
2019-05-05_22:22:40 03103 2.240 -0.800 -1.792 7.880 193.600 1525.568 0.00
2019-05-05_22:22:41 03104 2.240 -0.800 -1.792 7.880 193.600 1525.568 0.00
2019-05-05_22:22:42 03105 2.240 -0.800 -1.792 7.880 193.600 1525.568 0.00
2019-05-05_22:22:43 03106 2.240 -0.800 -1.792 7.880 193.200 1522.416 0.00
2019-05-05_22:22:44 03107 2.240 -0.800 -1.792 7.880 194.000 1528.720 0.00
2019-05-05_22:22:45 03108 2.240 -0.800 -1.792 7.880 193.200 1522.416 0.00
2019-05-05_22:22:46 03109 2.240 -0.800 -1.792 7.880 193.600 1525.568 0.00
2019-05-05_22:22:47 03110 2.240 -0.800 -1.792 7.880 193.600 1525.568 0.00
2019-05-05_22:22:48 03111 2.240 -0.800 -1.792 7.880 194.000 1528.720 0.00
2019-05-05_22:22:49 03112 2.240 -0.800 -1.792 7.872 193.600 1524.019 0.00
2019-05-05_22:22:50 03113 2.240 -0.800 -1.792 7.880 193.200 1522.416 0.00
2019-05-05_22:22:51 03114 2.240 -0.800 -1.792 7.880 194.000 1528.720 0.00
2019-05-05_22:22:52 03115 2.240 -0.800 -1.792 7.880 193.200 1522.416 0.00
2019-05-05_22:22:53 03116 2.240 -0.800 -1.792 7.880 193.600 1525.568 0.00
2019-05-05_22:22:54 03117 2.240 -0.800 -1.792 7.880 193.600 1525.568 0.00
2019-05-05_22:22:55 03118 2.240 -0.400 -0.896 7.880 197.600 1557.088 0.00
2019-05-05_22:22:56 03119 2.240 -0.800 -1.792 7.880 193.600 1525.568 0.00
2019-05-05_22:22:57 03120 2.240 -0.800 -1.792 7.880 193.200 1522.416 0.00
2019-05-05_22:22:58 03121 2.240 -0.800 -1.792 7.880 194.000 1528.720 0.00
2019-05-05_22:22:59 03122 2.240 -0.800 -1.792 7.872 193.600 1524.019 0.00
2019-05-05_22:23:00 03123 2.240 -0.800 -1.792 7.880 193.600 1525.568 0.00
2019-05-05_22:23:01 03124 2.240 -0.800 -1.792 7.880 193.600 1525.568 0.00
2019-05-05_22:23:02 03125 2.240 -0.800 -1.792 7.880 193.600 1525.568 0.00
2019-05-05_22:23:03 03126 2.240 -0.800 -1.792 7.880 197.200 1553.936 0.00
2019-05-05_22:23:04 03127 2.240 -0.800 -1.792 7.880 193.600 1525.568 0.00
2019-05-05_22:23:05 03128 2.240 -0.800 -1.792 7.880 193.600 1525.568 0.00
2019-05-05_22:23:06 03129 2.240 -0.800 -1.792 7.864 220.400 1733.226 0.00
2019-05-05_22:23:07 03130 2.240 -0.800 -1.792 7.880 193.600 1525.568 0.00
2019-05-05_22:23:08 03131 2.240 -0.800 -1.792 7.880 194.400 1531.872 0.00