2019-05-05_22:28:13 03435 2.240 -0.800 -1.792 7.872 193.200 1520.870 0.00
2019-05-05_22:28:14 03436 2.240 -0.800 -1.792 7.872 194.000 1527.168 0.00
2019-05-05_22:28:15 03437 2.240 -0.400 -0.896 7.872 194.800 1533.466 0.00
2019-05-05_22:28:16 03438 2.240 -0.800 -1.792 7.872 193.600 1524.019 0.00
2019-05-05_22:28:17 03439 2.240 -0.800 -1.792 7.872 194.000 1527.168 0.00
2019-05-05_22:28:18 03440 2.240 -0.800 -1.792 7.872 194.000 1527.168 0.00
2019-05-05_22:28:19 03441 2.240 -0.800 -1.792 7.872 194.000 1527.168 0.00
2019-05-05_22:28:20 03442 2.240 -0.800 -1.792 7.856 194.000 1524.064 0.00
2019-05-05_22:28:21 03443 2.240 -0.800 -1.792 7.864 194.400 1528.762 0.00
2019-05-05_22:28:22 03444 2.240 -0.800 -1.792 7.872 193.600 1524.019 0.00
2019-05-05_22:28:23 03445 2.240 -0.800 -1.792 7.872 195.200 1536.614 0.00
2019-05-05_22:28:24 03446 2.240 -0.800 -1.792 7.864 194.000 1525.616 0.00
2019-05-05_22:28:25 03447 2.240 -0.800 -1.792 7.872 194.000 1527.168 0.00
2019-05-05_22:28:26 03448 2.240 -0.800 -1.792 7.872 194.800 1533.466 0.00
2019-05-05_22:28:27 03449 2.240 -0.800 -1.792 7.848 219.600 1723.421 0.00
2019-05-05_22:28:28 03450 2.240 -0.800 -1.792 7.872 194.800 1533.466 0.00
2019-05-05_22:28:29 03451 2.240 -0.800 -1.792 7.872 193.600 1524.019 0.00
2019-05-05_22:28:30 03452 2.240 -0.800 -1.792 7.872 194.000 1527.168 0.00
2019-05-05_22:28:31 03453 2.240 -0.800 -1.792 7.872 194.400 1530.317 0.00
2019-05-05_22:28:32 03454 2.240 -0.800 -1.792 7.864 194.000 1525.616 0.00
2019-05-05_22:28:33 03455 2.240 -0.800 -1.792 7.872 193.600 1524.019 0.00
2019-05-05_22:28:34 03456 2.240 -0.800 -1.792 7.856 194.400 1527.206 0.00
2019-05-05_22:28:35 03457 2.240 -0.800 -1.792 7.872 194.000 1527.168 0.00
2019-05-05_22:28:36 03458 2.240 -0.800 -1.792 7.864 193.600 1522.470 0.00
2019-05-05_22:28:37 03459 2.240 -0.800 -1.792 7.856 194.000 1524.064 0.00
2019-05-05_22:28:38 03460 2.240 -0.800 -1.792 7.864 194.000 1525.616 0.00
2019-05-05_22:28:39 03461 2.240 -0.800 -1.792 7.872 194.800 1533.466 0.00
2019-05-05_22:28:40 03462 2.240 -0.800 -1.792 7.848 218.400 1714.003 0.00
2019-05-05_22:28:41 03463 2.240 -0.800 -1.792 7.864 195.200 1535.053 0.00
2019-05-05_22:28:42 03464 2.240 -0.800 -1.792 7.864 193.600 1522.470 0.00
2019-05-05_22:28:43 03465 2.240 -0.800 -1.792 7.872 194.000 1527.168 0.00
2019-05-05_22:28:44 03466 2.240 -0.800 -1.792 7.848 194.000 1522.512 0.00
2019-05-05_22:28:45 03467 2.240 -0.800 -1.792 7.864 194.000 1525.616 0.00
2019-05-05_22:28:46 03468 2.240 -0.800 -1.792 7.864 194.000 1525.616 0.00
2019-05-05_22:28:47 03469 2.240 -0.800 -1.792 7.864 194.800 1531.907 0.00
2019-05-05_22:28:48 03470 2.240 -0.800 -1.792 7.864 194.000 1525.616 0.00
2019-05-05_22:28:49 03471 2.240 -0.800 -1.792 7.864 194.000 1525.616 0.00
2019-05-05_22:28:50 03472 2.240 -0.800 -1.792 7.864 193.600 1522.470 0.00
2019-05-05_22:28:51 03473 2.240 -0.800 -1.792 7.864 196.400 1544.490 0.00
2019-05-05_22:28:52 03474 2.240 -0.800 -1.792 7.864 194.000 1525.616 0.00
2019-05-05_22:28:53 03475 2.240 -0.800 -1.792 7.864 194.000 1525.616 0.00
2019-05-05_22:28:54 03476 2.240 -0.800 -1.792 7.864 193.200 1519.325 0.00
2019-05-05_22:28:55 03477 2.240 -0.800 -1.792 7.848 194.000 1522.512 0.00
2019-05-05_22:28:56 03478 2.240 -0.800 -1.792 7.864 194.400 1528.762 0.00
2019-05-05_22:28:57 03479 2.240 -0.800 -1.792 7.864 198.800 1563.363 0.00
2019-05-05_22:28:58 03480 2.240 -0.800 -1.792 7.848 194.800 1528.790 0.00
2019-05-05_22:28:59 03481 2.240 -0.800 -1.792 7.864 194.000 1525.616 0.00
2019-05-05_22:29:00 03482 2.240 -0.800 -1.792 7.864 194.000 1525.616 0.00
2019-05-05_22:29:01 03483 2.240 -0.800 -1.792 7.872 194.800 1533.466 0.00
2019-05-05_22:29:02 03484 2.240 -0.800 -1.792 7.864 194.400 1528.762 0.00
2019-05-05_22:29:03 03485 2.240 -0.800 -1.792 7.864 194.000 1525.616 0.00
2019-05-05_22:29:04 03486 2.240 -0.800 -1.792 7.864 194.000 1525.616 0.00
2019-05-05_22:29:05 03487 2.240 -0.800 -1.792 7.864 202.400 1591.674 0.00
2019-05-05_22:29:06 03488 2.240 -0.800 -1.792 7.864 193.600 1522.470 0.00
2019-05-05_22:29:07 03489 2.240 -0.800 -1.792 7.864 194.000 1525.616 0.00
2019-05-05_22:29:08 03490 2.240 -0.800 -1.792 7.864 194.000 1525.616 0.00
2019-05-05_22:29:09 03491 2.240 -0.800 -1.792 7.864 194.000 1525.616 0.00
2019-05-05_22:29:10 03492 2.240 -0.800 -1.792 7.848 218.800 1717.142 0.00
2019-05-05_22:29:11 03493 2.240 -0.800 -1.792 7.864 194.000 1525.616 0.00
2019-05-05_22:29:12 03494 2.240 -0.800 -1.792 7.856 194.400 1527.206 0.00
2019-05-05_22:29:13 03495 2.240 -0.800 -1.792 7.864 197.200 1550.781 0.00
2019-05-05_22:29:14 03496 2.240 -0.800 -1.792 7.864 195.200 1535.053 0.00
2019-05-05_22:29:15 03497 2.240 -0.800 -1.792 7.864 193.600 1522.470 0.00
2019-05-05_22:29:16 03498 2.240 -0.800 -1.792 7.864 198.000 1557.072 0.00
2019-05-05_22:29:17 03499 2.240 -0.800 -1.792 7.856 194.400 1527.206 0.00
2019-05-05_22:29:18 03500 2.240 -0.800 -1.792 7.864 194.000 1525.616 0.00
2019-05-05_22:29:19 03501 2.240 -0.800 -1.792 7.864 194.400 1528.762 0.00
2019-05-05_22:29:20 03502 2.240 -0.800 -1.792 7.856 194.400 1527.206 0.00
2019-05-05_22:29:21 03503 2.240 -0.800 -1.792 7.864 194.000 1525.616 0.00
2019-05-05_22:29:22 03504 2.240 -0.800 -1.792 7.864 194.000 1525.616 0.00
2019-05-05_22:29:23 03505 2.240 -0.800 -1.792 7.864 194.400 1528.762 0.00
2019-05-05_22:29:24 03506 2.240 -0.800 -1.792 7.864 200.000 1572.800 0.00
2019-05-05_22:29:25 03507 2.240 -0.800 -1.792 7.864 194.000 1525.616 0.00
2019-05-05_22:29:26 03508 2.240 -0.800 -1.792 7.864 194.000 1525.616 0.00
2019-05-05_22:29:27 03509 2.240 -0.800 -1.792 7.840 218.000 1709.120 0.00
2019-05-05_22:29:28 03510 2.240 -0.800 -1.792 7.856 194.000 1524.064 0.00
2019-05-05_22:29:29 03511 2.240 -0.800 -1.792 7.864 194.000 1525.616 0.00
2019-05-05_22:29:30 03512 2.240 -0.800 -1.792 7.864 194.800 1531.907 0.00
2019-05-05_22:29:31 03513 2.240 -0.800 -1.792 7.864 195.600 1538.198 0.00
2019-05-05_22:29:32 03514 2.240 -0.800 -1.792 7.864 199.600 1569.654 0.00
2019-05-05_22:29:33 03515 2.240 -0.800 -1.792 7.864 194.000 1525.616 0.00
2019-05-05_22:29:34 03516 2.240 -0.800 -1.792 7.864 194.000 1525.616 0.00
2019-05-05_22:29:35 03517 2.240 -0.800 -1.792 7.864 193.600 1522.470 0.00
2019-05-05_22:29:36 03518 2.240 -0.800 -1.792 7.856 194.400 1527.206 0.00
2019-05-05_22:29:37 03519 2.240 -0.800 -1.792 7.864 194.800 1531.907 0.00
2019-05-05_22:29:38 03520 2.240 -0.800 -1.792 7.864 194.000 1525.616 0.00
2019-05-05_22:29:39 03521 2.240 -0.800 -1.792 7.864 193.600 1522.470 0.00
2019-05-05_22:29:40 03522 2.240 -0.800 -1.792 7.832 217.200 1701.110 0.00
2019-05-05_22:29:41 03523 2.240 -0.800 -1.792 7.864 194.400 1528.762 0.00
2019-05-05_22:29:42 03524 2.240 -0.800 -1.792 7.864 193.600 1522.470 0.00
2019-05-05_22:29:43 03525 2.240 -0.800 -1.792 7.864 193.600 1522.470 0.00
2019-05-05_22:29:44 03526 2.240 -0.800 -1.792 7.856 195.200 1533.491 0.00
2019-05-05_22:29:45 03527 2.240 -0.800 -1.792 7.864 193.200 1519.325 0.00
2019-05-05_22:29:46 03528 2.240 -0.800 -1.792 7.864 193.600 1522.470 0.00
2019-05-05_22:29:47 03529 2.240 -0.800 -1.792 7.864 194.000 1525.616 0.00
2019-05-05_22:29:48 03530 2.240 -0.800 -1.792 7.864 202.400 1591.674 0.00
2019-05-05_22:29:49 03531 2.240 -0.800 -1.792 7.864 196.400 1544.490 0.00
2019-05-05_22:29:50 03532 2.240 -0.800 -1.792 7.864 193.600 1522.470 0.00
2019-05-05_22:29:51 03533 2.240 -0.800 -1.792 7.864 194.800 1531.907 0.00
2019-05-05_22:29:52 03534 2.240 -0.800 -1.792 7.864 193.600 1522.470 0.00
2019-05-05_22:29:53 03535 2.240 -0.800 -1.792 7.864 194.000 1525.616 0.00