2019-05-05_23:39:55 00001 11.552 199.600 2305.779 8.176 0.000 0.000 0.32
2019-05-05_23:39:56 00002 11.552 197.600 2282.675 8.184 0.000 0.000 0.34
2019-05-05_23:39:57 00003 11.568 192.000 2221.056 8.176 0.400 3.270 0.36
2019-05-05_23:39:58 00004 11.568 200.800 2322.854 8.192 0.000 0.000 0.38
2019-05-05_23:39:59 00005 11.552 200.000 2310.400 8.176 0.000 0.000 0.40
2019-05-05_23:40:00 00006 11.552 201.200 2324.262 8.176 0.000 0.000 0.42
2019-05-05_23:40:01 00007 11.560 198.800 2298.128 8.176 0.000 0.000 0.44
2019-05-05_23:40:02 00008 11.568 198.400 2295.091 8.184 0.000 0.000 0.46
2019-05-05_23:40:03 00009 11.544 203.200 2345.741 8.168 0.000 0.000 0.48
2019-05-05_23:40:04 00010 11.552 201.600 2328.883 8.176 0.000 0.000 0.50
2019-05-05_23:40:05 00011 11.552 191.200 2208.742 8.176 0.000 0.000 0.52
2019-05-05_23:40:06 00012 11.560 205.600 2376.736 8.176 0.000 0.000 0.54
2019-05-05_23:40:07 00013 11.552 186.800 2157.914 8.168 0.000 0.000 0.56
2019-05-05_23:40:08 00014 11.568 200.000 2313.600 8.176 0.000 0.000 0.58
2019-05-05_23:40:09 00015 11.552 204.800 2365.850 8.176 0.000 0.000 0.60
2019-05-05_23:40:10 00016 11.560 190.000 2196.400 8.176 0.000 0.000 0.62
2019-05-05_23:40:11 00017 11.552 194.000 2241.088 8.168 0.000 0.000 0.64
2019-05-05_23:40:12 00018 11.568 201.200 2327.482 8.176 0.400 3.270 0.66
2019-05-05_23:40:13 00019 11.560 186.400 2154.784 8.176 0.000 0.000 0.68
2019-05-05_23:40:14 00020 11.552 178.800 2065.498 8.168 0.400 3.267 0.70
2019-05-05_23:40:15 00021 11.552 196.400 2268.813 8.168 0.000 0.000 0.72
2019-05-05_23:40:16 00022 11.560 198.000 2288.880 8.176 0.400 3.270 0.74
2019-05-05_23:40:17 00023 11.560 191.200 2210.272 8.176 0.000 0.000 0.76
2019-05-05_23:40:18 00024 11.544 207.600 2396.534 8.184 -17.200 -140.765 0.78
2019-05-05_23:40:19 00025 11.504 257.200 2958.829 8.240 -88.000 -725.120 0.80
2019-05-05_23:40:20 00026 11.440 336.000 3843.840 8.320 -194.000 -1614.080 0.80
2019-05-05_23:40:21 00027 11.440 344.800 3944.512 8.320 -198.800 -1654.016 0.80
2019-05-05_23:40:22 00028 11.432 344.000 3932.608 8.328 -206.000 -1715.568 0.80
2019-05-05_23:40:23 00029 11.424 353.200 4034.957 8.328 -209.600 -1745.549 0.80
2019-05-05_23:40:24 00030 11.424 350.000 3998.400 8.328 -215.200 -1792.186 0.81
2019-05-05_23:40:25 00031 11.416 359.200 4100.627 8.336 -225.200 -1877.267 0.81
2019-05-05_23:40:26 00032 11.408 363.600 4147.949 8.344 -226.400 -1889.082 0.81
2019-05-05_23:40:27 00033 11.408 371.600 4239.213 8.344 -232.800 -1942.483 0.81
2019-05-05_23:40:28 00034 11.400 375.200 4277.280 8.344 -244.000 -2035.936 0.81
2019-05-05_23:40:29 00035 11.392 378.400 4310.733 8.352 -248.000 -2071.296 0.81
2019-05-05_23:40:30 00036 11.392 388.400 4424.653 8.352 -255.200 -2131.430 0.81
2019-05-05_23:40:31 00037 11.384 392.400 4467.082 8.360 -259.200 -2166.912 0.81
2019-05-05_23:40:32 00038 11.376 393.600 4477.594 8.360 -264.400 -2210.384 0.81
2019-05-05_23:40:33 00039 11.376 400.400 4554.950 8.368 -272.800 -2282.790 0.81
2019-05-05_23:40:34 00040 11.376 405.600 4614.106 8.368 -278.800 -2332.998 0.82
2019-05-05_23:40:35 00041 11.368 403.600 4588.125 8.376 -282.800 -2368.733 0.82
2019-05-05_23:40:36 00042 11.360 416.800 4734.848 8.384 -288.000 -2414.592 0.82
2019-05-05_23:40:37 00043 11.360 422.000 4793.920 8.392 -297.200 -2494.102 0.82
2019-05-05_23:40:38 00044 11.352 428.400 4863.197 8.392 -304.000 -2551.168 0.82
2019-05-05_23:40:39 00045 11.352 434.000 4926.768 8.400 -313.600 -2634.240 0.82
2019-05-05_23:40:40 00046 11.344 439.200 4982.285 8.408 -313.600 -2636.749 0.81
2019-05-05_23:40:41 00047 11.384 384.000 4371.456 8.360 -253.200 -2116.752 0.81
2019-05-05_23:40:42 00048 11.384 390.000 4439.760 8.360 -258.000 -2156.880 0.81
2019-05-05_23:40:43 00049 11.376 397.200 4518.547 8.368 -262.000 -2192.416 0.81
2019-05-05_23:40:44 00050 11.376 392.400 4463.942 8.368 -268.400 -2245.971 0.81
2019-05-05_23:40:45 00051 11.368 408.000 4638.144 8.376 -274.800 -2301.725 0.82
2019-05-05_23:40:46 00052 11.368 410.800 4669.974 8.376 -282.400 -2365.382 0.82
2019-05-05_23:40:47 00053 11.360 415.200 4716.672 8.384 -288.800 -2421.299 0.82
2019-05-05_23:40:48 00054 11.360 422.800 4803.008 8.392 -297.200 -2494.102 0.82
2019-05-05_23:40:49 00055 11.352 428.800 4867.738 8.392 -300.800 -2524.314 0.82
2019-05-05_23:40:50 00056 11.344 434.000 4923.296 8.400 -306.400 -2573.760 0.82
2019-05-05_23:40:51 00057 11.344 435.600 4941.446 8.408 -312.800 -2630.022 0.81
2019-05-05_23:40:52 00058 11.384 387.200 4407.885 8.352 -250.400 -2091.341 0.81
2019-05-05_23:40:53 00059 11.384 392.400 4467.082 8.360 -255.600 -2136.816 0.81
2019-05-05_23:40:54 00060 11.376 399.200 4541.299 8.368 -261.600 -2189.069 0.81
2019-05-05_23:40:55 00061 11.376 393.600 4477.594 8.368 -268.800 -2249.318 0.81
2019-05-05_23:40:56 00062 11.368 396.800 4510.822 8.376 -273.600 -2291.674 0.82
2019-05-05_23:40:57 00063 11.368 411.600 4679.069 8.376 -280.400 -2348.630 0.82
2019-05-05_23:40:58 00064 11.360 415.200 4716.672 8.384 -287.600 -2411.238 0.82
2019-05-05_23:40:59 00065 11.352 423.200 4804.166 8.392 -294.400 -2470.605 0.82
2019-05-05_23:41:00 00066 11.360 422.000 4793.920 8.400 -303.200 -2546.880 0.82
2019-05-05_23:41:01 00067 11.352 432.000 4904.064 8.400 -309.600 -2600.640 0.82
2019-05-05_23:41:02 00068 11.344 434.800 4932.371 8.408 -313.200 -2633.386 0.81
2019-05-05_23:41:03 00069 11.392 386.400 4401.869 8.360 -252.800 -2113.408 0.81
2019-05-05_23:41:04 00070 11.384 385.600 4389.670 8.360 -256.800 -2146.848 0.81
2019-05-05_23:41:05 00071 11.400 363.600 4145.040 8.368 -276.800 -2316.262 0.81
2019-05-05_23:41:06 00072 11.392 377.200 4297.062 8.376 -284.800 -2385.485 0.81
2019-05-05_23:41:07 00073 11.384 375.600 4275.830 8.376 -290.800 -2435.741 0.82
2019-05-05_23:41:08 00074 11.384 378.400 4307.706 8.384 -297.200 -2491.725 0.82
2019-05-05_23:41:09 00075 11.376 385.600 4386.586 8.392 -305.600 -2564.595 0.82
2019-05-05_23:41:10 00076 11.368 398.000 4524.464 8.400 -311.600 -2617.440 0.82
2019-05-05_23:41:11 00077 11.368 403.200 4583.578 8.400 -317.600 -2667.840 0.82
2019-05-05_23:41:12 00078 11.368 399.600 4542.653 8.408 -324.000 -2724.192 0.81
2019-05-05_23:41:13 00079 11.408 348.800 3979.110 8.352 -260.800 -2178.202 0.81
2019-05-05_23:41:14 00080 11.400 356.400 4062.960 8.360 -267.200 -2233.792 0.81
2019-05-05_23:41:15 00081 11.392 366.400 4174.029 8.368 -272.800 -2282.790 0.81
2019-05-05_23:41:16 00082 11.400 372.400 4245.360 8.368 -279.200 -2336.346 0.81
2019-05-05_23:41:17 00083 11.392 368.400 4196.813 8.376 -284.800 -2385.485 0.81
2019-05-05_23:41:18 00084 11.384 373.200 4248.509 8.376 -291.200 -2439.091 0.82
2019-05-05_23:41:19 00085 11.376 382.400 4350.182 8.384 -296.800 -2488.371 0.82
2019-05-05_23:41:20 00086 11.376 394.000 4482.144 8.392 -306.000 -2567.952 0.82
2019-05-05_23:41:21 00087 11.368 398.400 4529.011 8.400 -312.000 -2620.800 0.82
2019-05-05_23:41:22 00088 11.368 403.200 4583.578 8.400 -317.600 -2667.840 0.82
2019-05-05_23:41:23 00089 11.368 398.400 4529.011 8.408 -321.200 -2700.650 0.81
2019-05-05_23:41:24 00090 11.408 349.200 3983.674 8.360 -260.400 -2176.944 0.81
2019-05-05_23:41:25 00091 11.400 354.000 4035.600 8.360 -266.400 -2227.104 0.81
2019-05-05_23:41:26 00092 11.392 366.400 4174.029 8.360 -272.800 -2280.608 0.81
2019-05-05_23:41:27 00093 11.392 372.400 4242.381 8.368 -278.400 -2329.651 0.81
2019-05-05_23:41:28 00094 11.392 368.000 4192.256 8.376 -284.800 -2385.485 0.81
2019-05-05_23:41:29 00095 11.392 372.800 4246.938 8.376 -290.800 -2435.741 0.82
2019-05-05_23:41:30 00096 11.384 378.000 4303.152 8.384 -296.800 -2488.371 0.82
2019-05-05_23:41:31 00097 11.376 388.400 4418.438 8.392 -305.600 -2564.595 0.82
2019-05-05_23:41:32 00098 11.368 398.400 4529.011 8.400 -311.600 -2617.440 0.82
2019-05-05_23:41:33 00099 11.376 394.000 4482.144 8.400 -317.600 -2667.840 0.82
2019-05-05_23:41:34 00100 11.368 399.200 4538.106 8.408 -323.600 -2720.829 0.81
2019-05-05_23:41:35 00101 11.408 348.800 3979.110 8.360 -258.800 -2163.568 0.81