2019-05-05_00:25:43 02627 11.576 161.600 1870.682 8.376 0.400 3.350 0.76
2019-05-05_00:25:44 02628 11.584 152.800 1770.035 8.392 0.400 3.357 0.76
2019-05-05_00:25:45 02629 11.576 168.800 1954.029 8.392 0.000 0.000 0.76
2019-05-05_00:25:46 02630 11.576 155.600 1801.226 8.416 0.400 3.366 0.75
2019-05-05_00:25:47 02631 11.600 153.200 1777.120 8.304 0.000 0.000 0.75
2019-05-05_00:25:48 02632 11.592 152.800 1771.258 8.320 0.400 3.328 0.75
2019-05-05_00:25:49 02633 11.592 152.800 1771.258 8.328 0.000 0.000 0.75
2019-05-05_00:25:50 02634 11.568 171.200 1980.442 8.328 0.400 3.331 0.75
2019-05-05_00:25:51 02635 11.584 160.000 1853.440 8.352 0.000 0.000 0.75
2019-05-05_00:25:52 02636 11.576 169.200 1958.659 8.352 0.000 0.000 0.75
2019-05-05_00:25:53 02637 11.592 152.800 1771.258 8.368 0.400 3.347 0.76
2019-05-05_00:25:54 02638 11.592 152.400 1766.621 8.376 0.400 3.350 0.76
2019-05-05_00:25:55 02639 11.576 180.400 2088.310 8.384 0.400 3.354 0.76
2019-05-05_00:25:56 02640 11.584 152.400 1765.402 8.400 0.400 3.360 0.76
2019-05-05_00:25:57 02641 11.576 169.600 1963.290 8.400 0.400 3.360 0.76
2019-05-05_00:25:58 02642 11.576 157.200 1819.747 8.424 0.400 3.370 0.75
2019-05-05_00:25:59 02643 11.592 152.800 1771.258 8.320 0.000 0.000 0.75
2019-05-05_00:26:00 02644 11.584 168.400 1950.746 8.320 0.000 0.000 0.75
2019-05-05_00:26:01 02645 11.592 152.800 1771.258 8.336 0.000 0.000 0.75
2019-05-05_00:26:02 02646 11.584 180.400 2089.754 8.344 0.000 0.000 0.75
2019-05-05_00:26:03 02647 11.592 153.200 1775.894 8.360 0.000 0.000 0.75
2019-05-05_00:26:04 02648 11.592 152.400 1766.621 8.368 0.400 3.347 0.76
2019-05-05_00:26:05 02649 11.560 172.400 1992.944 8.368 0.400 3.347 0.76
2019-05-05_00:26:06 02650 11.592 152.800 1771.258 8.392 0.000 0.000 0.76
2019-05-05_00:26:07 02651 11.584 162.000 1876.608 8.400 0.000 0.000 0.76
2019-05-05_00:26:08 02652 11.584 152.800 1770.035 8.408 0.000 0.000 0.75
2019-05-05_00:26:09 02653 11.600 152.800 1772.480 8.304 0.000 0.000 0.75
2019-05-05_00:26:10 02654 11.592 152.400 1766.621 8.320 0.000 0.000 0.75
2019-05-05_00:26:11 02655 11.584 161.200 1867.341 8.328 0.000 0.000 0.75
2019-05-05_00:26:12 02656 11.584 168.800 1955.379 8.328 0.400 3.331 0.75
2019-05-05_00:26:13 02657 11.592 152.400 1766.621 8.352 0.400 3.341 0.75
2019-05-05_00:26:14 02658 11.584 161.200 1867.341 8.360 0.400 3.344 0.75
2019-05-05_00:26:15 02659 11.568 169.200 1957.306 8.360 0.400 3.344 0.76
2019-05-05_00:26:16 02660 11.584 152.800 1770.035 8.384 0.400 3.354 0.76
2019-05-05_00:26:17 02661 11.568 169.200 1957.306 8.384 0.400 3.354 0.76
2019-05-05_00:26:18 02662 11.584 152.800 1770.035 8.400 0.400 3.360 0.76
2019-05-05_00:26:19 02663 11.584 152.400 1765.402 8.408 0.400 3.363 0.75
2019-05-05_00:26:20 02664 11.576 171.600 1986.442 8.304 0.000 0.000 0.75
2019-05-05_00:26:21 02665 11.600 162.800 1888.480 8.320 0.000 0.000 0.75
2019-05-05_00:26:22 02666 11.584 172.800 2001.715 8.320 0.400 3.328 0.75
2019-05-05_00:26:23 02667 11.592 152.800 1771.258 8.336 0.000 0.000 0.75
2019-05-05_00:26:24 02668 11.592 153.200 1775.894 8.352 0.000 0.000 0.75
2019-05-05_00:26:25 02669 11.568 169.600 1961.933 8.352 0.400 3.341 0.75
2019-05-05_00:26:26 02670 11.592 152.800 1771.258 8.368 0.400 3.347 0.76
2019-05-05_00:26:27 02671 11.576 169.200 1958.659 8.368 0.400 3.347 0.76
2019-05-05_00:26:28 02672 11.584 152.800 1770.035 8.392 0.000 0.000 0.76
2019-05-05_00:26:29 02673 11.584 153.200 1774.669 8.400 0.000 0.000 0.76
2019-05-05_00:26:30 02674 11.576 160.800 1861.421 8.408 0.400 3.363 0.75
2019-05-05_00:26:31 02675 11.592 152.800 1771.258 8.304 0.000 0.000 0.75
2019-05-05_00:26:32 02676 11.584 168.800 1955.379 8.312 0.000 0.000 0.75
2019-05-05_00:26:33 02677 11.592 153.200 1775.894 8.328 0.000 0.000 0.75
2019-05-05_00:26:34 02678 11.584 160.000 1853.440 8.336 0.400 3.334 0.75
2019-05-05_00:26:35 02679 11.584 169.200 1960.013 8.336 0.400 3.334 0.75
2019-05-05_00:26:36 02680 11.584 153.200 1774.669 8.360 0.400 3.344 0.75
2019-05-05_00:26:37 02681 11.576 179.600 2079.050 8.360 0.000 0.000 0.76
2019-05-05_00:26:38 02682 11.592 153.200 1775.894 8.384 0.000 0.000 0.76
2019-05-05_00:26:39 02683 11.584 153.600 1779.302 8.392 0.400 3.357 0.76
2019-05-05_00:26:40 02684 11.576 184.800 2139.245 8.392 0.400 3.357 0.76
2019-05-05_00:26:41 02685 11.584 153.200 1774.669 8.408 0.400 3.363 0.75
2019-05-05_00:26:42 02686 11.584 169.200 1960.013 8.296 0.000 0.000 0.77
2019-05-05_00:26:43 02687 11.584 153.600 1779.302 8.544 0.000 0.000 0.76
2019-05-05_00:26:44 02688 11.584 153.200 1774.669 8.408 0.000 0.000 0.75
2019-05-05_00:26:45 02689 11.600 153.200 1777.120 8.312 0.000 0.000 0.75
2019-05-05_00:26:46 02690 11.592 152.800 1771.258 8.320 0.000 0.000 0.75
2019-05-05_00:26:47 02691 11.584 153.600 1779.302 8.328 0.400 3.331 0.75
2019-05-05_00:26:48 02692 11.592 153.200 1775.894 8.336 0.400 3.334 0.75
2019-05-05_00:26:49 02693 11.584 161.600 1871.974 8.352 0.400 3.341 0.75
2019-05-05_00:26:50 02694 11.576 168.800 1954.029 8.352 0.400 3.341 0.75
2019-05-05_00:26:51 02695 11.592 152.800 1771.258 8.368 0.400 3.347 0.76
2019-05-05_00:26:52 02696 11.576 169.200 1958.659 8.368 0.000 0.000 0.76
2019-05-05_00:26:53 02697 11.576 158.800 1838.269 8.392 0.400 3.357 0.76
2019-05-05_00:26:54 02698 11.576 154.000 1782.704 8.400 0.000 0.000 0.76
2019-05-05_00:26:55 02699 11.576 168.400 1949.398 8.400 0.000 0.000 0.76
2019-05-05_00:26:56 02700 11.576 160.400 1856.790 8.424 0.000 0.000 0.75
2019-05-05_00:26:57 02701 11.584 168.400 1950.746 8.312 0.000 0.000 0.75
2019-05-05_00:26:58 02702 11.592 157.600 1826.899 8.328 0.400 3.331 0.75
2019-05-05_00:26:59 02703 11.592 152.400 1766.621 8.336 0.000 0.000 0.75
2019-05-05_00:27:00 02704 11.584 168.400 1950.746 8.344 0.000 0.000 0.75
2019-05-05_00:27:01 02705 11.592 152.800 1771.258 8.360 0.000 0.000 0.75
2019-05-05_00:27:02 02706 11.568 168.800 1952.678 8.360 0.000 0.000 0.76
2019-05-05_00:27:03 02707 11.592 162.000 1877.904 8.376 0.000 0.000 0.76
2019-05-05_00:27:04 02708 11.584 153.600 1779.302 8.392 0.400 3.357 0.76
2019-05-05_00:27:05 02709 11.576 160.800 1861.421 8.400 0.400 3.360 0.76
2019-05-05_00:27:06 02710 11.576 154.400 1787.334 8.416 0.400 3.366 0.75
2019-05-05_00:27:07 02711 11.584 159.600 1848.806 8.312 0.000 0.000 0.75
2019-05-05_00:27:08 02712 11.600 162.400 1883.840 8.320 0.000 0.000 0.75
2019-05-05_00:27:09 02713 11.592 152.800 1771.258 8.328 0.400 3.331 0.75
2019-05-05_00:27:10 02714 11.592 152.800 1771.258 8.336 0.000 0.000 0.75
2019-05-05_00:27:11 02715 11.584 159.200 1844.173 8.352 0.400 3.341 0.75
2019-05-05_00:27:12 02716 11.576 169.200 1958.659 8.352 0.400 3.341 0.75
2019-05-05_00:27:13 02717 11.584 152.800 1770.035 8.368 0.400 3.347 0.76
2019-05-05_00:27:14 02718 11.584 154.400 1788.570 8.384 0.400 3.354 0.76
2019-05-05_00:27:15 02719 11.576 158.800 1838.269 8.392 0.400 3.357 0.76
2019-05-05_00:27:16 02720 11.584 153.200 1774.669 8.400 0.400 3.360 0.76
2019-05-05_00:27:17 02721 11.576 169.200 1958.659 8.400 0.000 0.000 0.76
2019-05-05_00:27:18 02722 11.576 152.800 1768.813 8.424 0.400 3.370 0.75
2019-05-05_00:27:19 02723 11.592 160.800 1863.994 8.320 0.000 0.000 0.75
2019-05-05_00:27:20 02724 11.584 169.200 1960.013 8.320 0.000 0.000 0.75
2019-05-05_00:27:21 02725 11.592 153.200 1775.894 8.336 0.000 0.000 0.75
2019-05-05_00:27:22 02726 11.568 169.600 1961.933 8.344 0.000 0.000 0.75
2019-05-05_00:27:23 02727 11.592 163.200 1891.814 8.360 0.400 3.344 0.75