2019-05-04_01:51:58 00304 16.656 300.000 4996.800 8.360 -314.800 -2631.728 0.56
2019-05-04_01:51:59 00305 16.656 306.800 5110.061 8.368 -310.800 -2600.774 0.57
2019-05-04_01:52:00 00306 16.648 308.800 5140.902 8.376 -329.200 -2757.379 0.57
2019-05-04_01:52:01 00307 16.640 314.000 5224.960 8.384 -327.600 -2746.598 0.57
2019-05-04_01:52:02 00308 16.624 320.000 5319.680 8.384 -345.600 -2897.510 0.57
2019-05-04_01:52:03 00309 16.616 333.200 5536.451 8.392 -332.400 -2789.501 0.57
2019-05-04_01:52:04 00310 16.616 333.600 5543.098 8.400 -371.200 -3118.080 0.57
2019-05-04_01:52:05 00311 16.608 340.000 5646.720 8.400 -385.600 -3239.040 0.57
2019-05-04_01:52:06 00312 16.592 349.200 5793.926 8.416 -400.000 -3366.400 0.56
2019-05-04_01:52:07 00313 16.672 290.000 4834.880 8.352 -295.200 -2465.510 0.56
2019-05-04_01:52:08 00314 16.664 295.200 4919.213 8.360 -308.000 -2574.880 0.56
2019-05-04_01:52:09 00315 16.664 296.800 4945.875 8.360 -313.200 -2618.352 0.56
2019-05-04_01:52:10 00316 16.640 309.600 5151.744 8.368 -312.000 -2610.816 0.57
2019-05-04_01:52:11 00317 16.648 307.200 5114.266 8.376 -324.400 -2717.174 0.57
2019-05-04_01:52:12 00318 16.632 314.000 5222.448 8.376 -335.600 -2810.986 0.57
2019-05-04_01:52:13 00319 16.624 322.400 5359.578 8.384 -338.800 -2840.499 0.57
2019-05-04_01:52:14 00320 16.624 327.600 5446.022 8.392 -348.800 -2927.130 0.57
2019-05-04_01:52:15 00321 16.608 333.200 5533.786 8.400 -376.000 -3158.400 0.57
2019-05-04_01:52:16 00322 16.600 339.600 5637.360 8.408 -381.200 -3205.130 0.56
2019-05-04_01:52:17 00323 16.680 283.600 4730.448 8.352 -282.400 -2358.605 0.56
2019-05-04_01:52:18 00324 16.672 290.000 4834.880 8.352 -295.200 -2465.510 0.56
2019-05-04_01:52:19 00325 16.672 290.400 4841.549 8.360 -306.800 -2564.848 0.56
2019-05-04_01:52:20 00326 16.664 296.800 4945.875 8.368 -312.800 -2617.510 0.56
2019-05-04_01:52:21 00327 16.648 303.200 5047.674 8.368 -312.400 -2614.163 0.57
2019-05-04_01:52:22 00328 16.640 311.600 5185.024 8.376 -314.400 -2633.414 0.57
2019-05-04_01:52:23 00329 16.632 323.200 5375.462 8.376 -337.600 -2827.738 0.57
2019-05-04_01:52:24 00330 16.624 319.200 5306.381 8.384 -346.400 -2904.218 0.57
2019-05-04_01:52:25 00331 16.616 331.600 5509.866 8.392 -326.000 -2735.792 0.57
2019-05-04_01:52:26 00332 16.616 333.200 5536.451 8.400 -373.600 -3138.240 0.57
2019-05-04_01:52:27 00333 16.608 339.600 5640.077 8.408 -383.600 -3225.309 0.56
2019-05-04_01:52:28 00334 16.688 279.200 4659.290 8.344 -282.000 -2353.008 0.56
2019-05-04_01:52:29 00335 16.672 289.200 4821.542 8.352 -294.400 -2458.829 0.56
2019-05-04_01:52:30 00336 16.664 295.200 4919.213 8.360 -306.000 -2558.160 0.56
2019-05-04_01:52:31 00337 16.664 300.800 5012.531 8.360 -312.000 -2608.320 0.56
2019-05-04_01:52:32 00338 16.656 302.000 5030.112 8.368 -312.000 -2610.816 0.57
2019-05-04_01:52:33 00339 16.648 307.200 5114.266 8.376 -331.600 -2777.482 0.57
2019-05-04_01:52:34 00340 16.632 316.000 5255.712 8.376 -334.400 -2800.934 0.57
2019-05-04_01:52:35 00341 16.632 323.600 5382.115 8.384 -351.200 -2944.461 0.57
2019-05-04_01:52:36 00342 16.624 327.600 5446.022 8.392 -334.800 -2809.642 0.57
2019-05-04_01:52:37 00343 16.616 333.200 5536.451 8.400 -378.400 -3178.560 0.57
2019-05-04_01:52:38 00344 16.608 343.200 5699.866 8.400 -378.400 -3178.560 0.57
2019-05-04_01:52:39 00345 16.600 351.200 5829.920 8.416 -395.600 -3329.370 0.56
2019-05-04_01:52:40 00346 16.680 284.800 4750.464 8.352 -293.600 -2452.147 0.56
2019-05-04_01:52:41 00347 16.672 290.400 4841.549 8.360 -306.800 -2564.848 0.56
2019-05-04_01:52:42 00348 16.664 296.400 4939.210 8.368 -313.600 -2624.205 0.56
2019-05-04_01:52:43 00349 16.656 301.600 5023.450 8.368 -314.000 -2627.552 0.57
2019-05-04_01:52:44 00350 16.640 310.000 5158.400 8.376 -336.400 -2817.686 0.57
2019-05-04_01:52:45 00351 16.640 316.800 5271.552 8.376 -329.600 -2760.730 0.57
2019-05-04_01:52:46 00352 16.632 318.000 5288.976 8.384 -350.400 -2937.754 0.57
2019-05-04_01:52:47 00353 16.624 326.400 5426.074 8.392 -326.400 -2739.149 0.57
2019-05-04_01:52:48 00354 16.608 335.600 5573.645 8.400 -388.000 -3259.200 0.57
2019-05-04_01:52:49 00355 16.600 344.000 5710.400 8.408 -378.400 -3181.587 0.56
2019-05-04_01:52:50 00356 16.688 278.400 4645.939 8.352 -282.400 -2358.605 0.56
2019-05-04_01:52:51 00357 16.680 284.000 4737.120 8.352 -293.200 -2448.806 0.56
2019-05-04_01:52:52 00358 16.664 293.200 4885.885 8.360 -306.400 -2561.504 0.56
2019-05-04_01:52:53 00359 16.656 300.000 4996.800 8.368 -313.200 -2620.858 0.56
2019-05-04_01:52:54 00360 16.656 306.000 5096.736 8.368 -312.800 -2617.510 0.57
2019-05-04_01:52:55 00361 16.648 307.200 5114.266 8.376 -327.600 -2743.978 0.57
2019-05-04_01:52:56 00362 16.640 312.800 5204.992 8.376 -327.200 -2740.627 0.57
2019-05-04_01:52:57 00363 16.632 318.400 5295.629 8.384 -351.200 -2944.461 0.57
2019-05-04_01:52:58 00364 16.616 331.600 5509.866 8.392 -322.000 -2702.224 0.57
2019-05-04_01:52:59 00365 16.616 332.000 5516.512 8.400 -378.400 -3178.560 0.57
2019-05-04_01:53:00 00366 16.608 338.400 5620.147 8.408 -380.400 -3198.403 0.56
2019-05-04_01:53:01 00367 16.688 278.800 4652.614 8.352 -283.200 -2365.286 0.56
2019-05-04_01:53:02 00368 16.672 285.200 4754.854 8.352 -293.600 -2452.147 0.56
2019-05-04_01:53:03 00369 16.664 294.400 4905.882 8.360 -305.600 -2554.816 0.56
2019-05-04_01:53:04 00370 16.664 300.000 4999.200 8.368 -312.000 -2610.816 0.56
2019-05-04_01:53:05 00371 16.656 301.200 5016.787 8.368 -315.600 -2640.941 0.57
2019-05-04_01:53:06 00372 16.648 306.800 5107.606 8.376 -321.200 -2690.371 0.57
2019-05-04_01:53:07 00373 16.632 316.400 5262.365 8.384 -321.600 -2696.294 0.57
2019-05-04_01:53:08 00374 16.632 323.200 5375.462 8.384 -350.800 -2941.107 0.57
2019-05-04_01:53:09 00375 16.624 332.400 5525.818 8.392 -342.800 -2876.778 0.57
2019-05-04_01:53:10 00376 16.616 332.000 5516.512 8.400 -374.400 -3144.960 0.57
2019-05-04_01:53:11 00377 16.608 338.800 5626.790 8.408 -378.000 -3178.224 0.56
2019-05-04_01:53:12 00378 16.680 282.000 4703.760 8.352 -280.400 -2341.901 0.56
2019-05-04_01:53:13 00379 16.672 289.200 4821.542 8.352 -292.800 -2445.466 0.56
2019-05-04_01:53:14 00380 16.672 289.600 4828.211 8.360 -304.000 -2541.440 0.56
2019-05-04_01:53:15 00381 16.656 296.800 4943.501 8.360 -313.600 -2621.696 0.56
2019-05-04_01:53:16 00382 16.648 304.800 5074.310 8.368 -313.600 -2624.205 0.57
2019-05-04_01:53:17 00383 16.648 307.600 5120.925 8.376 -320.000 -2680.320 0.57
2019-05-04_01:53:18 00384 16.640 312.800 5204.992 8.384 -320.800 -2689.587 0.57
2019-05-04_01:53:19 00385 16.632 317.600 5282.323 8.392 -345.200 -2896.918 0.57
2019-05-04_01:53:20 00386 16.616 326.400 5423.462 8.392 -334.000 -2802.928 0.57
2019-05-04_01:53:21 00387 16.608 334.000 5547.072 8.400 -384.000 -3225.600 0.57
2019-05-04_01:53:22 00388 16.600 343.200 5697.120 8.408 -377.600 -3174.861 0.56
2019-05-04_01:53:23 00389 16.680 288.000 4803.840 8.352 -278.000 -2321.856 0.56
2019-05-04_01:53:24 00390 16.680 284.000 4737.120 8.360 -292.000 -2441.120 0.56
2019-05-04_01:53:25 00391 16.664 293.600 4892.550 8.360 -305.200 -2551.472 0.56
2019-05-04_01:53:26 00392 16.664 295.600 4925.878 8.368 -312.000 -2610.816 0.56
2019-05-04_01:53:27 00393 16.656 300.800 5010.125 8.368 -312.400 -2614.163 0.57
2019-05-04_01:53:28 00394 16.640 306.800 5105.152 8.376 -322.000 -2697.072 0.57
2019-05-04_01:53:29 00395 16.632 316.000 5255.712 8.384 -324.800 -2723.123 0.57
2019-05-04_01:53:30 00396 16.624 322.400 5359.578 8.384 -346.400 -2904.218 0.57
2019-05-04_01:53:31 00397 16.624 326.400 5426.074 8.392 -342.400 -2873.421 0.57
2019-05-04_01:53:32 00398 16.616 332.400 5523.158 8.400 -364.400 -3060.960 0.57
2019-05-04_01:53:33 00399 16.608 338.800 5626.790 8.408 -382.000 -3211.856 0.56
2019-05-04_01:53:34 00400 16.680 281.600 4697.088 8.352 -280.400 -2341.901 0.56
2019-05-04_01:53:35 00401 16.680 289.600 4830.528 8.352 -292.800 -2445.466 0.56
2019-05-04_01:53:36 00402 16.672 289.600 4828.211 8.360 -305.200 -2551.472 0.56
2019-05-04_01:53:37 00403 16.656 296.000 4930.176 8.368 -313.600 -2624.205 0.56
2019-05-04_01:53:38 00404 16.648 304.800 5074.310 8.368 -313.200 -2620.858 0.57