2019-05-04_23:58:44 01011 11.568 195.200 2258.074 8.368 0.400 3.347 0.76
2019-05-04_23:58:46 01012 11.576 170.400 1972.550 8.392 0.000 0.000 0.76
2019-05-04_23:58:47 01013 11.568 169.600 1961.933 8.400 0.400 3.360 0.76
2019-05-04_23:58:48 01014 11.568 170.400 1971.187 8.408 0.000 0.000 0.75
2019-05-04_23:58:49 01015 11.584 168.000 1946.112 8.312 0.000 0.000 0.75
2019-05-04_23:58:50 01016 11.560 193.600 2238.016 8.304 0.000 0.000 0.75
2019-05-04_23:58:51 01017 11.576 169.200 1958.659 8.328 0.400 3.331 0.75
2019-05-04_23:58:52 01018 11.576 169.200 1958.659 8.344 0.000 0.000 0.75
2019-05-04_23:58:53 01019 11.576 170.400 1972.550 8.352 0.400 3.341 0.75
2019-05-04_23:58:54 01020 11.576 170.400 1972.550 8.360 0.400 3.344 0.76
2019-05-04_23:58:55 01021 11.552 198.000 2287.296 8.360 0.000 0.000 0.76
2019-05-04_23:58:56 01022 11.576 169.200 1958.659 8.384 0.400 3.354 0.76
2019-05-04_23:58:57 01023 11.568 170.400 1971.187 8.392 0.000 0.000 0.76
2019-05-04_23:58:58 01024 11.576 169.600 1963.290 8.400 0.400 3.360 0.76
2019-05-04_23:58:59 01025 11.576 170.000 1967.920 8.408 0.000 0.000 0.75
2019-05-04_23:59:00 01026 11.584 167.600 1941.478 8.312 0.000 0.000 0.75
2019-05-04_23:59:01 01027 11.576 168.000 1944.768 8.320 0.000 0.000 0.75
2019-05-04_23:59:02 01028 11.584 169.200 1960.013 8.328 0.000 0.000 0.75
2019-05-04_23:59:03 01029 11.576 169.600 1963.290 8.344 0.000 0.000 0.75
2019-05-04_23:59:04 01030 11.576 170.000 1967.920 8.352 0.400 3.341 0.75
2019-05-04_23:59:05 01031 11.560 194.400 2247.264 8.352 0.400 3.341 0.76
2019-05-04_23:59:06 01032 11.576 170.000 1967.920 8.368 0.400 3.347 0.76
2019-05-04_23:59:07 01033 11.576 167.600 1940.138 8.384 0.400 3.354 0.76
2019-05-04_23:59:08 01034 11.576 170.000 1967.920 8.392 0.400 3.357 0.76
2019-05-04_23:59:09 01035 11.568 170.800 1975.814 8.400 0.400 3.360 0.76
2019-05-04_23:59:10 01036 11.576 178.400 2065.158 8.400 0.000 0.000 0.76
2019-05-04_23:59:11 01037 11.576 161.600 1870.682 8.424 0.400 3.370 0.75
2019-05-04_23:59:12 01038 11.584 170.400 1973.914 8.328 0.000 0.000 0.75
2019-05-04_23:59:13 01039 11.576 170.000 1967.920 8.336 0.000 0.000 0.75
2019-05-04_23:59:14 01040 11.576 170.000 1967.920 8.344 0.000 0.000 0.75
2019-05-04_23:59:15 01041 11.560 185.600 2145.536 8.336 0.400 3.334 0.75
2019-05-04_23:59:16 01042 11.576 166.400 1926.246 8.360 0.400 3.344 0.76
2019-05-04_23:59:17 01043 11.576 168.000 1944.768 8.368 0.400 3.347 0.76
2019-05-04_23:59:18 01044 11.576 170.000 1967.920 8.384 0.400 3.354 0.76
2019-05-04_23:59:19 01045 11.576 169.600 1963.290 8.392 0.400 3.357 0.76
2019-05-04_23:59:20 01046 11.576 170.000 1967.920 8.400 0.000 0.000 0.76
2019-05-04_23:59:21 01047 11.568 170.000 1966.560 8.408 0.400 3.363 0.75
2019-05-04_23:59:22 01048 11.584 170.400 1973.914 8.312 0.000 0.000 0.75
2019-05-04_23:59:23 01049 11.584 170.400 1973.914 8.320 0.400 3.328 0.75
2019-05-04_23:59:24 01050 11.584 169.600 1964.646 8.328 0.400 3.331 0.75
2019-05-04_23:59:25 01051 11.560 197.200 2279.632 8.336 0.000 0.000 0.75
2019-05-04_23:59:26 01052 11.576 169.600 1963.290 8.352 0.400 3.341 0.75
2019-05-04_23:59:27 01053 11.576 167.600 1940.138 8.360 0.400 3.344 0.76
2019-05-04_23:59:28 01054 11.576 170.400 1972.550 8.368 0.000 0.000 0.76
2019-05-04_23:59:29 01055 11.576 170.400 1972.550 8.384 0.400 3.354 0.76
2019-05-04_23:59:30 01056 11.552 187.200 2162.534 8.376 0.400 3.350 0.76
2019-05-04_23:59:31 01057 11.576 167.600 1940.138 8.400 0.000 0.000 0.76
2019-05-04_23:59:32 01058 11.568 170.000 1966.560 8.408 0.000 0.000 0.75
2019-05-04_23:59:33 01059 11.584 170.800 1978.547 8.312 0.000 0.000 0.75
2019-05-04_23:59:34 01060 11.568 192.000 2221.056 8.304 0.000 0.000 0.75
2019-05-04_23:59:35 01061 11.560 190.800 2205.648 8.312 0.000 0.000 0.75
2019-05-04_23:59:36 01062 11.576 170.400 1972.550 8.344 0.400 3.338 0.75
2019-05-04_23:59:37 01063 11.576 170.000 1967.920 8.352 0.000 0.000 0.75
2019-05-04_23:59:38 01064 11.576 170.400 1972.550 8.360 0.000 0.000 0.76
2019-05-04_23:59:39 01065 11.584 160.400 1858.074 8.368 0.400 3.347 0.76
2019-05-04_23:59:40 01066 11.576 170.000 1967.920 8.384 0.400 3.354 0.76
2019-05-04_23:59:41 01067 11.576 170.000 1967.920 8.392 0.000 0.000 0.76
2019-05-04_23:59:42 01068 11.584 161.600 1871.974 8.400 0.400 3.360 0.76
2019-05-04_23:59:43 01069 11.576 162.000 1875.312 8.416 0.000 0.000 0.75
2019-05-04_23:59:44 01070 11.584 164.400 1904.410 8.312 0.000 0.000 0.75
2019-05-04_23:59:45 01071 11.584 177.600 2057.318 8.320 0.000 0.000 0.75
2019-05-04_23:59:46 01072 11.592 168.000 1947.456 8.328 0.000 0.000 0.75
2019-05-04_23:59:47 01073 11.584 161.200 1867.341 8.344 0.000 0.000 0.75
2019-05-04_23:59:48 01074 11.576 164.400 1903.094 8.360 0.400 3.344 0.75
2019-05-04_23:59:49 01075 11.576 168.400 1949.398 8.360 0.400 3.344 0.76
2019-05-04_23:59:50 01076 11.576 176.800 2046.637 8.360 0.400 3.344 0.76
2019-05-04_23:59:51 01077 11.576 169.600 1963.290 8.384 0.400 3.354 0.76
2019-05-04_23:59:52 01078 11.576 170.000 1967.920 8.392 0.400 3.357 0.76
2019-05-04_23:59:53 01079 11.576 168.800 1954.029 8.400 0.000 0.000 0.76
2019-05-04_23:59:54 01080 11.576 170.400 1972.550 8.416 0.000 0.000 0.75
2019-05-04_23:59:55 01081 11.568 172.400 1994.323 8.296 0.000 0.000 0.77
2019-05-04_23:59:56 01082 11.568 170.000 1966.560 8.544 0.000 0.000 0.76
2019-05-04_23:59:57 01083 11.568 170.800 1975.814 8.408 0.400 3.363 0.75
2019-05-04_23:59:58 01084 11.584 170.000 1969.280 8.312 0.000 0.000 0.75
2019-05-04_23:59:59 01085 11.584 166.800 1932.211 8.320 0.000 0.000 0.75
2019-05-05_00:00:00 01086 11.584 169.200 1960.013 8.328 0.000 0.000 0.75
2019-05-05_00:00:01 01087 11.576 170.000 1967.920 8.344 0.000 0.000 0.75
2019-05-05_00:00:02 01088 11.576 170.400 1972.550 8.352 0.400 3.341 0.75
2019-05-05_00:00:03 01089 11.584 164.400 1904.410 8.360 0.400 3.344 0.76
2019-05-05_00:00:04 01090 11.576 166.800 1930.877 8.368 0.000 0.000 0.76
2019-05-05_00:00:05 01091 11.552 192.000 2217.984 8.368 0.000 0.000 0.76
2019-05-05_00:00:06 01092 11.576 169.600 1963.290 8.392 0.400 3.357 0.76
2019-05-05_00:00:07 01093 11.568 171.600 1985.069 8.400 0.000 0.000 0.76
2019-05-05_00:00:08 01094 11.568 168.400 1948.051 8.408 0.000 0.000 0.75
2019-05-05_00:00:09 01095 11.584 169.600 1964.646 8.312 0.000 0.000 0.75
2019-05-05_00:00:10 01096 11.560 198.400 2293.504 8.320 0.000 0.000 0.75
2019-05-05_00:00:11 01097 11.576 170.000 1967.920 8.336 0.000 0.000 0.75
2019-05-05_00:00:12 01098 11.576 171.600 1986.442 8.344 0.400 3.338 0.75
2019-05-05_00:00:13 01099 11.576 170.000 1967.920 8.352 0.000 0.000 0.75
2019-05-05_00:00:14 01100 11.576 169.200 1958.659 8.360 0.000 0.000 0.76
2019-05-05_00:00:15 01101 11.576 170.400 1972.550 8.368 0.000 0.000 0.76
2019-05-05_00:00:16 01102 11.576 170.400 1972.550 8.384 0.400 3.354 0.76
2019-05-05_00:00:17 01103 11.576 169.200 1958.659 8.392 0.000 0.000 0.76
2019-05-05_00:00:18 01104 11.568 169.600 1961.933 8.400 0.400 3.360 0.76
2019-05-05_00:00:19 01105 11.576 168.800 1954.029 8.416 0.400 3.366 0.75
2019-05-05_00:00:20 01106 11.584 160.400 1858.074 8.304 0.400 3.322 0.75
2019-05-05_00:00:21 01107 11.584 163.200 1890.509 8.320 0.400 3.328 0.75
2019-05-05_00:00:22 01108 11.576 171.200 1981.811 8.328 0.000 0.000 0.75
2019-05-05_00:00:23 01109 11.584 155.600 1802.470 8.344 0.000 0.000 0.75
2019-05-05_00:00:24 01110 11.576 165.600 1916.986 8.352 0.000 0.000 0.75
2019-05-05_00:00:25 01111 11.576 170.400 1972.550 8.368 0.400 3.347 0.76