2019-05-05_00:10:33 01718 11.576 168.400 1949.398 8.400 0.400 3.360 0.76
2019-05-05_00:10:34 01719 11.568 166.800 1929.542 8.408 0.000 0.000 0.75
2019-05-05_00:10:35 01720 11.576 193.200 2236.483 8.312 0.000 0.000 0.75
2019-05-05_00:10:36 01721 11.584 170.400 1973.914 8.320 0.000 0.000 0.75
2019-05-05_00:10:37 01722 11.584 168.000 1946.112 8.328 0.400 3.331 0.75
2019-05-05_00:10:38 01723 11.576 166.400 1926.246 8.344 0.400 3.338 0.75
2019-05-05_00:10:39 01724 11.576 170.400 1972.550 8.352 0.400 3.341 0.75
2019-05-05_00:10:40 01725 11.560 195.600 2261.136 8.360 0.000 0.000 0.76
2019-05-05_00:10:41 01726 11.576 169.200 1958.659 8.368 0.400 3.347 0.76
2019-05-05_00:10:42 01727 11.576 170.800 1977.181 8.384 0.400 3.354 0.76
2019-05-05_00:10:43 01728 11.576 168.400 1949.398 8.392 0.000 0.000 0.76
2019-05-05_00:10:44 01729 11.576 166.400 1926.246 8.400 0.400 3.360 0.76
2019-05-05_00:10:45 01730 11.560 197.600 2284.256 8.408 0.000 0.000 0.75
2019-05-05_00:10:46 01731 11.584 170.000 1969.280 8.312 0.000 0.000 0.75
2019-05-05_00:10:47 01732 11.584 171.600 1987.814 8.320 0.400 3.328 0.75
2019-05-05_00:10:48 01733 11.584 169.200 1960.013 8.328 0.000 0.000 0.75
2019-05-05_00:10:49 01734 11.584 166.400 1927.578 8.344 0.400 3.338 0.75
2019-05-05_00:10:50 01735 11.560 193.600 2238.016 8.336 0.400 3.334 0.75
2019-05-05_00:10:51 01736 11.576 168.000 1944.768 8.360 0.400 3.344 0.76
2019-05-05_00:10:52 01737 11.576 170.000 1967.920 8.376 0.400 3.350 0.76
2019-05-05_00:10:53 01738 11.576 169.200 1958.659 8.384 0.400 3.354 0.76
2019-05-05_00:10:54 01739 11.576 170.400 1972.550 8.392 0.000 0.000 0.76
2019-05-05_00:10:55 01740 11.552 184.800 2134.810 8.392 0.400 3.357 0.76
2019-05-05_00:10:56 01741 11.576 169.600 1963.290 8.408 0.400 3.363 0.75
2019-05-05_00:10:57 01742 11.584 168.800 1955.379 8.312 0.000 0.000 0.75
2019-05-05_00:10:58 01743 11.584 168.000 1946.112 8.320 0.400 3.328 0.75
2019-05-05_00:10:59 01744 11.584 170.400 1973.914 8.328 0.000 0.000 0.75
2019-05-05_00:11:00 01745 11.560 190.800 2205.648 8.328 0.000 0.000 0.75
2019-05-05_00:11:01 01746 11.576 166.400 1926.246 8.352 0.400 3.341 0.75
2019-05-05_00:11:02 01747 11.576 170.800 1977.181 8.360 0.400 3.344 0.76
2019-05-05_00:11:03 01748 11.576 168.800 1954.029 8.368 0.400 3.347 0.76
2019-05-05_00:11:04 01749 11.576 168.400 1949.398 8.384 0.400 3.354 0.76
2019-05-05_00:11:05 01750 11.560 194.800 2251.888 8.376 0.000 0.000 0.76
2019-05-05_00:11:06 01751 11.576 170.400 1972.550 8.400 0.400 3.360 0.76
2019-05-05_00:11:07 01752 11.576 167.200 1935.507 8.408 0.000 0.000 0.75
2019-05-05_00:11:08 01753 11.584 170.400 1973.914 8.312 0.000 0.000 0.75
2019-05-05_00:11:09 01754 11.584 166.800 1932.211 8.320 0.000 0.000 0.75
2019-05-05_00:11:10 01755 11.560 198.400 2293.504 8.328 0.400 3.331 0.75
2019-05-05_00:11:11 01756 11.576 170.400 1972.550 8.344 0.400 3.338 0.75
2019-05-05_00:11:12 01757 11.584 170.000 1969.280 8.352 0.400 3.341 0.75
2019-05-05_00:11:13 01758 11.576 163.200 1889.203 8.360 0.000 0.000 0.76
2019-05-05_00:11:14 01759 11.584 169.600 1964.646 8.376 0.400 3.350 0.76
2019-05-05_00:11:15 01760 11.568 170.000 1966.560 8.368 0.400 3.347 0.76
2019-05-05_00:11:16 01761 11.576 162.800 1884.573 8.392 0.000 0.000 0.76
2019-05-05_00:11:17 01762 11.576 170.000 1967.920 8.400 0.400 3.360 0.76
2019-05-05_00:11:18 01763 11.568 170.000 1966.560 8.408 0.000 0.000 0.75
2019-05-05_00:11:19 01764 11.584 170.000 1969.280 8.312 0.000 0.000 0.75
2019-05-05_00:11:20 01765 11.560 184.400 2131.664 8.304 0.000 0.000 0.75
2019-05-05_00:11:21 01766 11.584 170.000 1969.280 8.328 0.000 0.000 0.75
2019-05-05_00:11:22 01767 11.576 167.200 1935.507 8.344 0.400 3.338 0.75
2019-05-05_00:11:23 01768 11.576 168.400 1949.398 8.352 0.000 0.000 0.75
2019-05-05_00:11:24 01769 11.576 169.200 1958.659 8.360 0.000 0.000 0.76
2019-05-05_00:11:25 01770 11.576 169.200 1958.659 8.376 0.400 3.350 0.76
2019-05-05_00:11:26 01771 11.576 167.600 1940.138 8.384 0.400 3.354 0.76
2019-05-05_00:11:27 01772 11.552 199.200 2301.158 8.376 0.400 3.350 0.76
2019-05-05_00:11:28 01773 11.576 169.200 1958.659 8.400 0.000 0.000 0.76
2019-05-05_00:11:29 01774 11.576 170.400 1972.550 8.408 0.000 0.000 0.75
2019-05-05_00:11:30 01775 11.584 168.800 1955.379 8.312 0.000 0.000 0.75
2019-05-05_00:11:31 01776 11.584 170.000 1969.280 8.320 0.000 0.000 0.75
2019-05-05_00:11:32 01777 11.584 170.800 1978.547 8.328 0.400 3.331 0.75
2019-05-05_00:11:33 01778 11.576 168.800 1954.029 8.344 0.000 0.000 0.75
2019-05-05_00:11:34 01779 11.576 168.800 1954.029 8.352 0.000 0.000 0.75
2019-05-05_00:11:35 01780 11.560 198.000 2288.880 8.352 0.000 0.000 0.76
2019-05-05_00:11:36 01781 11.576 170.400 1972.550 8.368 0.000 0.000 0.76
2019-05-05_00:11:37 01782 11.576 166.400 1926.246 8.384 0.400 3.354 0.76
2019-05-05_00:11:38 01783 11.576 169.200 1958.659 8.392 0.000 0.000 0.76
2019-05-05_00:11:39 01784 11.576 168.800 1954.029 8.400 0.000 0.000 0.76
2019-05-05_00:11:40 01785 11.576 169.600 1963.290 8.424 0.000 0.000 0.75
2019-05-05_00:11:41 01786 11.584 169.600 1964.646 8.312 0.000 0.000 0.75
2019-05-05_00:11:42 01787 11.584 169.200 1960.013 8.320 0.000 0.000 0.75
2019-05-05_00:11:43 01788 11.584 170.400 1973.914 8.328 0.000 0.000 0.75
2019-05-05_00:11:44 01789 11.576 169.200 1958.659 8.344 0.000 0.000 0.75
2019-05-05_00:11:45 01790 11.576 170.400 1972.550 8.352 0.400 3.341 0.75
2019-05-05_00:11:46 01791 11.576 168.400 1949.398 8.360 0.400 3.344 0.76
2019-05-05_00:11:47 01792 11.560 194.800 2251.888 8.360 0.000 0.000 0.76
2019-05-05_00:11:48 01793 11.576 169.600 1963.290 8.384 0.400 3.354 0.76
2019-05-05_00:11:49 01794 11.576 169.600 1963.290 8.392 0.000 0.000 0.76
2019-05-05_00:11:50 01795 11.576 181.600 2102.202 8.384 0.400 3.354 0.76
2019-05-05_00:11:51 01796 11.576 166.400 1926.246 8.416 0.400 3.366 0.75
2019-05-05_00:11:52 01797 11.568 196.400 2271.955 8.296 0.000 0.000 0.77
2019-05-05_00:11:53 01798 11.568 166.000 1920.288 8.544 0.000 0.000 0.76
2019-05-05_00:11:54 01799 11.576 164.000 1898.464 8.408 0.000 0.000 0.75
2019-05-05_00:11:55 01800 11.560 190.800 2205.648 8.304 0.000 0.000 0.75
2019-05-05_00:11:56 01801 11.584 166.800 1932.211 8.328 0.000 0.000 0.75
2019-05-05_00:11:57 01802 11.584 153.600 1779.302 8.320 0.000 0.000 0.75
2019-05-05_00:11:58 01803 11.584 167.600 1941.478 8.344 0.400 3.338 0.75
2019-05-05_00:11:59 01804 11.576 167.200 1935.507 8.352 0.000 0.000 0.75
2019-05-05_00:12:00 01805 11.552 196.800 2273.434 8.352 0.400 3.341 0.76
2019-05-05_00:12:01 01806 11.576 169.200 1958.659 8.376 0.400 3.350 0.76
2019-05-05_00:12:02 01807 11.584 153.200 1774.669 8.384 0.000 0.000 0.76
2019-05-05_00:12:03 01808 11.576 170.400 1972.550 8.392 0.400 3.357 0.76
2019-05-05_00:12:04 01809 11.568 165.200 1911.034 8.400 0.400 3.360 0.76
2019-05-05_00:12:05 01810 11.576 169.200 1958.659 8.408 0.400 3.363 0.75
2019-05-05_00:12:06 01811 11.584 168.400 1950.746 8.312 0.000 0.000 0.75
2019-05-05_00:12:07 01812 11.584 162.400 1881.242 8.328 0.000 0.000 0.75
2019-05-05_00:12:08 01813 11.584 170.400 1973.914 8.328 0.000 0.000 0.75
2019-05-05_00:12:09 01814 11.576 170.400 1972.550 8.344 0.000 0.000 0.75
2019-05-05_00:12:10 01815 11.568 170.400 1971.187 8.336 0.000 0.000 0.75
2019-05-05_00:12:11 01816 11.576 170.400 1972.550 8.360 0.000 0.000 0.76
2019-05-05_00:12:12 01817 11.560 186.400 2154.784 8.376 0.400 3.350 0.76
2019-05-05_00:12:13 01818 11.576 169.200 1958.659 8.376 0.400 3.350 0.76