2019-05-04_23:15:42 00102 11.592 166.000 1924.272 8.328 0.400 3.331 0.75
2019-05-04_23:15:43 00103 11.568 186.800 2160.902 8.328 0.000 0.000 0.75
2019-05-04_23:15:44 00104 11.560 182.400 2108.544 8.344 0.000 0.000 0.75
2019-05-04_23:15:45 00105 11.560 192.000 2219.520 8.352 0.000 0.000 0.75
2019-05-04_23:15:46 00106 11.568 181.200 2096.122 8.360 0.000 0.000 0.76
2019-05-04_23:15:47 00107 11.568 186.800 2160.902 8.368 0.000 0.000 0.76
2019-05-04_23:15:48 00108 11.552 188.800 2181.018 8.384 0.000 0.000 0.76
2019-05-04_23:15:49 00109 11.568 192.400 2225.683 8.384 0.000 0.000 0.76
2019-05-04_23:15:50 00110 11.560 180.800 2090.048 8.400 0.000 0.000 0.76
2019-05-04_23:15:51 00111 11.560 184.000 2127.040 8.408 0.000 0.000 0.75
2019-05-04_23:15:52 00112 11.584 165.600 1918.310 8.320 0.000 0.000 0.75
2019-05-04_23:15:53 00113 11.560 199.200 2302.752 8.312 0.000 0.000 0.75
2019-05-04_23:15:54 00114 11.568 180.400 2086.867 8.328 0.400 3.331 0.75
2019-05-04_23:15:55 00115 11.568 185.600 2147.021 8.336 0.000 0.000 0.75
2019-05-04_23:15:56 00116 11.568 192.000 2221.056 8.352 0.000 0.000 0.75
2019-05-04_23:15:57 00117 11.568 184.800 2137.766 8.360 0.000 0.000 0.76
2019-05-04_23:15:58 00118 11.568 186.800 2160.902 8.368 0.400 3.347 0.76
2019-05-04_23:15:59 00119 11.560 183.200 2117.792 8.376 0.400 3.350 0.76
2019-05-04_23:16:00 00120 11.560 194.000 2242.640 8.392 0.000 0.000 0.76
2019-05-04_23:16:01 00121 11.560 182.800 2113.168 8.392 0.000 0.000 0.76
2019-05-04_23:16:02 00122 11.560 186.000 2150.160 8.416 0.000 0.000 0.75
2019-05-04_23:16:03 00123 11.568 190.800 2207.174 8.312 0.000 0.000 0.75
2019-05-04_23:16:04 00124 11.584 167.200 1936.845 8.328 0.400 3.331 0.75
2019-05-04_23:16:05 00125 11.584 165.600 1918.310 8.336 0.000 0.000 0.75
2019-05-04_23:16:06 00126 11.584 159.200 1844.173 8.352 0.000 0.000 0.75
2019-05-04_23:16:07 00127 11.576 162.800 1884.573 8.352 0.000 0.000 0.75
2019-05-04_23:16:08 00128 11.568 170.800 1975.814 8.368 0.000 0.000 0.76
2019-05-04_23:16:09 00129 11.576 166.800 1930.877 8.384 0.400 3.354 0.76
2019-05-04_23:16:10 00130 11.576 166.800 1930.877 8.392 0.000 0.000 0.76
2019-05-04_23:16:11 00131 11.568 172.400 1994.323 8.392 0.400 3.357 0.76
2019-05-04_23:16:12 00132 11.568 167.600 1938.797 8.408 0.000 0.000 0.75
2019-05-04_23:16:13 00133 11.584 166.800 1932.211 8.312 0.000 0.000 0.75
2019-05-04_23:16:14 00134 11.576 183.600 2125.354 8.312 0.000 0.000 0.75
2019-05-04_23:16:15 00135 11.576 185.200 2143.875 8.320 0.000 0.000 0.75
2019-05-04_23:16:16 00136 11.576 184.800 2139.245 8.328 0.000 0.000 0.75
2019-05-04_23:16:17 00137 11.584 159.200 1844.173 8.352 0.400 3.341 0.75
2019-05-04_23:16:18 00138 11.560 195.200 2256.512 8.352 0.000 0.000 0.75
2019-05-04_23:16:19 00139 11.568 185.200 2142.394 8.360 0.000 0.000 0.76
2019-05-04_23:16:20 00140 11.568 187.600 2170.157 8.368 0.000 0.000 0.76
2019-05-04_23:16:21 00141 11.560 184.800 2136.288 8.376 0.000 0.000 0.76
2019-05-04_23:16:22 00142 11.560 191.200 2210.272 8.392 0.000 0.000 0.76
2019-05-04_23:16:23 00143 11.544 197.200 2276.477 8.400 0.000 0.000 0.76
2019-05-04_23:16:24 00144 11.568 181.600 2100.749 8.408 0.000 0.000 0.75
2019-05-04_23:16:25 00145 11.576 182.800 2116.093 8.312 0.000 0.000 0.75
2019-05-04_23:16:26 00146 11.560 187.200 2164.032 8.320 0.000 0.000 0.75
2019-05-04_23:16:27 00147 11.568 181.200 2096.122 8.328 0.000 0.000 0.75
2019-05-04_23:16:28 00148 11.568 186.400 2156.275 8.328 0.000 0.000 0.75
2019-05-04_23:16:29 00149 11.552 202.800 2342.746 8.344 0.000 0.000 0.75
2019-05-04_23:16:30 00150 11.576 166.000 1921.616 8.368 0.000 0.000 0.76
2019-05-04_23:16:31 00151 11.560 186.000 2150.160 8.368 0.000 0.000 0.76
2019-05-04_23:16:32 00152 11.560 182.400 2108.544 8.376 0.000 0.000 0.76
2019-05-04_23:16:33 00153 11.552 207.600 2398.195 8.392 0.000 0.000 0.76
2019-05-04_23:16:34 00154 11.560 194.800 2251.888 8.384 0.000 0.000 0.76
2019-05-04_23:16:35 00155 11.560 193.200 2233.392 8.408 0.000 0.000 0.75
2019-05-04_23:16:36 00156 11.568 181.600 2100.749 8.312 0.000 0.000 0.75
2019-05-04_23:16:37 00157 11.560 184.400 2131.664 8.320 0.000 0.000 0.75
2019-05-04_23:16:38 00158 11.560 190.800 2205.648 8.328 0.000 0.000 0.75
2019-05-04_23:16:39 00159 11.568 182.400 2110.003 8.344 0.400 3.338 0.75
2019-05-04_23:16:40 00160 11.568 185.600 2147.021 8.352 0.000 0.000 0.75
2019-05-04_23:16:41 00161 11.568 187.600 2170.157 8.360 0.400 3.344 0.76
2019-05-04_23:16:42 00162 11.568 186.400 2156.275 8.368 0.000 0.000 0.76
2019-05-04_23:16:43 00163 11.552 188.400 2176.397 8.376 0.000 0.000 0.76
2019-05-04_23:16:44 00164 11.568 182.800 2114.630 8.392 0.400 3.357 0.76
2019-05-04_23:16:45 00165 11.560 179.600 2076.176 8.400 0.000 0.000 0.76
2019-05-04_23:16:46 00166 11.552 196.400 2268.813 8.408 0.400 3.363 0.75
2019-05-04_23:16:47 00167 11.568 186.000 2151.648 8.312 0.000 0.000 0.75
2019-05-04_23:16:48 00168 11.568 181.200 2096.122 8.320 0.400 3.328 0.75
2019-05-04_23:16:49 00169 11.568 184.400 2133.139 8.328 0.400 3.331 0.75
2019-05-04_23:16:50 00170 11.560 190.400 2201.024 8.344 0.400 3.338 0.75
2019-05-04_23:16:51 00171 11.568 181.200 2096.122 8.352 0.000 0.000 0.75
2019-05-04_23:16:52 00172 11.584 162.400 1881.242 8.368 0.000 0.000 0.76
2019-05-04_23:16:53 00173 11.560 184.400 2131.664 8.376 0.000 0.000 0.76
2019-05-04_23:16:54 00174 11.560 193.600 2238.016 8.376 0.000 0.000 0.76
2019-05-04_23:16:55 00175 11.568 186.400 2156.275 8.384 0.000 0.000 0.76
2019-05-04_23:16:56 00176 11.560 189.200 2187.152 8.400 0.000 0.000 0.76
2019-05-04_23:16:57 00177 11.552 188.400 2176.397 8.408 0.000 0.000 0.75
2019-05-04_23:16:58 00178 11.568 192.400 2225.683 8.312 0.000 0.000 0.75
2019-05-04_23:16:59 00179 11.568 187.600 2170.157 8.320 0.000 0.000 0.75
2019-05-04_23:17:00 00180 11.568 186.000 2151.648 8.328 0.000 0.000 0.75
2019-05-04_23:17:01 00181 11.560 184.400 2131.664 8.344 0.400 3.338 0.75
2019-05-04_23:17:02 00182 11.552 213.600 2467.507 8.352 0.000 0.000 0.75
2019-05-04_23:17:03 00183 11.560 194.000 2242.640 8.360 0.000 0.000 0.76
2019-05-04_23:17:04 00184 11.576 165.600 1916.986 8.384 0.400 3.354 0.76
2019-05-04_23:17:05 00185 11.544 193.600 2234.918 8.368 0.000 0.000 0.76
2019-05-04_23:17:06 00186 11.568 181.600 2100.749 8.392 0.000 0.000 0.76
2019-05-04_23:17:07 00187 11.560 183.600 2122.416 8.400 0.400 3.360 0.76
2019-05-04_23:17:08 00188 11.560 192.800 2228.768 8.408 0.000 0.000 0.75
2019-05-04_23:17:09 00189 11.568 182.800 2114.630 8.312 0.000 0.000 0.75
2019-05-04_23:17:10 00190 11.568 182.800 2114.630 8.320 0.000 0.000 0.75
2019-05-04_23:17:11 00191 11.560 196.800 2275.008 8.320 0.000 0.000 0.75
2019-05-04_23:17:12 00192 11.568 185.600 2147.021 8.344 0.000 0.000 0.75
2019-05-04_23:17:13 00193 11.568 186.400 2156.275 8.352 0.400 3.341 0.75
2019-05-04_23:17:14 00194 11.560 188.400 2177.904 8.360 0.000 0.000 0.76
2019-05-04_23:17:15 00195 11.560 194.000 2242.640 8.368 0.000 0.000 0.76
2019-05-04_23:17:16 00196 11.560 185.600 2145.536 8.384 0.000 0.000 0.76
2019-05-04_23:17:17 00197 11.536 185.200 2136.467 8.376 0.400 3.350 0.76
2019-05-04_23:17:18 00198 11.560 191.600 2214.896 8.384 0.000 0.000 0.76
2019-05-04_23:17:19 00199 11.560 179.600 2076.176 8.408 0.000 0.000 0.75
2019-05-04_23:17:20 00200 11.568 193.600 2239.565 8.312 0.400 3.325 0.75
2019-05-04_23:17:21 00201 11.576 185.200 2143.875 8.320 0.000 0.000 0.75
2019-05-04_23:17:22 00202 11.544 224.400 2590.474 8.312 0.000 0.000 0.75