2019-05-07_00:52:03 09110 1.040 -5.200 -5.408 7.928 146.400 1160.659 0.00
2019-05-07_00:52:13 09120 1.040 -5.200 -5.408 7.928 148.400 1176.515 0.00
2019-05-07_00:52:23 09130 1.040 -5.200 -5.408 7.928 146.000 1157.488 0.00
2019-05-07_00:52:33 09140 1.040 -5.200 -5.408 7.928 152.400 1208.227 0.00
2019-05-07_00:52:43 09150 1.040 -5.200 -5.408 7.928 149.600 1186.029 0.00
2019-05-07_00:52:53 09160 1.040 -5.200 -5.408 7.928 146.800 1163.830 0.00
2019-05-07_00:53:03 09170 1.040 -5.200 -5.408 7.928 146.000 1157.488 0.00
2019-05-07_00:53:13 09180 1.040 -5.200 -5.408 7.928 146.000 1157.488 0.00
2019-05-07_00:53:23 09190 1.040 -5.200 -5.408 7.928 146.800 1163.830 0.00
2019-05-07_00:53:33 09200 1.040 -5.200 -5.408 7.896 186.800 1474.973 0.00
2019-05-07_00:53:43 09210 1.040 -5.200 -5.408 7.928 153.200 1214.570 0.00
2019-05-07_00:53:53 09220 1.040 -5.200 -5.408 7.928 149.600 1186.029 0.00
2019-05-07_00:54:03 09230 1.040 -5.200 -5.408 7.928 150.400 1192.371 0.00
2019-05-07_00:54:13 09240 1.040 -5.200 -5.408 7.888 193.600 1527.117 0.00
2019-05-07_00:54:23 09250 1.040 -5.200 -5.408 7.928 150.800 1195.542 0.00
2019-05-07_00:54:33 09260 1.040 -5.200 -5.408 7.928 146.400 1160.659 0.00
2019-05-07_00:54:43 09270 1.040 -5.200 -5.408 7.928 146.800 1163.830 0.00
2019-05-07_00:54:53 09280 1.040 -5.200 -5.408 7.928 156.400 1239.939 0.00
2019-05-07_00:55:03 09290 1.040 -5.200 -5.408 7.928 146.800 1163.830 0.00
2019-05-07_00:55:13 09300 1.040 -5.200 -5.408 7.928 149.200 1182.858 0.00
2019-05-07_00:55:23 09310 1.040 -5.200 -5.408 7.912 154.400 1221.613 0.00
2019-05-07_00:55:33 09320 1.040 -5.200 -5.408 7.920 148.800 1178.496 0.00
2019-05-07_00:55:43 09330 1.040 -5.200 -5.408 7.920 149.200 1181.664 0.00
2019-05-07_00:55:53 09340 1.040 -5.200 -5.408 7.920 146.400 1159.488 0.00
2019-05-07_00:56:03 09350 1.040 -5.200 -5.408 7.920 146.400 1159.488 0.00
2019-05-07_00:56:13 09360 1.040 -5.200 -5.408 7.928 146.800 1163.830 0.00
2019-05-07_00:56:23 09370 1.040 -5.200 -5.408 7.928 146.000 1157.488 0.00
2019-05-07_00:56:33 09380 1.040 -5.200 -5.408 7.928 145.600 1154.317 0.00
2019-05-07_00:56:43 09390 1.040 -5.200 -5.408 7.920 150.000 1188.000 0.00
2019-05-07_00:56:53 09400 1.040 -5.200 -5.408 7.920 149.200 1181.664 0.00
2019-05-07_00:57:03 09410 1.040 -5.200 -5.408 7.920 149.600 1184.832 0.00
2019-05-07_00:57:13 09420 1.040 -5.200 -5.408 7.920 148.800 1178.496 0.00
2019-05-07_00:57:24 09430 1.040 -5.200 -5.408 7.920 198.800 1574.496 0.00
2019-05-07_00:57:34 09440 1.040 -5.200 -5.408 7.912 146.800 1161.482 0.00
2019-05-07_00:57:44 09450 1.040 -5.200 -5.408 7.920 146.400 1159.488 0.00
2019-05-07_00:57:54 09460 1.040 -5.200 -5.408 7.920 147.200 1165.824 0.00
2019-05-07_00:58:04 09470 1.040 -5.200 -5.408 7.880 190.400 1500.352 0.00
2019-05-07_00:58:14 09480 1.040 -5.200 -5.408 7.888 190.400 1501.875 0.00
2019-05-07_00:58:24 09490 1.040 -5.200 -5.408 7.920 149.200 1181.664 0.00
2019-05-07_00:58:34 09500 1.040 -5.200 -5.408 7.904 149.200 1179.277 0.00
2019-05-07_00:58:44 09510 1.040 -5.200 -5.408 7.880 182.800 1440.464 0.00
2019-05-07_00:58:54 09520 1.040 -5.200 -5.408 7.920 146.400 1159.488 0.00
2019-05-07_00:59:04 09530 1.040 -5.200 -5.408 7.920 151.600 1200.672 0.00
2019-05-07_00:59:14 09540 1.040 -5.200 -5.408 7.912 146.400 1158.317 0.00
2019-05-07_00:59:24 09550 1.040 -5.200 -5.408 7.880 169.200 1333.296 0.00
2019-05-07_00:59:34 09560 1.040 -5.200 -5.408 7.920 149.200 1181.664 0.00
2019-05-07_00:59:44 09570 1.040 -5.200 -5.408 7.920 150.400 1191.168 0.00
2019-05-07_00:59:54 09580 1.040 -5.200 -5.408 7.920 149.600 1184.832 0.00
2019-05-07_01:00:04 09590 1.040 -5.200 -5.408 7.880 161.600 1273.408 0.00
2019-05-07_01:00:14 09600 1.040 -5.200 -5.408 7.912 150.400 1189.965 0.00
2019-05-07_01:00:24 09610 1.040 -5.200 -5.408 7.920 147.200 1165.824 0.00
2019-05-07_01:00:34 09620 1.040 -5.200 -5.408 7.920 146.400 1159.488 0.00
2019-05-07_01:00:44 09630 1.040 -5.200 -5.408 7.912 161.600 1278.579 0.00
2019-05-07_01:00:54 09640 1.040 -5.200 -5.408 7.912 146.000 1155.152 0.00
2019-05-07_01:01:04 09650 1.040 -5.200 -5.408 7.880 195.200 1538.176 0.00
2019-05-07_01:01:14 09660 1.040 -5.200 -5.408 7.912 150.400 1189.965 0.00
2019-05-07_01:01:24 09670 1.040 -5.200 -5.408 7.912 172.000 1360.864 0.00
2019-05-07_01:01:34 09680 1.040 -5.200 -5.408 7.880 198.800 1566.544 0.00
2019-05-07_01:01:44 09690 1.040 -5.200 -5.408 7.904 149.200 1179.277 0.00
2019-05-07_01:01:54 09700 1.040 -5.200 -5.408 7.912 147.200 1164.646 0.00
2019-05-07_01:02:04 09710 1.040 -5.200 -5.408 7.912 177.600 1405.171 0.00
2019-05-07_01:02:14 09720 1.040 -5.200 -5.408 7.912 146.800 1161.482 0.00
2019-05-07_01:02:24 09730 1.040 -5.200 -5.408 7.912 146.800 1161.482 0.00
2019-05-07_01:02:34 09740 1.040 -5.200 -5.408 7.912 150.000 1186.800 0.00
2019-05-07_01:02:44 09750 1.040 -5.200 -5.408 7.912 186.000 1471.632 0.00
2019-05-07_01:02:54 09760 1.040 -5.200 -5.408 7.912 148.800 1177.306 0.00
2019-05-07_01:03:04 09770 1.040 -5.200 -5.408 7.912 148.800 1177.306 0.00
2019-05-07_01:03:14 09780 1.040 -5.200 -5.408 7.912 149.200 1180.470 0.00
2019-05-07_01:03:24 09790 1.040 -5.200 -5.408 7.904 188.800 1492.275 0.00
2019-05-07_01:03:34 09800 1.040 -5.200 -5.408 7.912 146.400 1158.317 0.00
2019-05-07_01:03:44 09810 1.040 -5.200 -5.408 7.880 187.600 1478.288 0.00
2019-05-07_01:03:54 09820 1.040 -5.200 -5.408 7.912 146.000 1155.152 0.00
2019-05-07_01:04:04 09830 1.040 -5.200 -5.408 7.896 148.000 1168.608 0.00
2019-05-07_01:04:14 09840 1.040 -5.200 -5.408 7.912 148.400 1174.141 0.00
2019-05-07_01:04:24 09850 1.040 -5.200 -5.408 7.904 148.800 1176.115 0.00
2019-05-07_01:04:34 09860 1.040 -5.200 -5.408 7.912 149.200 1180.470 0.00
2019-05-07_01:04:44 09870 1.040 -5.200 -5.408 7.912 149.200 1180.470 0.00
2019-05-07_01:04:54 09880 1.040 -5.200 -5.408 7.912 146.800 1161.482 0.00
2019-05-07_01:05:04 09890 1.040 -5.200 -5.408 7.912 146.000 1155.152 0.00
2019-05-07_01:05:14 09900 1.040 -5.200 -5.408 7.872 191.200 1505.126 0.00
2019-05-07_01:05:24 09910 1.040 -5.200 -5.408 7.896 146.800 1159.133 0.00
2019-05-07_01:05:34 09920 1.040 -5.200 -5.408 7.896 146.000 1152.816 0.00
2019-05-07_01:05:44 09930 1.040 -5.200 -5.408 7.904 147.600 1166.630 0.00
2019-05-07_01:05:54 09940 1.040 -5.200 -5.408 7.904 149.200 1179.277 0.00
2019-05-07_01:06:04 09950 1.040 -5.200 -5.408 7.904 150.000 1185.600 0.00
2019-05-07_01:06:14 09960 1.040 -5.200 -5.408 7.904 144.400 1141.338 0.00
2019-05-07_01:06:24 09970 1.040 -5.200 -5.408 7.880 186.000 1465.680 0.00
2019-05-07_01:06:34 09980 1.040 -5.200 -5.408 7.904 148.000 1169.792 0.00
2019-05-07_01:06:44 09990 1.040 -5.200 -5.408 7.872 192.000 1511.424 0.00
2019-05-07_01:06:54 10000 1.040 -5.200 -5.408 7.904 146.800 1160.307 0.00
2019-05-07_01:07:04 10010 1.040 -5.200 -5.408 7.904 150.400 1188.762 0.00