2019-05-05_22:46:45 04546 1.040 -5.200 -5.408 7.800 212.000 1653.600 0.00
2019-05-05_22:46:46 04547 1.040 -5.200 -5.408 7.808 212.000 1655.296 0.00
2019-05-05_22:46:47 04548 1.040 -5.200 -5.408 7.808 201.200 1570.970 0.00
2019-05-05_22:46:48 04549 1.040 -5.200 -5.408 7.808 201.200 1570.970 0.00
2019-05-05_22:46:49 04550 1.040 -5.200 -5.408 7.808 200.800 1567.846 0.00
2019-05-05_22:46:50 04551 1.040 -5.200 -5.408 7.808 201.600 1574.093 0.00
2019-05-05_22:46:51 04552 1.040 -5.200 -5.408 7.808 200.800 1567.846 0.00
2019-05-05_22:46:52 04553 1.040 -5.200 -5.408 7.800 200.800 1566.240 0.00
2019-05-05_22:46:53 04554 1.040 -5.200 -5.408 7.808 201.600 1574.093 0.00
2019-05-05_22:46:54 04555 1.040 -5.200 -5.408 7.808 201.200 1570.970 0.00
2019-05-05_22:46:55 04556 1.040 -5.200 -5.408 7.808 202.000 1577.216 0.00
2019-05-05_22:46:56 04557 1.040 -5.200 -5.408 7.808 200.800 1567.846 0.00
2019-05-05_22:46:57 04558 1.040 -5.200 -5.408 7.808 200.400 1564.723 0.00
2019-05-05_22:46:58 04559 1.040 -5.200 -5.408 7.808 200.800 1567.846 0.00
2019-05-05_22:46:59 04560 1.040 -5.200 -5.408 7.808 201.200 1570.970 0.00
2019-05-05_22:47:00 04561 1.040 -5.200 -5.408 7.800 200.800 1566.240 0.00
2019-05-05_22:47:01 04562 1.040 -5.200 -5.408 7.808 201.200 1570.970 0.00
2019-05-05_22:47:02 04563 1.040 -5.200 -5.408 7.808 200.400 1564.723 0.00
2019-05-05_22:47:03 04564 1.040 -5.200 -5.408 7.800 201.200 1569.360 0.00
2019-05-05_22:47:04 04565 1.040 -5.200 -5.408 7.808 200.800 1567.846 0.00
2019-05-05_22:47:05 04566 1.040 -5.200 -5.408 7.808 200.800 1567.846 0.00
2019-05-05_22:47:06 04567 1.040 -5.200 -5.408 7.808 200.800 1567.846 0.00
2019-05-05_22:47:07 04568 1.040 -5.200 -5.408 7.808 200.800 1567.846 0.00
2019-05-05_22:47:08 04569 1.040 -5.200 -5.408 7.808 201.600 1574.093 0.00
2019-05-05_22:47:09 04570 1.040 -5.200 -5.408 7.808 200.400 1564.723 0.00
2019-05-05_22:47:10 04571 1.040 -5.200 -5.408 7.808 200.800 1567.846 0.00
2019-05-05_22:47:11 04572 1.040 -5.200 -5.408 7.800 200.800 1566.240 0.00
2019-05-05_22:47:12 04573 1.040 -5.200 -5.408 7.808 201.200 1570.970 0.00
2019-05-05_22:47:13 04574 1.040 -5.200 -5.408 7.808 200.800 1567.846 0.00
2019-05-05_22:47:14 04575 1.040 -5.200 -5.408 7.808 200.400 1564.723 0.00
2019-05-05_22:47:15 04576 1.040 -5.200 -5.408 7.808 209.200 1633.434 0.00
2019-05-05_22:47:16 04577 1.040 -5.200 -5.408 7.808 202.000 1577.216 0.00
2019-05-05_22:47:17 04578 1.040 -5.200 -5.408 7.808 200.400 1564.723 0.00
2019-05-05_22:47:18 04579 1.040 -5.200 -5.408 7.800 200.400 1563.120 0.00
2019-05-05_22:47:19 04580 1.040 -5.200 -5.408 7.808 201.200 1570.970 0.00
2019-05-05_22:47:20 04581 1.040 -5.200 -5.408 7.808 200.400 1564.723 0.00
2019-05-05_22:47:21 04582 1.040 -5.200 -5.408 7.800 200.400 1563.120 0.00
2019-05-05_22:47:22 04583 1.040 -5.200 -5.408 7.808 212.400 1658.419 0.00
2019-05-05_22:47:23 04584 1.040 -5.200 -5.408 7.808 200.000 1561.600 0.00
2019-05-05_22:47:24 04585 1.040 -5.200 -5.408 7.808 202.800 1583.462 0.00
2019-05-05_22:47:25 04586 1.040 -5.200 -5.408 7.808 200.800 1567.846 0.00
2019-05-05_22:47:26 04587 1.040 -5.200 -5.408 7.808 200.400 1564.723 0.00
2019-05-05_22:47:27 04588 1.040 -5.200 -5.408 7.808 200.800 1567.846 0.00
2019-05-05_22:47:28 04589 1.040 -5.200 -5.408 7.808 200.800 1567.846 0.00
2019-05-05_22:47:29 04590 1.040 -5.200 -5.408 7.808 200.800 1567.846 0.00
2019-05-05_22:47:30 04591 1.040 -5.200 -5.408 7.808 201.200 1570.970 0.00
2019-05-05_22:47:31 04592 1.040 -5.200 -5.408 7.808 200.400 1564.723 0.00
2019-05-05_22:47:32 04593 1.040 -5.200 -5.408 7.808 200.400 1564.723 0.00
2019-05-05_22:47:33 04594 1.040 -5.200 -5.408 7.808 201.600 1574.093 0.00
2019-05-05_22:47:34 04595 1.040 -5.200 -5.408 7.808 200.800 1567.846 0.00
2019-05-05_22:47:35 04596 1.040 -5.200 -5.408 7.800 201.600 1572.480 0.00
2019-05-05_22:47:36 04597 1.040 -5.200 -5.408 7.808 201.200 1570.970 0.00
2019-05-05_22:47:37 04598 1.040 -5.200 -5.408 7.808 201.600 1574.093 0.00
2019-05-05_22:47:38 04599 1.040 -5.200 -5.408 7.808 200.800 1567.846 0.00
2019-05-05_22:47:39 04600 1.040 -5.200 -5.408 7.808 200.800 1567.846 0.00
2019-05-05_22:47:40 04601 1.040 -5.200 -5.408 7.808 200.400 1564.723 0.00
2019-05-05_22:47:41 04602 1.040 -5.200 -5.408 7.808 200.400 1564.723 0.00
2019-05-05_22:47:42 04603 1.040 -5.200 -5.408 7.808 200.400 1564.723 0.00
2019-05-05_22:47:43 04604 1.040 -5.200 -5.408 7.808 201.600 1574.093 0.00
2019-05-05_22:47:44 04605 1.040 -5.200 -5.408 7.808 200.800 1567.846 0.00
2019-05-05_22:47:45 04606 1.040 -5.200 -5.408 7.808 200.800 1567.846 0.00
2019-05-05_22:47:46 04607 1.040 -5.200 -5.408 7.800 200.400 1563.120 0.00
2019-05-05_22:47:47 04608 1.040 -5.200 -5.408 7.808 200.800 1567.846 0.00
2019-05-05_22:47:48 04609 1.040 -5.200 -5.408 7.808 200.800 1567.846 0.00
2019-05-05_22:47:49 04610 1.040 -5.200 -5.408 7.808 200.800 1567.846 0.00
2019-05-05_22:47:50 04611 1.040 -5.200 -5.408 7.800 200.800 1566.240 0.00
2019-05-05_22:47:51 04612 1.040 -5.200 -5.408 7.808 200.800 1567.846 0.00
2019-05-05_22:47:52 04613 1.040 -5.200 -5.408 7.808 201.200 1570.970 0.00
2019-05-05_22:47:53 04614 1.040 -5.200 -5.408 7.808 200.800 1567.846 0.00
2019-05-05_22:47:54 04615 1.040 -5.200 -5.408 7.800 201.200 1569.360 0.00
2019-05-05_22:47:55 04616 1.040 -5.200 -5.408 7.808 200.400 1564.723 0.00
2019-05-05_22:47:56 04617 1.040 -5.200 -5.408 7.808 202.000 1577.216 0.00
2019-05-05_22:47:57 04618 1.040 -5.200 -5.408 7.808 201.200 1570.970 0.00
2019-05-05_22:47:58 04619 1.040 -5.200 -5.408 7.808 200.800 1567.846 0.00
2019-05-05_22:47:59 04620 1.040 -5.200 -5.408 7.808 200.800 1567.846 0.00
2019-05-05_22:48:00 04621 1.040 -5.200 -5.408 7.800 200.400 1563.120 0.00
2019-05-05_22:48:01 04622 1.040 -5.200 -5.408 7.808 200.800 1567.846 0.00
2019-05-05_22:48:02 04623 1.040 -5.200 -5.408 7.808 200.800 1567.846 0.00
2019-05-05_22:48:03 04624 1.040 -5.200 -5.408 7.808 200.400 1564.723 0.00
2019-05-05_22:48:04 04625 1.040 -5.200 -5.408 7.808 204.400 1595.955 0.00
2019-05-05_22:48:05 04626 1.040 -5.200 -5.408 7.808 200.400 1564.723 0.00
2019-05-05_22:48:06 04627 1.040 -5.200 -5.408 7.808 200.800 1567.846 0.00
2019-05-05_22:48:07 04628 1.040 -5.200 -5.408 7.808 200.400 1564.723 0.00
2019-05-05_22:48:08 04629 1.040 -5.200 -5.408 7.800 201.200 1569.360 0.00
2019-05-05_22:48:09 04630 1.040 -5.200 -5.408 7.808 200.800 1567.846 0.00
2019-05-05_22:48:10 04631 11.608 141.600 1643.693 7.984 0.000 0.000 0.02
2019-05-05_22:48:11 04632 11.608 132.000 1532.256 7.984 0.000 0.000 0.04
2019-05-05_22:48:12 04633 11.600 132.400 1535.840 7.984 0.000 0.000 0.06
2019-05-05_22:48:13 04634 11.600 146.000 1693.600 7.976 0.000 0.000 0.08
2019-05-05_22:48:14 04635 11.592 139.200 1613.606 7.968 0.000 0.000 0.10
2019-05-05_22:48:15 04636 11.600 139.600 1619.360 7.976 0.000 0.000 0.12
2019-05-05_22:48:16 04637 11.584 140.800 1631.027 7.976 0.000 0.000 0.14
2019-05-05_22:48:17 04638 11.592 152.000 1761.984 7.976 0.000 0.000 0.16
2019-05-05_22:48:18 04639 11.584 143.600 1663.462 7.968 0.000 0.000 0.18
2019-05-05_22:48:19 04640 11.592 144.400 1673.885 7.976 0.000 0.000 0.20
2019-05-05_22:48:20 04641 11.584 152.000 1760.768 7.976 0.000 0.000 0.22
2019-05-05_22:48:21 04642 11.584 147.200 1705.165 7.976 0.000 0.000 0.24
2019-05-05_22:48:22 04643 11.584 148.400 1719.066 7.976 0.000 0.000 0.26
2019-05-05_22:48:23 04644 11.576 158.800 1838.269 7.976 0.400 3.190 0.28
2019-05-05_22:48:24 04645 11.592 150.000 1738.800 7.984 0.000 0.000 0.30
2019-05-05_22:48:25 04646 11.576 152.000 1759.552 7.976 0.000 0.000 0.32