2019-05-05_02:07:35 00016 11.584 169.600 1964.646 6.704 0.000 0.000 0.62
2019-05-05_02:07:36 00017 11.584 157.200 1821.005 6.912 0.000 0.000 0.64
2019-05-05_02:07:37 00018 11.600 157.200 1823.520 7.152 0.000 0.000 0.66
2019-05-05_02:07:38 00019 11.584 158.800 1839.539 7.368 0.000 0.000 0.68
2019-05-05_02:07:39 00020 11.576 166.800 1930.877 7.584 0.400 3.034 0.70
2019-05-05_02:07:40 00021 11.576 173.200 2004.963 7.776 0.000 0.000 0.72
2019-05-05_02:07:41 00022 11.592 154.400 1789.805 8.016 0.400 3.206 0.74
2019-05-05_02:07:42 00023 11.592 154.400 1789.805 8.216 0.000 0.000 0.76
2019-05-05_02:07:43 00024 11.576 165.200 1912.355 8.432 0.000 0.000 0.75
2019-05-05_02:07:44 00025 11.592 165.600 1919.635 8.328 0.000 0.000 0.75
2019-05-05_02:07:45 00026 11.584 153.200 1774.669 8.328 0.400 3.331 0.75
2019-05-05_02:07:46 00027 11.584 156.400 1811.738 8.352 0.400 3.341 0.75
2019-05-05_02:07:47 00028 11.584 162.800 1885.875 8.360 0.400 3.344 0.75
2019-05-05_02:07:48 00029 11.576 164.400 1903.094 8.368 0.400 3.347 0.76
2019-05-05_02:07:49 00030 11.576 167.200 1935.507 8.376 0.400 3.350 0.76
2019-05-05_02:07:50 00031 11.584 153.200 1774.669 8.384 0.400 3.354 0.76
2019-05-05_02:07:51 00032 11.576 166.400 1926.246 8.392 0.000 0.000 0.76
2019-05-05_02:07:52 00033 11.576 156.400 1810.486 8.408 0.000 0.000 0.75
2019-05-05_02:07:53 00034 11.584 164.400 1904.410 8.304 0.000 0.000 0.75
2019-05-05_02:07:54 00035 11.584 165.200 1913.677 8.320 0.000 0.000 0.75
2019-05-05_02:07:55 00036 11.592 166.800 1933.546 8.320 0.400 3.328 0.75
2019-05-05_02:07:56 00037 11.576 170.800 1977.181 8.328 0.000 0.000 0.75
2019-05-05_02:07:57 00038 11.592 153.200 1775.894 8.352 0.400 3.341 0.75
2019-05-05_02:07:58 00039 11.584 153.200 1774.669 8.360 0.400 3.344 0.75
2019-05-05_02:07:59 00040 11.584 153.200 1774.669 8.368 0.400 3.347 0.76
2019-05-05_02:08:00 00041 11.576 163.200 1889.203 8.376 0.400 3.350 0.76
2019-05-05_02:08:01 00042 11.576 168.800 1954.029 8.376 0.400 3.350 0.76
2019-05-05_02:08:02 00043 11.584 153.200 1774.669 8.392 0.400 3.357 0.76
2019-05-05_02:08:03 00044 11.584 152.800 1770.035 8.408 0.400 3.363 0.75