2019-05-05_21:32:36 00102 2.240 -0.800 -1.792 7.960 201.600 1604.736 0.00
2019-05-05_21:32:37 00103 2.240 -0.800 -1.792 7.976 195.200 1556.915 0.00
2019-05-05_21:32:38 00104 2.240 -0.800 -1.792 7.976 194.400 1550.534 0.00
2019-05-05_21:32:39 00105 2.240 -0.800 -1.792 7.976 194.400 1550.534 0.00
2019-05-05_21:32:40 00106 2.240 -0.800 -1.792 7.976 194.000 1547.344 0.00
2019-05-05_21:32:41 00107 2.240 -0.800 -1.792 7.976 194.400 1550.534 0.00
2019-05-05_21:32:42 00108 2.240 -0.800 -1.792 7.976 194.800 1553.725 0.00
2019-05-05_21:32:43 00109 2.240 -0.800 -1.792 7.960 195.200 1553.792 0.00
2019-05-05_21:32:44 00110 2.240 -0.800 -1.792 7.976 194.000 1547.344 0.00
2019-05-05_21:32:45 00111 2.240 -0.800 -1.792 7.976 194.800 1553.725 0.00
2019-05-05_21:32:46 00112 2.240 -0.400 -0.896 7.976 194.800 1553.725 0.00
2019-05-05_21:32:47 00113 2.240 -0.800 -1.792 7.960 194.400 1547.424 0.00
2019-05-05_21:32:48 00114 2.240 -0.800 -1.792 7.976 211.600 1687.722 0.00
2019-05-05_21:32:49 00115 2.240 -0.800 -1.792 7.976 194.800 1553.725 0.00
2019-05-05_21:32:50 00116 2.240 -0.800 -1.792 7.976 194.400 1550.534 0.00
2019-05-05_21:32:51 00117 2.240 -0.800 -1.792 7.968 194.400 1548.979 0.00
2019-05-05_21:32:52 00118 2.240 -0.800 -1.792 7.976 194.800 1553.725 0.00
2019-05-05_21:32:53 00119 2.240 -0.800 -1.792 7.976 194.800 1553.725 0.00
2019-05-05_21:32:54 00120 2.240 -0.800 -1.792 7.976 194.400 1550.534 0.00
2019-05-05_21:32:55 00121 2.240 -0.400 -0.896 7.960 202.400 1611.104 0.00
2019-05-05_21:32:56 00122 2.240 -0.800 -1.792 7.976 195.200 1556.915 0.00
2019-05-05_21:32:57 00123 2.240 -0.800 -1.792 7.976 195.200 1556.915 0.00
2019-05-05_21:32:58 00124 2.240 -0.800 -1.792 7.960 194.400 1547.424 0.00
2019-05-05_21:32:59 00125 2.240 -0.800 -1.792 7.960 200.000 1592.000 0.00
2019-05-05_21:33:00 00126 2.240 -0.800 -1.792 7.976 194.800 1553.725 0.00
2019-05-05_21:33:01 00127 2.240 -0.800 -1.792 7.976 194.000 1547.344 0.00
2019-05-05_21:33:02 00128 2.240 -0.800 -1.792 7.976 197.600 1576.058 0.00
2019-05-05_21:33:03 00129 2.240 -0.800 -1.792 7.976 195.600 1560.106 0.00
2019-05-05_21:33:04 00130 2.240 -0.800 -1.792 7.976 209.200 1668.579 0.00
2019-05-05_21:33:05 00131 2.240 -0.800 -1.792 7.976 194.800 1553.725 0.00
2019-05-05_21:33:06 00132 2.240 -0.800 -1.792 7.976 194.000 1547.344 0.00
2019-05-05_21:33:07 00133 2.240 -0.800 -1.792 7.976 194.800 1553.725 0.00
2019-05-05_21:33:08 00134 2.240 -0.800 -1.792 7.960 194.400 1547.424 0.00
2019-05-05_21:33:09 00135 2.240 -0.800 -1.792 7.976 194.400 1550.534 0.00
2019-05-05_21:33:10 00136 2.240 -0.800 -1.792 7.976 195.600 1560.106 0.00
2019-05-05_21:33:11 00137 2.240 -0.800 -1.792 7.976 194.400 1550.534 0.00
2019-05-05_21:33:12 00138 2.240 -0.800 -1.792 7.944 218.800 1738.147 0.00
2019-05-05_21:33:13 00139 2.240 -0.800 -1.792 7.968 194.400 1548.979 0.00
2019-05-05_21:33:14 00140 2.240 -0.800 -1.792 7.976 194.800 1553.725 0.00
2019-05-05_21:33:15 00141 2.240 -0.800 -1.792 7.976 194.400 1550.534 0.00
2019-05-05_21:33:16 00142 2.240 -0.800 -1.792 7.960 194.400 1547.424 0.00
2019-05-05_21:33:17 00143 2.240 -0.800 -1.792 7.968 194.400 1548.979 0.00
2019-05-05_21:33:18 00144 2.240 -0.800 -1.792 7.976 194.800 1553.725 0.00
2019-05-05_21:33:19 00145 2.240 -0.800 -1.792 7.976 197.200 1572.867 0.00
2019-05-05_21:33:20 00146 2.240 -0.800 -1.792 7.968 194.400 1548.979 0.00
2019-05-05_21:33:21 00147 2.240 -0.800 -1.792 7.968 209.600 1670.093 0.00
2019-05-05_21:33:22 00148 2.240 -0.800 -1.792 7.976 194.800 1553.725 0.00
2019-05-05_21:33:23 00149 2.240 -0.800 -1.792 7.976 194.000 1547.344 0.00
2019-05-05_21:33:24 00150 2.240 -0.800 -1.792 7.976 194.400 1550.534 0.00
2019-05-05_21:33:25 00151 2.240 -0.800 -1.792 7.960 193.200 1537.872 0.00
2019-05-05_21:33:26 00152 2.240 -0.800 -1.792 7.976 194.000 1547.344 0.00
2019-05-05_21:33:27 00153 2.240 -0.800 -1.792 7.952 220.400 1752.621 0.00
2019-05-05_21:33:28 00154 2.240 -0.800 -1.792 7.976 195.200 1556.915 0.00
2019-05-05_21:33:29 00155 2.240 -0.800 -1.792 7.960 192.000 1528.320 0.00
2019-05-05_21:33:30 00156 2.240 -0.800 -1.792 7.968 198.800 1584.038 0.00
2019-05-05_21:33:31 00157 2.240 -0.800 -1.792 7.968 194.000 1545.792 0.00
2019-05-05_21:33:32 00158 2.240 -0.800 -1.792 7.976 194.000 1547.344 0.00
2019-05-05_21:33:33 00159 2.240 -0.800 -1.792 7.976 192.400 1534.582 0.00
2019-05-05_21:33:34 00160 2.240 -0.800 -1.792 7.976 205.200 1636.675 0.00
2019-05-05_21:33:35 00161 2.240 -0.800 -1.792 7.976 194.400 1550.534 0.00
2019-05-05_21:33:36 00162 2.240 -0.800 -1.792 7.976 192.800 1537.773 0.00
2019-05-05_21:33:37 00163 2.240 -0.800 -1.792 7.976 192.400 1534.582 0.00
2019-05-05_21:33:38 00164 2.240 -0.800 -1.792 7.968 193.600 1542.605 0.00
2019-05-05_21:33:39 00165 2.240 -0.800 -1.792 7.960 201.200 1601.552 0.00
2019-05-05_21:33:40 00166 2.240 -0.800 -1.792 7.976 192.400 1534.582 0.00
2019-05-05_21:33:41 00167 2.240 -0.800 -1.792 7.976 192.400 1534.582 0.00
2019-05-05_21:33:42 00168 2.240 -0.800 -1.792 7.952 217.600 1730.355 0.00
2019-05-05_21:33:43 00169 2.240 -0.800 -1.792 7.960 194.400 1547.424 0.00
2019-05-05_21:33:44 00170 2.240 -0.800 -1.792 7.976 210.400 1678.150 0.00
2019-05-05_21:33:45 00171 2.240 -0.800 -1.792 7.976 191.600 1528.202 0.00
2019-05-05_21:33:46 00172 2.240 -0.800 -1.792 7.976 194.400 1550.534 0.00
2019-05-05_21:33:47 00173 2.240 -0.800 -1.792 7.968 194.800 1552.166 0.00
2019-05-05_21:33:48 00174 2.240 -0.800 -1.792 7.976 210.800 1681.341 0.00
2019-05-05_21:33:49 00175 2.240 -0.800 -1.792 7.968 193.600 1542.605 0.00
2019-05-05_21:33:50 00176 2.240 -0.800 -1.792 7.968 195.200 1555.354 0.00
2019-05-05_21:33:51 00177 2.240 -0.800 -1.792 7.968 194.800 1552.166 0.00
2019-05-05_21:33:52 00178 2.240 -0.800 -1.792 7.960 198.800 1582.448 0.00
2019-05-05_21:33:53 00179 2.240 -0.800 -1.792 7.976 194.400 1550.534 0.00
2019-05-05_21:33:54 00180 2.240 -0.800 -1.792 7.976 194.800 1553.725 0.00
2019-05-05_21:33:55 00181 2.240 -0.800 -1.792 7.968 195.200 1555.354 0.00
2019-05-05_21:33:56 00182 2.240 -0.800 -1.792 7.968 194.800 1552.166 0.00
2019-05-05_21:33:57 00183 2.240 -0.800 -1.792 7.976 209.600 1671.770 0.00
2019-05-05_21:33:58 00184 2.240 -0.800 -1.792 7.968 195.200 1555.354 0.00
2019-05-05_21:33:59 00185 2.240 -0.800 -1.792 7.976 194.000 1547.344 0.00
2019-05-05_21:34:00 00186 2.240 -0.800 -1.792 7.976 194.800 1553.725 0.00
2019-05-05_21:34:01 00187 2.240 -0.800 -1.792 7.952 200.800 1596.762 0.00
2019-05-05_21:34:02 00188 2.240 -0.800 -1.792 7.976 194.800 1553.725 0.00
2019-05-05_21:34:03 00189 2.240 -0.800 -1.792 7.968 194.000 1545.792 0.00
2019-05-05_21:34:04 00190 2.240 -0.800 -1.792 7.968 194.400 1548.979 0.00
2019-05-05_21:34:05 00191 2.240 -0.800 -1.792 7.968 196.000 1561.728 0.00
2019-05-05_21:34:06 00192 2.240 -0.800 -1.792 7.960 194.800 1550.608 0.00
2019-05-05_21:34:07 00193 2.240 -0.800 -1.792 7.968 196.000 1561.728 0.00
2019-05-05_21:34:08 00194 2.240 -0.800 -1.792 7.968 196.800 1568.102 0.00
2019-05-05_21:34:09 00195 2.240 -0.800 -1.792 7.968 194.400 1548.979 0.00
2019-05-05_21:34:10 00196 2.240 -0.800 -1.792 7.968 196.800 1568.102 0.00
2019-05-05_21:34:11 00197 2.240 -0.800 -1.792 7.960 195.200 1553.792 0.00
2019-05-05_21:34:12 00198 2.240 -0.800 -1.792 7.968 195.200 1555.354 0.00
2019-05-05_21:34:13 00199 2.240 -0.800 -1.792 7.968 194.400 1548.979 0.00
2019-05-05_21:34:14 00200 2.240 -0.800 -1.792 7.968 194.400 1548.979 0.00
2019-05-05_21:34:15 00201 2.240 -0.800 -1.792 7.968 205.200 1635.034 0.00
2019-05-05_21:34:16 00202 2.240 -0.800 -1.792 7.968 194.800 1552.166 0.00