2019-05-04_01:48:35 00102 16.600 348.400 5783.440 8.392 -393.200 -3299.734 0.57
2019-05-04_01:48:36 00103 16.592 355.600 5900.115 8.392 -402.000 -3373.584 0.57
2019-05-04_01:48:37 00104 16.584 354.800 5884.003 8.408 -402.400 -3383.379 0.56
2019-05-04_01:48:38 00105 16.664 294.400 4905.882 8.344 -311.600 -2599.990 0.56
2019-05-04_01:48:39 00106 16.656 300.000 4996.800 8.352 -312.000 -2605.824 0.56
2019-05-04_01:48:40 00107 16.624 324.000 5386.176 8.352 -312.000 -2605.824 0.57
2019-05-04_01:48:41 00108 16.640 315.200 5244.928 8.360 -330.000 -2758.800 0.57
2019-05-04_01:48:42 00109 16.632 318.000 5288.976 8.360 -346.800 -2899.248 0.57
2019-05-04_01:48:43 00110 16.624 323.200 5372.877 8.376 -346.000 -2898.096 0.57
2019-05-04_01:48:44 00111 16.608 335.600 5573.645 8.376 -370.000 -3099.120 0.57
2019-05-04_01:48:45 00112 16.600 343.200 5697.120 8.384 -377.600 -3165.798 0.57
2019-05-04_01:48:46 00113 16.608 343.200 5699.866 8.392 -388.400 -3259.453 0.57
2019-05-04_01:48:47 00114 16.592 349.200 5793.926 8.400 -402.400 -3380.160 0.57
2019-05-04_01:48:48 00115 16.584 360.400 5976.874 8.408 -410.800 -3454.006 0.56
2019-05-04_01:48:49 00116 16.656 299.200 4983.475 8.344 -311.200 -2596.653 0.56
2019-05-04_01:48:50 00117 16.664 300.000 4999.200 8.352 -315.200 -2632.550 0.56
2019-05-04_01:48:51 00118 16.648 305.600 5087.629 8.360 -326.400 -2728.704 0.57
2019-05-04_01:48:52 00119 16.640 314.000 5224.960 8.360 -327.600 -2738.736 0.57
2019-05-04_01:48:53 00120 16.624 321.200 5339.629 8.368 -349.200 -2922.106 0.57
2019-05-04_01:48:54 00121 16.624 323.200 5372.877 8.368 -338.400 -2831.731 0.57
2019-05-04_01:48:55 00122 16.616 330.800 5496.573 8.376 -358.000 -2998.608 0.57
2019-05-04_01:48:56 00123 16.600 341.600 5670.560 8.384 -370.400 -3105.434 0.57
2019-05-04_01:48:57 00124 16.600 349.600 5803.360 8.392 -394.400 -3309.805 0.57
2019-05-04_01:48:58 00125 16.592 349.200 5793.926 8.400 -405.600 -3407.040 0.57
2019-05-04_01:48:59 00126 16.584 356.000 5903.904 8.408 -408.000 -3430.464 0.56
2019-05-04_01:49:00 00127 16.656 298.000 4963.488 8.352 -312.800 -2612.506 0.56
2019-05-04_01:49:01 00128 16.648 304.400 5067.651 8.352 -313.200 -2615.846 0.56
2019-05-04_01:49:02 00129 16.648 305.600 5087.629 8.352 -320.800 -2679.322 0.57
2019-05-04_01:49:03 00130 16.648 311.200 5180.858 8.360 -328.000 -2742.080 0.57
2019-05-04_01:49:04 00131 16.632 315.600 5249.059 8.368 -350.000 -2928.800 0.57
2019-05-04_01:49:05 00132 16.624 324.800 5399.475 8.376 -342.400 -2867.942 0.57
2019-05-04_01:49:06 00133 16.608 334.800 5560.358 8.384 -345.600 -2897.510 0.57
2019-05-04_01:49:07 00134 16.600 342.000 5677.200 8.392 -373.200 -3131.894 0.57
2019-05-04_01:49:08 00135 16.600 342.400 5683.840 8.392 -394.400 -3309.805 0.57
2019-05-04_01:49:09 00136 16.600 348.800 5790.080 8.408 -405.600 -3410.285 0.56
2019-05-04_01:49:10 00137 16.664 288.000 4799.232 8.344 -301.200 -2513.213 0.56
2019-05-04_01:49:11 00138 16.648 306.000 5094.288 8.344 -304.800 -2543.251 0.56
2019-05-04_01:49:12 00139 16.656 299.200 4983.475 8.352 -315.600 -2635.891 0.56
2019-05-04_01:49:13 00140 16.648 305.600 5087.629 8.360 -322.000 -2691.920 0.57
2019-05-04_01:49:14 00141 16.632 314.000 5222.448 8.360 -328.000 -2742.080 0.57
2019-05-04_01:49:15 00142 16.624 321.200 5339.629 8.368 -349.200 -2922.106 0.57
2019-05-04_01:49:16 00143 16.632 322.800 5368.810 8.376 -342.000 -2864.592 0.57
2019-05-04_01:49:17 00144 16.616 330.400 5489.926 8.384 -355.200 -2977.997 0.57
2019-05-04_01:49:18 00145 16.608 335.600 5573.645 8.392 -374.000 -3138.608 0.57
2019-05-04_01:49:19 00146 16.600 344.000 5710.400 8.400 -390.000 -3276.000 0.57
2019-05-04_01:49:20 00147 16.592 353.200 5860.294 8.408 -404.800 -3403.558 0.56
2019-05-04_01:49:21 00148 16.664 293.200 4885.885 8.344 -302.400 -2523.226 0.56
2019-05-04_01:49:22 00149 16.664 302.800 5045.859 8.352 -309.600 -2585.779 0.56
2019-05-04_01:49:23 00150 16.656 298.800 4976.813 8.352 -314.000 -2622.528 0.56
2019-05-04_01:49:24 00151 16.648 305.200 5080.970 8.360 -323.200 -2701.952 0.57
2019-05-04_01:49:25 00152 16.640 314.000 5224.960 8.368 -335.600 -2808.301 0.57
2019-05-04_01:49:26 00153 16.624 320.800 5332.979 8.376 -352.800 -2955.053 0.57
2019-05-04_01:49:27 00154 16.616 327.600 5443.402 8.376 -337.200 -2824.387 0.57
2019-05-04_01:49:28 00155 16.616 330.400 5489.926 8.384 -351.600 -2947.814 0.57
2019-05-04_01:49:29 00156 16.608 336.000 5580.288 8.392 -384.000 -3222.528 0.57
2019-05-04_01:49:30 00157 16.600 342.400 5683.840 8.400 -388.400 -3262.560 0.57
2019-05-04_01:49:31 00158 16.592 354.000 5873.568 8.408 -398.000 -3346.384 0.56
2019-05-04_01:49:32 00159 16.664 293.200 4885.885 8.352 -301.200 -2515.622 0.56
2019-05-04_01:49:33 00160 16.664 293.600 4892.550 8.352 -310.000 -2589.120 0.56
2019-05-04_01:49:34 00161 16.656 299.600 4990.138 8.360 -310.800 -2598.288 0.56
2019-05-04_01:49:35 00162 16.640 306.400 5098.496 8.360 -315.600 -2638.416 0.57
2019-05-04_01:49:36 00163 16.632 314.000 5222.448 8.368 -326.000 -2727.968 0.57
2019-05-04_01:49:37 00164 16.624 321.200 5339.629 8.368 -341.600 -2858.509 0.57
2019-05-04_01:49:38 00165 16.624 322.400 5359.578 8.376 -339.600 -2844.490 0.57
2019-05-04_01:49:39 00166 16.616 330.400 5489.926 8.384 -361.200 -3028.301 0.57
2019-05-04_01:49:40 00167 16.608 336.400 5586.931 8.392 -373.600 -3135.251 0.57
2019-05-04_01:49:41 00168 16.592 347.200 5760.742 8.400 -391.200 -3286.080 0.57
2019-05-04_01:49:42 00169 16.592 353.600 5866.931 8.408 -400.000 -3363.200 0.56
2019-05-04_01:49:43 00170 16.664 292.800 4879.219 8.344 -300.000 -2503.200 0.56
2019-05-04_01:49:44 00171 16.664 293.200 4885.885 8.352 -312.800 -2612.506 0.56
2019-05-04_01:49:45 00172 16.656 299.200 4983.475 8.360 -315.600 -2638.416 0.56
2019-05-04_01:49:46 00173 16.648 305.200 5080.970 8.360 -322.400 -2695.264 0.57
2019-05-04_01:49:47 00174 16.632 313.600 5215.795 8.368 -334.800 -2801.606 0.57
2019-05-04_01:49:48 00175 16.640 316.800 5271.552 8.368 -351.600 -2942.189 0.57
2019-05-04_01:49:49 00176 16.632 321.600 5348.851 8.376 -332.800 -2787.533 0.57
2019-05-04_01:49:50 00177 16.616 329.200 5469.987 8.384 -369.600 -3098.726 0.57
2019-05-04_01:49:51 00178 16.608 337.600 5606.861 8.392 -377.600 -3168.819 0.57
2019-05-04_01:49:52 00179 16.600 347.600 5770.160 8.400 -389.200 -3269.280 0.57
2019-05-04_01:49:53 00180 16.592 354.800 5886.842 8.408 -402.000 -3380.016 0.56
2019-05-04_01:49:54 00181 16.680 286.800 4783.824 8.352 -300.800 -2512.282 0.56
2019-05-04_01:49:55 00182 16.664 292.800 4879.219 8.352 -312.000 -2605.824 0.56
2019-05-04_01:49:56 00183 16.656 298.800 4976.813 8.360 -314.000 -2625.040 0.56
2019-05-04_01:49:57 00184 16.648 307.200 5114.266 8.360 -326.400 -2728.704 0.57
2019-05-04_01:49:58 00185 16.640 313.200 5211.648 8.368 -331.600 -2774.829 0.57
2019-05-04_01:49:59 00186 16.640 316.400 5264.896 8.376 -339.600 -2844.490 0.57
2019-05-04_01:50:00 00187 16.632 321.600 5348.851 8.384 -339.200 -2843.853 0.57
2019-05-04_01:50:01 00188 16.616 330.000 5483.280 8.392 -352.000 -2953.984 0.57
2019-05-04_01:50:02 00189 16.608 341.200 5666.650 8.400 -377.600 -3171.840 0.57
2019-05-04_01:50:03 00190 16.608 348.000 5779.584 8.400 -385.200 -3235.680 0.57
2019-05-04_01:50:04 00191 16.600 348.000 5776.800 8.408 -402.800 -3386.742 0.56
2019-05-04_01:50:05 00192 16.672 288.000 4801.536 8.352 -300.000 -2505.600 0.56
2019-05-04_01:50:06 00193 16.664 297.200 4952.541 8.352 -309.600 -2585.779 0.56
2019-05-04_01:50:07 00194 16.656 304.000 5063.424 8.352 -314.000 -2622.528 0.56
2019-05-04_01:50:08 00195 16.656 304.400 5070.086 8.368 -318.400 -2664.371 0.57
2019-05-04_01:50:09 00196 16.632 312.800 5202.490 8.368 -325.200 -2721.274 0.57
2019-05-04_01:50:10 00197 16.632 320.000 5322.240 8.376 -342.400 -2867.942 0.57
2019-05-04_01:50:11 00198 16.632 321.600 5348.851 8.384 -336.400 -2820.378 0.57
2019-05-04_01:50:12 00199 16.616 330.000 5483.280 8.392 -369.600 -3101.683 0.57
2019-05-04_01:50:13 00200 16.600 336.800 5590.880 8.392 -370.800 -3111.754 0.57
2019-05-04_01:50:14 00201 16.600 347.200 5763.520 8.400 -390.800 -3282.720 0.57
2019-05-04_01:50:15 00202 16.592 352.800 5853.658 8.408 -406.800 -3420.374 0.56