2019-05-05_23:00:14 05354 11.312 473.200 5352.838 8.360 -384.800 -3216.928 0.82
2019-05-05_23:00:15 05355 11.288 493.600 5571.757 8.360 -376.400 -3146.704 0.82
2019-05-05_23:00:16 05356 11.304 485.200 5484.701 8.368 -393.600 -3293.645 0.82
2019-05-05_23:00:17 05357 11.288 496.400 5603.363 8.376 -399.200 -3343.699 0.82
2019-05-05_23:00:18 05358 11.304 498.400 5633.914 8.384 -405.200 -3397.197 0.83
2019-05-05_23:00:19 05359 11.296 504.000 5693.184 8.384 -414.400 -3474.330 0.83
2019-05-05_23:00:20 05360 11.288 505.600 5707.213 8.392 -416.400 -3494.429 0.83
2019-05-05_23:00:21 05361 11.304 496.800 5615.827 8.400 -432.000 -3628.800 0.83
2019-05-05_23:00:22 05362 11.288 512.800 5788.486 8.400 -430.800 -3618.720 0.83
2019-05-05_23:00:23 05363 11.288 520.800 5878.790 8.408 -438.400 -3686.067 0.82
2019-05-05_23:00:24 05364 11.304 481.200 5439.485 8.352 -372.400 -3110.285 0.82
2019-05-05_23:00:25 05365 11.312 476.800 5393.562 8.352 -380.400 -3177.101 0.82
2019-05-05_23:00:26 05366 11.312 476.400 5389.037 8.360 -386.400 -3230.304 0.82
2019-05-05_23:00:27 05367 11.312 468.000 5294.016 8.368 -398.400 -3333.811 0.82
2019-05-05_23:00:28 05368 11.312 477.600 5402.611 8.376 -402.400 -3370.502 0.82
2019-05-05_23:00:29 05369 11.296 497.600 5620.890 8.376 -406.800 -3407.357 0.83
2019-05-05_23:00:30 05370 11.296 504.400 5697.702 8.384 -410.800 -3444.147 0.83
2019-05-05_23:00:31 05371 11.288 505.200 5702.698 8.392 -418.400 -3511.213 0.83
2019-05-05_23:00:32 05372 11.304 496.000 5606.784 8.400 -434.800 -3652.320 0.83
2019-05-05_23:00:33 05373 11.296 500.400 5652.518 8.408 -439.600 -3696.157 0.82
2019-05-05_23:00:34 05374 11.328 446.800 5061.350 8.344 -372.000 -3103.968 0.82
2019-05-05_23:00:35 05375 11.304 478.800 5412.355 8.352 -358.800 -2996.698 0.82
2019-05-05_23:00:36 05376 11.304 500.400 5656.522 8.336 -349.600 -2914.266 0.82
2019-05-05_23:00:37 05377 11.312 481.600 5447.859 8.360 -387.600 -3240.336 0.82
2019-05-05_23:00:38 05378 11.304 483.600 5466.614 8.368 -390.800 -3270.214 0.82
2019-05-05_23:00:39 05379 11.296 486.400 5494.374 8.368 -397.200 -3323.770 0.82
2019-05-05_23:00:40 05380 11.304 495.600 5602.262 8.376 -406.400 -3404.006 0.83
2019-05-05_23:00:41 05381 11.296 500.400 5652.518 8.384 -407.600 -3417.318 0.83
2019-05-05_23:00:42 05382 11.296 503.200 5684.147 8.392 -415.200 -3484.358 0.83
2019-05-05_23:00:43 05383 11.288 512.800 5788.486 8.400 -424.000 -3561.600 0.83
2019-05-05_23:00:44 05384 11.288 516.400 5829.123 8.408 -428.000 -3598.624 0.82
2019-05-05_23:00:45 05385 11.320 466.000 5275.120 8.352 -369.200 -3083.558 0.82
2019-05-05_23:00:46 05386 11.320 468.400 5302.288 8.352 -370.800 -3096.922 0.82
2019-05-05_23:00:47 05387 11.312 472.800 5348.314 8.360 -380.800 -3183.488 0.82
2019-05-05_23:00:48 05388 11.312 480.000 5429.760 8.352 -378.000 -3157.056 0.82
2019-05-05_23:00:49 05389 11.304 482.800 5457.571 8.368 -380.800 -3186.534 0.82
2019-05-05_23:00:50 05390 11.304 474.800 5367.139 8.376 -409.600 -3430.810 0.82
2019-05-05_23:00:51 05391 11.296 490.400 5539.558 8.368 -391.200 -3273.562 0.83
2019-05-05_23:00:52 05392 11.304 502.800 5683.651 8.392 -409.600 -3437.363 0.83
2019-05-05_23:00:53 05393 11.288 505.200 5702.698 8.392 -416.400 -3494.429 0.83
2019-05-05_23:00:54 05394 11.272 529.200 5965.142 8.384 -398.400 -3340.186 0.83
2019-05-05_23:00:55 05395 11.296 513.200 5797.107 8.408 -430.800 -3622.166 0.82
2019-05-05_23:00:56 05396 11.336 446.000 5055.856 8.352 -376.400 -3143.693 0.82
2019-05-05_23:00:57 05397 11.312 473.200 5352.838 8.352 -366.800 -3063.514 0.82
2019-05-05_23:00:58 05398 11.312 472.400 5343.789 8.360 -380.400 -3180.144 0.82
2019-05-05_23:00:59 05399 11.312 478.400 5411.661 8.368 -384.400 -3216.659 0.82
2019-05-05_23:01:00 05400 11.304 484.000 5471.136 8.368 -389.200 -3256.826 0.82
2019-05-05_23:01:01 05401 11.304 486.000 5493.744 8.376 -397.600 -3330.298 0.82
2019-05-05_23:01:02 05402 11.304 494.400 5588.698 8.376 -397.600 -3330.298 0.83
2019-05-05_23:01:03 05403 11.296 513.200 5797.107 8.384 -397.600 -3333.478 0.83
2019-05-05_23:01:04 05404 11.296 507.200 5729.331 8.392 -415.200 -3484.358 0.83
2019-05-05_23:01:05 05405 11.304 494.000 5584.176 8.400 -432.800 -3635.520 0.83
2019-05-05_23:01:06 05406 11.280 516.400 5824.992 8.400 -428.000 -3595.200 0.83
2019-05-05_23:01:07 05407 11.288 516.800 5833.638 8.408 -432.800 -3638.982 0.82
2019-05-05_23:01:08 05408 11.312 467.600 5289.491 8.352 -369.200 -3083.558 0.82
2019-05-05_23:01:09 05409 11.296 489.200 5526.003 8.352 -361.200 -3016.742 0.82
2019-05-05_23:01:10 05410 11.312 479.600 5425.235 8.360 -384.400 -3213.584 0.82
2019-05-05_23:01:11 05411 11.312 480.000 5429.760 8.376 -389.600 -3263.290 0.82
2019-05-05_23:01:12 05412 11.312 471.600 5334.739 8.376 -404.400 -3387.254 0.82
2019-05-05_23:01:13 05413 11.288 512.400 5783.971 8.376 -400.800 -3357.101 0.83
2019-05-05_23:01:14 05414 11.304 502.000 5674.608 8.392 -414.000 -3474.288 0.83
2019-05-05_23:01:15 05415 11.296 502.000 5670.592 8.392 -417.600 -3504.499 0.83
2019-05-05_23:01:16 05416 11.288 512.400 5783.971 8.400 -424.000 -3561.600 0.83
2019-05-05_23:01:17 05417 11.304 501.200 5665.565 8.416 -440.800 -3709.773 0.82
2019-05-05_23:01:18 05418 11.320 472.000 5343.040 8.352 -361.200 -3016.742 0.82
2019-05-05_23:01:19 05419 11.312 471.200 5330.214 8.352 -374.000 -3123.648 0.82
2019-05-05_23:01:20 05420 11.320 470.400 5324.928 8.360 -376.400 -3146.704 0.82
2019-05-05_23:01:21 05421 11.320 475.600 5383.792 8.368 -382.000 -3196.576 0.82
2019-05-05_23:01:22 05422 11.304 490.800 5548.003 8.368 -383.200 -3206.618 0.82
2019-05-05_23:01:23 05423 11.304 485.200 5484.701 8.376 -394.400 -3303.494 0.82
2019-05-05_23:01:24 05424 11.304 497.200 5620.349 8.384 -405.600 -3400.550 0.83
2019-05-05_23:01:25 05425 11.288 511.200 5770.426 8.376 -398.000 -3333.648 0.83
2019-05-05_23:01:26 05426 11.296 504.400 5697.702 8.392 -414.000 -3474.288 0.83
2019-05-05_23:01:27 05427 11.296 510.800 5769.997 8.400 -425.200 -3571.680 0.83
2019-05-05_23:01:28 05428 11.280 525.200 5924.256 8.400 -421.600 -3541.440 0.83
2019-05-05_23:01:29 05429 11.288 519.600 5865.245 8.416 -434.000 -3652.544 0.82
2019-05-05_23:01:30 05430 11.328 469.600 5319.629 8.352 -374.400 -3126.989 0.82
2019-05-05_23:01:31 05431 11.320 470.400 5324.928 8.360 -374.800 -3133.328 0.82
2019-05-05_23:01:32 05432 11.312 474.800 5370.938 8.368 -382.000 -3196.576 0.82
2019-05-05_23:01:33 05433 11.304 492.400 5566.090 8.368 -382.000 -3196.576 0.82
2019-05-05_23:01:34 05434 11.304 486.400 5498.266 8.376 -395.200 -3310.195 0.82
2019-05-05_23:01:35 05435 11.288 502.800 5675.606 8.384 -394.800 -3310.003 0.83
2019-05-05_23:01:36 05436 11.296 498.800 5634.445 8.392 -411.600 -3454.147 0.83
2019-05-05_23:01:37 05437 11.288 500.800 5653.030 8.392 -416.400 -3494.429 0.83
2019-05-05_23:01:38 05438 11.288 510.400 5761.395 8.400 -419.200 -3521.280 0.83
2019-05-05_23:01:39 05439 11.296 511.600 5779.034 8.408 -426.000 -3581.808 0.82
2019-05-05_23:01:40 05440 11.328 451.200 5111.194 8.352 -367.600 -3070.195 0.82
2019-05-05_23:01:41 05441 11.320 465.600 5270.592 8.352 -370.400 -3093.581 0.82
2019-05-05_23:01:42 05442 11.312 471.600 5334.739 8.360 -376.000 -3143.360 0.82
2019-05-05_23:01:43 05443 11.312 474.000 5361.888 8.368 -383.600 -3209.965 0.82
2019-05-05_23:01:44 05444 11.312 484.400 5479.533 8.376 -390.800 -3273.341 0.82
2019-05-05_23:01:45 05445 11.304 487.200 5507.309 8.376 -394.000 -3300.144 0.82
2019-05-05_23:01:46 05446 11.304 495.200 5597.741 8.384 -405.200 -3397.197 0.83
2019-05-05_23:01:47 05447 11.296 501.200 5661.555 8.392 -406.400 -3410.509 0.83
2019-05-05_23:01:48 05448 11.288 501.200 5657.546 8.392 -415.200 -3484.358 0.83
2019-05-05_23:01:49 05449 11.304 494.000 5584.176 8.408 -432.000 -3632.256 0.82
2019-05-05_23:01:50 05450 11.328 456.000 5165.568 8.344 -354.400 -2957.114 0.82
2019-05-05_23:01:51 05451 11.296 489.200 5526.003 8.336 -338.400 -2820.902 0.82
2019-05-05_23:01:52 05452 11.320 465.200 5266.064 8.352 -369.600 -3086.899 0.82
2019-05-05_23:01:53 05453 11.312 473.200 5352.838 8.360 -374.400 -3129.984 0.82
2019-05-05_23:01:54 05454 11.304 478.400 5407.834 8.368 -379.600 -3176.493 0.82