2019-05-05_02:13:07 00348 11.584 158.000 1830.272 8.344 0.000 0.000 0.75
2019-05-05_02:13:08 00349 11.584 164.000 1899.776 8.360 0.000 0.000 0.75
2019-05-05_02:13:09 00350 11.592 153.200 1775.894 8.368 0.400 3.347 0.76
2019-05-05_02:13:10 00351 11.584 153.200 1774.669 8.376 0.400 3.350 0.76
2019-05-05_02:13:11 00352 11.576 161.200 1866.051 8.392 0.400 3.357 0.76
2019-05-05_02:13:12 00353 11.576 164.400 1903.094 8.400 0.000 0.000 0.76
2019-05-05_02:13:13 00354 11.584 153.200 1774.669 8.408 0.400 3.363 0.75
2019-05-05_02:13:14 00355 11.600 153.200 1777.120 8.304 0.000 0.000 0.75
2019-05-05_02:13:15 00356 11.592 155.200 1799.078 8.312 0.000 0.000 0.75
2019-05-05_02:13:16 00357 11.584 163.200 1890.509 8.328 0.400 3.331 0.75
2019-05-05_02:13:17 00358 11.592 153.600 1780.531 8.336 0.400 3.334 0.75
2019-05-05_02:13:18 00359 11.592 153.200 1775.894 8.352 0.400 3.341 0.75
2019-05-05_02:13:19 00360 11.584 153.200 1774.669 8.360 0.000 0.000 0.75
2019-05-05_02:13:20 00361 11.576 164.000 1898.464 8.368 0.400 3.347 0.76
2019-05-05_02:13:21 00362 11.584 153.200 1774.669 8.376 0.000 0.000 0.76
2019-05-05_02:13:22 00363 11.584 153.200 1774.669 8.384 0.400 3.354 0.76
2019-05-05_02:13:23 00364 11.584 153.600 1779.302 8.400 0.400 3.360 0.76
2019-05-05_02:13:24 00365 11.576 158.400 1833.638 8.408 0.400 3.363 0.75
2019-05-05_02:13:25 00366 11.592 163.200 1891.814 8.304 0.000 0.000 0.75
2019-05-05_02:13:26 00367 11.600 153.200 1777.120 8.312 0.000 0.000 0.75
2019-05-05_02:13:27 00368 11.592 153.600 1780.531 8.328 0.400 3.331 0.75
2019-05-05_02:13:28 00369 11.584 161.600 1871.974 8.336 0.400 3.334 0.75
2019-05-05_02:13:29 00370 11.592 164.400 1905.725 8.344 0.400 3.338 0.75
2019-05-05_02:13:30 00371 11.592 153.200 1775.894 8.352 0.400 3.341 0.75
2019-05-05_02:13:31 00372 11.592 153.600 1780.531 8.368 0.000 0.000 0.76
2019-05-05_02:13:32 00373 11.576 158.000 1829.008 8.376 0.400 3.350 0.76
2019-05-05_02:13:33 00374 11.584 164.400 1904.410 8.392 0.400 3.357 0.76
2019-05-05_02:13:34 00375 11.584 153.600 1779.302 8.392 0.000 0.000 0.76
2019-05-05_02:13:35 00376 11.584 153.200 1774.669 8.408 0.400 3.363 0.75
2019-05-05_02:13:36 00377 11.592 154.000 1785.168 8.304 0.000 0.000 0.75
2019-05-05_02:13:37 00378 11.584 164.400 1904.410 8.312 0.000 0.000 0.75
2019-05-05_02:13:38 00379 11.592 154.000 1785.168 8.320 0.400 3.328 0.75
2019-05-05_02:13:39 00380 11.592 153.200 1775.894 8.328 0.400 3.331 0.75
2019-05-05_02:13:40 00381 11.584 161.600 1871.974 8.344 0.400 3.338 0.75
2019-05-05_02:13:41 00382 11.576 164.800 1907.725 8.352 0.400 3.341 0.75
2019-05-05_02:13:42 00383 11.584 169.600 1964.646 8.368 0.400 3.347 0.76
2019-05-05_02:13:43 00384 11.584 156.000 1807.104 8.376 0.400 3.350 0.76
2019-05-05_02:13:44 00385 11.584 156.400 1811.738 8.376 0.000 0.000 0.76
2019-05-05_02:13:45 00386 11.584 154.800 1793.203 8.392 0.400 3.357 0.76
2019-05-05_02:13:46 00387 11.576 160.400 1856.790 8.408 0.400 3.363 0.75
2019-05-05_02:13:47 00388 11.584 168.800 1955.379 8.296 0.400 3.318 0.77
2019-05-05_02:13:48 00389 11.568 168.800 1952.678 8.536 0.000 0.000 0.76
2019-05-05_02:13:49 00390 11.552 198.000 2287.296 8.392 0.400 3.357 0.76
2019-05-05_02:13:50 00391 11.568 170.400 1971.187 8.408 0.000 0.000 0.75
2019-05-05_02:13:51 00392 11.584 170.000 1969.280 8.304 0.000 0.000 0.75
2019-05-05_02:13:52 00393 11.584 164.000 1899.776 8.312 0.400 3.325 0.75
2019-05-05_02:13:53 00394 11.584 166.400 1927.578 8.328 0.000 0.000 0.75
2019-05-05_02:13:54 00395 11.576 170.400 1972.550 8.336 0.000 0.000 0.75
2019-05-05_02:13:55 00396 11.584 161.600 1871.974 8.352 0.400 3.341 0.75
2019-05-05_02:13:56 00397 11.576 170.400 1972.550 8.360 0.400 3.344 0.76
2019-05-05_02:13:57 00398 11.560 196.400 2270.384 8.352 0.000 0.000 0.76
2019-05-05_02:13:58 00399 11.552 199.200 2301.158 8.368 0.000 0.000 0.76
2019-05-05_02:13:59 00400 11.552 198.400 2291.917 8.376 0.400 3.350 0.76
2019-05-05_02:14:00 00401 11.552 198.400 2291.917 8.384 0.000 0.000 0.76
2019-05-05_02:14:01 00402 11.552 200.000 2310.400 8.392 0.400 3.357 0.76
2019-05-05_02:14:02 00403 11.552 199.200 2301.158 8.408 0.000 0.000 0.75
2019-05-05_02:14:03 00404 11.568 200.000 2313.600 8.304 0.400 3.322 0.75
2019-05-05_02:14:04 00405 11.560 200.000 2312.000 8.312 0.400 3.325 0.75
2019-05-05_02:14:05 00406 11.560 193.600 2238.016 8.320 0.000 0.000 0.75
2019-05-05_02:14:06 00407 11.560 194.000 2242.640 8.328 0.000 0.000 0.75
2019-05-05_02:14:07 00408 11.560 200.800 2321.248 8.344 0.000 0.000 0.76
2019-05-05_02:14:08 00409 11.560 199.200 2302.752 8.352 0.000 0.000 0.76
2019-05-05_02:14:09 00410 11.552 198.400 2291.917 8.368 0.400 3.347 0.76
2019-05-05_02:14:10 00411 11.552 199.600 2305.779 8.376 0.400 3.350 0.76
2019-05-05_02:14:11 00412 11.552 197.200 2278.054 8.392 0.000 0.000 0.76
2019-05-05_02:14:12 00413 11.560 199.200 2302.752 8.392 0.000 0.000 0.76
2019-05-05_02:14:13 00414 11.552 197.200 2278.054 8.416 0.400 3.366 0.75
2019-05-05_02:14:14 00415 11.560 200.400 2316.624 8.296 0.000 0.000 0.77
2019-05-05_02:14:15 00416 11.552 200.000 2310.400 8.552 0.000 0.000 0.76
2019-05-05_02:14:16 00417 11.552 198.800 2296.538 8.408 0.000 0.000 0.75
2019-05-05_02:14:17 00418 11.560 198.000 2288.880 8.304 0.000 0.000 0.75
2019-05-05_02:14:18 00419 11.560 198.400 2293.504 8.312 0.000 0.000 0.75
2019-05-05_02:14:19 00420 11.560 197.600 2284.256 8.328 0.400 3.331 0.75
2019-05-05_02:14:20 00421 11.560 195.600 2261.136 8.336 0.000 0.000 0.75
2019-05-05_02:14:21 00422 11.560 199.600 2307.376 8.344 0.400 3.338 0.76
2019-05-05_02:14:22 00423 11.552 197.600 2282.675 8.352 0.400 3.341 0.76
2019-05-05_02:14:23 00424 11.560 190.800 2205.648 8.368 0.000 0.000 0.76
2019-05-05_02:14:24 00425 11.552 195.200 2254.950 8.376 0.000 0.000 0.76
2019-05-05_02:14:25 00426 11.552 190.000 2194.880 8.392 0.000 0.000 0.76
2019-05-05_02:14:26 00427 11.552 188.800 2181.018 8.400 0.000 0.000 0.76
2019-05-05_02:14:27 00428 11.560 187.200 2164.032 8.416 0.000 0.000 0.75
2019-05-05_02:14:28 00429 11.576 192.400 2227.222 8.304 0.000 0.000 0.75
2019-05-05_02:14:29 00430 11.560 191.200 2210.272 8.320 0.400 3.328 0.75
2019-05-05_02:14:30 00431 11.568 194.800 2253.446 8.328 0.000 0.000 0.75
2019-05-05_02:14:31 00432 11.560 196.400 2270.384 8.336 0.000 0.000 0.75
2019-05-05_02:14:32 00433 11.560 196.000 2265.760 8.344 0.400 3.338 0.76
2019-05-05_02:14:33 00434 11.560 194.000 2242.640 8.360 0.400 3.344 0.76
2019-05-05_02:14:34 00435 11.560 194.800 2251.888 8.360 0.000 0.000 0.76
2019-05-05_02:14:35 00436 11.560 185.200 2140.912 8.376 0.400 3.350 0.76
2019-05-05_02:14:36 00437 11.560 195.600 2261.136 8.392 0.400 3.357 0.76
2019-05-05_02:14:37 00438 11.552 188.000 2171.776 8.400 0.000 0.000 0.76
2019-05-05_02:14:38 00439 11.552 187.600 2167.155 8.416 0.000 0.000 0.75
2019-05-05_02:14:39 00440 11.560 194.800 2251.888 8.304 0.400 3.322 0.75
2019-05-05_02:14:40 00441 11.576 195.600 2264.266 8.312 0.400 3.325 0.75
2019-05-05_02:14:41 00442 11.560 196.400 2270.384 8.320 0.400 3.328 0.75
2019-05-05_02:14:42 00443 11.560 195.600 2261.136 8.336 0.400 3.334 0.75
2019-05-05_02:14:43 00444 11.560 183.600 2122.416 8.344 0.000 0.000 0.76
2019-05-05_02:14:44 00445 11.568 195.600 2262.701 8.360 0.400 3.344 0.76
2019-05-05_02:14:45 00446 11.560 192.000 2219.520 8.376 0.400 3.350 0.76
2019-05-05_02:14:46 00447 11.560 185.600 2145.536 8.384 0.400 3.354 0.76
2019-05-05_02:14:47 00448 11.560 196.400 2270.384 8.384 0.000 0.000 0.76