2019-05-05_23:15:23 06263 11.336 435.200 4933.427 8.360 -317.200 -2651.792 0.82
2019-05-05_23:15:24 06264 11.336 437.200 4956.099 8.368 -326.800 -2734.662 0.82
2019-05-05_23:15:25 06265 11.336 446.400 5060.390 8.368 -328.000 -2744.704 0.82
2019-05-05_23:15:26 06266 11.328 447.600 5070.413 8.376 -336.000 -2814.336 0.82
2019-05-05_23:15:27 06267 11.328 453.600 5138.381 8.384 -340.400 -2853.914 0.82
2019-05-05_23:15:28 06268 11.320 456.800 5170.976 8.392 -353.600 -2967.411 0.82
2019-05-05_23:15:29 06269 11.320 463.200 5243.424 8.400 -353.600 -2970.240 0.82
2019-05-05_23:15:30 06270 11.320 471.200 5333.984 8.400 -358.800 -3013.920 0.82
2019-05-05_23:15:31 06271 11.312 478.000 5407.136 8.408 -368.400 -3097.507 0.81
2019-05-05_23:15:32 06272 11.352 425.200 4826.870 8.352 -306.400 -2559.053 0.82
2019-05-05_23:15:33 06273 11.344 430.800 4886.995 8.360 -309.200 -2584.912 0.82
2019-05-05_23:15:34 06274 11.344 438.000 4968.672 8.360 -315.600 -2638.416 0.82
2019-05-05_23:15:35 06275 11.336 438.000 4965.168 8.368 -327.200 -2738.010 0.82
2019-05-05_23:15:36 06276 11.328 447.200 5065.882 8.376 -327.600 -2743.978 0.82
2019-05-05_23:15:37 06277 11.328 443.200 5020.570 8.376 -340.000 -2847.840 0.82
2019-05-05_23:15:38 06278 11.328 450.400 5102.131 8.384 -345.600 -2897.510 0.82
2019-05-05_23:15:39 06279 11.328 462.000 5233.536 8.392 -352.000 -2953.984 0.82
2019-05-05_23:15:40 06280 11.320 466.400 5279.648 8.392 -354.800 -2977.482 0.82
2019-05-05_23:15:41 06281 11.320 454.000 5139.280 8.408 -368.000 -3094.144 0.81
2019-05-05_23:15:42 06282 11.352 416.000 4722.432 8.344 -297.200 -2479.837 0.81
2019-05-05_23:15:43 06283 11.352 427.200 4849.574 8.344 -308.000 -2569.952 0.82
2019-05-05_23:15:44 06284 11.352 422.800 4799.626 8.360 -311.200 -2601.632 0.82
2019-05-05_23:15:45 06285 11.336 435.600 4937.962 8.360 -316.000 -2641.760 0.82
2019-05-05_23:15:46 06286 11.344 436.800 4955.059 8.368 -321.200 -2687.802 0.82
2019-05-05_23:15:47 06287 11.336 437.200 4956.099 8.376 -327.600 -2743.978 0.82
2019-05-05_23:15:48 06288 11.336 432.000 4897.152 8.376 -345.200 -2891.395 0.82
2019-05-05_23:15:49 06289 11.328 455.200 5156.506 8.384 -340.400 -2853.914 0.82
2019-05-05_23:15:50 06290 11.320 462.400 5234.368 8.392 -346.800 -2910.346 0.82
2019-05-05_23:15:51 06291 11.328 461.200 5224.474 8.400 -353.600 -2970.240 0.82
2019-05-05_23:15:52 06292 11.320 470.400 5324.928 8.400 -360.000 -3024.000 0.82
2019-05-05_23:15:53 06293 11.328 474.400 5374.003 8.408 -376.400 -3164.771 0.81
2019-05-05_23:15:54 06294 11.352 420.800 4776.922 8.352 -303.600 -2535.667 0.82
2019-05-05_23:15:55 06295 11.352 422.000 4790.544 8.360 -313.600 -2621.696 0.82
2019-05-05_23:15:57 06296 11.344 437.600 4964.134 8.360 -320.000 -2675.200 0.82
2019-05-05_23:15:58 06297 11.344 440.000 4991.360 8.368 -321.200 -2687.802 0.82
2019-05-05_23:15:59 06298 11.336 442.400 5015.046 8.376 -331.600 -2777.482 0.82
2019-05-05_23:16:00 06299 11.336 450.400 5105.734 8.376 -338.000 -2831.088 0.82
2019-05-05_23:16:01 06300 11.328 456.800 5174.630 8.384 -344.000 -2884.096 0.82
2019-05-05_23:16:02 06301 11.320 463.200 5243.424 8.392 -348.800 -2927.130 0.82
2019-05-05_23:16:03 06302 11.320 459.600 5202.672 8.392 -358.400 -3007.693 0.82
2019-05-05_23:16:04 06303 11.320 468.400 5302.288 8.400 -365.200 -3067.680 0.82
2019-05-05_23:16:05 06304 11.312 475.600 5379.987 8.408 -364.400 -3063.875 0.81
2019-05-05_23:16:06 06305 11.352 426.400 4840.493 8.352 -304.400 -2542.349 0.82
2019-05-05_23:16:07 06306 11.352 426.000 4835.952 8.352 -310.800 -2595.802 0.82
2019-05-05_23:16:08 06307 11.344 432.800 4909.683 8.360 -314.400 -2628.384 0.82
2019-05-05_23:16:09 06308 11.336 439.200 4978.771 8.368 -324.400 -2714.579 0.82
2019-05-05_23:16:10 06309 11.336 447.200 5069.459 8.376 -326.800 -2737.277 0.82
2019-05-05_23:16:11 06310 11.336 445.200 5046.787 8.384 -339.200 -2843.853 0.82
2019-05-05_23:16:12 06311 11.336 456.000 5169.216 8.384 -343.200 -2877.389 0.82
2019-05-05_23:16:13 06312 11.320 461.600 5225.312 8.392 -350.800 -2943.914 0.82
2019-05-05_23:16:14 06313 11.328 462.000 5233.536 8.392 -352.000 -2953.984 0.82
2019-05-05_23:16:15 06314 11.312 469.200 5307.590 8.400 -358.800 -3013.920 0.82
2019-05-05_23:16:16 06315 11.312 471.200 5330.214 8.408 -365.600 -3073.965 0.81
2019-05-05_23:16:17 06316 11.352 425.200 4826.870 8.352 -303.600 -2535.667 0.82
2019-05-05_23:16:18 06317 11.352 428.800 4867.738 8.352 -307.200 -2565.734 0.82
2019-05-05_23:16:19 06318 11.344 431.600 4896.070 8.360 -315.600 -2638.416 0.82
2019-05-05_23:16:20 06319 11.344 440.000 4991.360 8.368 -322.400 -2697.843 0.82
2019-05-05_23:16:21 06320 11.336 447.200 5069.459 8.376 -326.400 -2733.926 0.82
2019-05-05_23:16:22 06321 11.336 454.000 5146.544 8.376 -337.200 -2824.387 0.82
2019-05-05_23:16:23 06322 11.328 452.800 5129.318 8.384 -338.400 -2837.146 0.82
2019-05-05_23:16:24 06323 11.328 460.400 5215.411 8.384 -345.200 -2894.157 0.82
2019-05-05_23:16:25 06324 11.312 467.600 5289.491 8.400 -353.600 -2970.240 0.82
2019-05-05_23:16:26 06325 11.320 464.400 5257.008 8.400 -357.600 -3003.840 0.82
2019-05-05_23:16:27 06326 11.312 483.200 5465.958 8.408 -364.800 -3067.238 0.81
2019-05-05_23:16:28 06327 11.352 425.600 4831.411 8.352 -299.200 -2498.918 0.82
2019-05-05_23:16:29 06328 11.352 420.800 4776.922 8.360 -306.000 -2558.160 0.82
2019-05-05_23:16:30 06329 11.336 439.200 4978.771 8.360 -316.800 -2648.448 0.82
2019-05-05_23:16:31 06330 11.344 442.000 5014.048 8.368 -326.000 -2727.968 0.82
2019-05-05_23:16:32 06331 11.336 445.200 5046.787 8.368 -325.200 -2721.274 0.82
2019-05-05_23:16:33 06332 11.328 452.400 5124.787 8.376 -331.200 -2774.131 0.82
2019-05-05_23:16:34 06333 11.328 456.400 5170.099 8.384 -338.000 -2833.792 0.82
2019-05-05_23:16:35 06334 11.328 463.200 5247.130 8.392 -350.000 -2937.200 0.82
2019-05-05_23:16:36 06335 11.320 466.000 5275.120 8.392 -349.200 -2930.486 0.82
2019-05-05_23:16:37 06336 11.320 461.200 5220.784 8.400 -364.000 -3057.600 0.82
2019-05-05_23:16:38 06337 11.312 478.000 5407.136 8.408 -364.800 -3067.238 0.81
2019-05-05_23:16:39 06338 11.352 415.200 4713.350 8.352 -299.200 -2498.918 0.82
2019-05-05_23:16:40 06339 11.344 431.600 4896.070 8.360 -310.400 -2594.944 0.82
2019-05-05_23:16:41 06340 11.344 438.000 4968.672 8.360 -314.400 -2628.384 0.82
2019-05-05_23:16:42 06341 11.336 442.800 5019.581 8.368 -320.400 -2681.107 0.82
2019-05-05_23:16:43 06342 11.336 444.000 5033.184 8.368 -324.800 -2717.926 0.82
2019-05-05_23:16:44 06343 11.344 430.800 4886.995 8.384 -343.200 -2877.389 0.82
2019-05-05_23:16:45 06344 11.344 430.400 4882.458 8.392 -355.200 -2980.838 0.82
2019-05-05_23:16:46 06345 11.344 428.800 4864.307 8.392 -362.000 -3037.904 0.82
2019-05-05_23:16:47 06346 11.344 433.600 4918.758 8.400 -367.600 -3087.840 0.82
2019-05-05_23:16:48 06347 11.328 450.400 5102.131 8.408 -368.000 -3094.144 0.81
2019-05-05_23:16:49 06348 11.352 422.000 4790.544 8.344 -293.200 -2446.461 0.81
2019-05-05_23:16:50 06349 11.352 425.600 4831.411 8.352 -298.000 -2488.896 0.82
2019-05-05_23:16:51 06350 11.344 430.800 4886.995 8.352 -307.200 -2565.734 0.82
2019-05-05_23:16:52 06351 11.344 436.400 4950.522 8.360 -312.400 -2611.664 0.82
2019-05-05_23:16:53 06352 11.336 442.000 5010.512 8.368 -318.800 -2667.718 0.82
2019-05-05_23:16:54 06353 11.336 447.600 5073.994 8.376 -325.600 -2727.226 0.82
2019-05-05_23:16:55 06354 11.328 453.600 5138.381 8.376 -329.600 -2760.730 0.82
2019-05-05_23:16:56 06355 11.336 453.600 5142.010 8.384 -336.400 -2820.378 0.82
2019-05-05_23:16:57 06356 11.328 460.800 5219.942 8.392 -343.600 -2883.491 0.82
2019-05-05_23:16:58 06357 11.320 458.800 5193.616 8.392 -349.200 -2930.486 0.82
2019-05-05_23:16:59 06358 11.320 464.800 5261.536 8.400 -356.000 -2990.400 0.82
2019-05-05_23:17:00 06359 11.312 476.400 5389.037 8.408 -362.800 -3050.422 0.81
2019-05-05_23:17:01 06360 11.352 414.400 4704.269 8.352 -298.400 -2492.237 0.82
2019-05-05_23:17:02 06361 11.344 426.000 4832.544 8.360 -303.600 -2538.096 0.82
2019-05-05_23:17:03 06362 11.344 434.400 4927.834 8.368 -315.600 -2640.941 0.82
2019-05-05_23:17:04 06363 11.336 438.400 4969.702 8.368 -317.600 -2657.677 0.82