2019-05-05_02:09:45 00146 11.560 195.200 2256.512 8.352 0.400 3.341 0.76
2019-05-05_02:09:46 00147 11.560 196.400 2270.384 8.368 0.400 3.347 0.76
2019-05-05_02:09:47 00148 11.552 195.200 2254.950 8.376 0.400 3.350 0.76
2019-05-05_02:09:48 00149 11.560 197.600 2284.256 8.392 0.000 0.000 0.76
2019-05-05_02:09:49 00150 11.560 193.600 2238.016 8.400 0.000 0.000 0.76
2019-05-05_02:09:50 00151 11.552 200.400 2315.021 8.408 0.000 0.000 0.75
2019-05-05_02:09:51 00152 11.560 199.600 2307.376 8.304 0.000 0.000 0.75
2019-05-05_02:09:52 00153 11.560 199.200 2302.752 8.304 0.400 3.322 0.75
2019-05-05_02:09:53 00154 11.576 187.200 2167.027 8.328 0.400 3.331 0.75
2019-05-05_02:09:54 00155 11.568 185.600 2147.021 8.344 0.400 3.338 0.75
2019-05-05_02:09:55 00156 11.576 188.800 2185.549 8.360 0.400 3.344 0.76
2019-05-05_02:09:56 00157 11.576 165.600 1916.986 8.376 0.400 3.350 0.76
2019-05-05_02:09:57 00158 11.584 165.200 1913.677 8.384 0.400 3.354 0.76
2019-05-05_02:09:58 00159 11.584 153.200 1774.669 8.392 0.400 3.357 0.76
2019-05-05_02:09:59 00160 11.576 155.600 1801.226 8.408 0.400 3.363 0.75
2019-05-05_02:10:00 00161 11.592 162.000 1877.904 8.304 0.000 0.000 0.75
2019-05-05_02:10:01 00162 11.584 164.400 1904.410 8.312 0.400 3.325 0.75
2019-05-05_02:10:02 00163 11.592 153.200 1775.894 8.320 0.400 3.328 0.75
2019-05-05_02:10:03 00164 11.592 153.200 1775.894 8.336 0.400 3.334 0.75
2019-05-05_02:10:04 00165 11.560 182.400 2108.544 8.336 0.000 0.000 0.75
2019-05-05_02:10:05 00166 11.576 170.400 1972.550 8.352 0.400 3.341 0.75
2019-05-05_02:10:06 00167 11.576 169.600 1963.290 8.360 0.400 3.344 0.76
2019-05-05_02:10:07 00168 11.576 158.400 1833.638 8.376 0.000 0.000 0.76
2019-05-05_02:10:08 00169 11.576 164.000 1898.464 8.384 0.400 3.354 0.76
2019-05-05_02:10:09 00170 11.584 165.200 1913.677 8.400 0.400 3.360 0.76
2019-05-05_02:10:10 00171 11.584 153.200 1774.669 8.400 0.400 3.360 0.76
2019-05-05_02:10:11 00172 11.584 160.000 1853.440 8.424 0.400 3.370 0.75
2019-05-05_02:10:12 00173 11.584 159.600 1848.806 8.312 0.400 3.325 0.75
2019-05-05_02:10:13 00174 11.584 170.400 1973.914 8.320 0.400 3.328 0.75
2019-05-05_02:10:14 00175 11.584 164.400 1904.410 8.328 0.400 3.331 0.75
2019-05-05_02:10:15 00176 11.592 166.000 1924.272 8.344 0.400 3.338 0.75
2019-05-05_02:10:16 00177 11.576 170.000 1967.920 8.344 0.400 3.338 0.75
2019-05-05_02:10:17 00178 11.576 173.200 2004.963 8.368 0.400 3.347 0.76
2019-05-05_02:10:18 00179 11.576 171.200 1981.811 8.368 0.400 3.347 0.76
2019-05-05_02:10:19 00180 11.576 167.200 1935.507 8.376 0.400 3.350 0.76
2019-05-05_02:10:20 00181 11.576 166.400 1926.246 8.392 0.400 3.357 0.76
2019-05-05_02:10:21 00182 11.568 196.400 2271.955 8.384 0.000 0.000 0.76
2019-05-05_02:10:22 00183 11.568 170.800 1975.814 8.408 0.000 0.000 0.75
2019-05-05_02:10:23 00184 11.584 169.600 1964.646 8.304 0.000 0.000 0.75
2019-05-05_02:10:24 00185 11.560 187.600 2168.656 8.304 0.400 3.322 0.75
2019-05-05_02:10:25 00186 11.584 166.000 1922.944 8.328 0.400 3.331 0.75
2019-05-05_02:10:26 00187 11.560 200.000 2312.000 8.320 0.400 3.328 0.75
2019-05-05_02:10:27 00188 11.560 197.200 2279.632 8.336 0.000 0.000 0.75
2019-05-05_02:10:28 00189 11.560 195.600 2261.136 8.344 0.000 0.000 0.76
2019-05-05_02:10:29 00190 11.560 196.000 2265.760 8.360 0.000 0.000 0.76
2019-05-05_02:10:30 00191 11.560 197.200 2279.632 8.368 0.400 3.347 0.76
2019-05-05_02:10:31 00192 11.552 198.000 2287.296 8.376 0.400 3.350 0.76
2019-05-05_02:10:32 00193 11.552 194.400 2245.709 8.384 0.000 0.000 0.76
2019-05-05_02:10:33 00194 11.560 198.400 2293.504 8.400 0.000 0.000 0.76
2019-05-05_02:10:34 00195 11.552 201.600 2328.883 8.416 0.000 0.000 0.75
2019-05-05_02:10:35 00196 11.568 196.000 2267.328 8.296 0.000 0.000 0.77
2019-05-05_02:10:36 00197 11.552 198.000 2287.296 8.568 0.000 0.000 0.76
2019-05-05_02:10:37 00198 11.552 198.000 2287.296 8.416 0.000 0.000 0.75
2019-05-05_02:10:38 00199 11.568 195.600 2262.701 8.304 0.000 0.000 0.75
2019-05-05_02:10:39 00200 11.560 199.200 2302.752 8.312 0.400 3.325 0.75
2019-05-05_02:10:40 00201 11.560 197.600 2284.256 8.328 0.000 0.000 0.75
2019-05-05_02:10:41 00202 11.560 191.200 2210.272 8.336 0.400 3.334 0.75
2019-05-05_02:10:42 00203 11.560 194.800 2251.888 8.344 0.000 0.000 0.76
2019-05-05_02:10:43 00204 11.560 188.400 2177.904 8.352 0.000 0.000 0.76
2019-05-05_02:10:44 00205 11.552 197.200 2278.054 8.360 0.000 0.000 0.76
2019-05-05_02:10:45 00206 11.560 198.000 2288.880 8.376 0.000 0.000 0.76
2019-05-05_02:10:46 00207 11.552 194.400 2245.709 8.384 0.000 0.000 0.76
2019-05-05_02:10:47 00208 11.544 200.400 2313.418 8.400 0.000 0.000 0.76
2019-05-05_02:10:48 00209 11.552 198.400 2291.917 8.416 0.000 0.000 0.75
2019-05-05_02:10:49 00210 11.560 194.400 2247.264 8.304 0.400 3.322 0.75
2019-05-05_02:10:50 00211 11.568 196.000 2267.328 8.312 0.000 0.000 0.75
2019-05-05_02:10:51 00212 11.568 186.400 2156.275 8.328 0.400 3.331 0.75
2019-05-05_02:10:52 00213 11.560 198.000 2288.880 8.336 0.400 3.334 0.75
2019-05-05_02:10:53 00214 11.560 198.000 2288.880 8.344 0.400 3.338 0.76
2019-05-05_02:10:54 00215 11.560 184.000 2127.040 8.360 0.000 0.000 0.76
2019-05-05_02:10:55 00216 11.560 192.800 2228.768 8.368 0.000 0.000 0.76
2019-05-05_02:10:56 00217 11.560 188.400 2177.904 8.376 0.000 0.000 0.76
2019-05-05_02:10:57 00218 11.560 196.000 2265.760 8.392 0.000 0.000 0.76
2019-05-05_02:10:58 00219 11.552 198.000 2287.296 8.400 0.000 0.000 0.76
2019-05-05_02:10:59 00220 11.552 194.400 2245.709 8.416 0.000 0.000 0.75
2019-05-05_02:11:00 00221 11.576 195.600 2264.266 8.304 0.400 3.322 0.75
2019-05-05_02:11:01 00222 11.568 184.800 2137.766 8.320 0.400 3.328 0.75
2019-05-05_02:11:02 00223 11.568 186.800 2160.902 8.328 0.400 3.331 0.75
2019-05-05_02:11:03 00224 11.560 195.200 2256.512 8.344 0.400 3.338 0.75
2019-05-05_02:11:04 00225 11.560 190.400 2201.024 8.344 0.000 0.000 0.76
2019-05-05_02:11:05 00226 11.552 197.600 2282.675 8.360 0.000 0.000 0.76
2019-05-05_02:11:06 00227 11.552 196.800 2273.434 8.368 0.000 0.000 0.76
2019-05-05_02:11:07 00228 11.552 198.800 2296.538 8.376 0.400 3.350 0.76
2019-05-05_02:11:08 00229 11.552 194.800 2250.330 8.384 0.400 3.354 0.76
2019-05-05_02:11:09 00230 11.560 194.800 2251.888 8.400 0.400 3.360 0.76
2019-05-05_02:11:10 00231 11.552 194.000 2241.088 8.408 0.000 0.000 0.75
2019-05-05_02:11:11 00232 11.576 193.600 2241.114 8.304 0.000 0.000 0.75
2019-05-05_02:11:12 00233 11.568 196.000 2267.328 8.320 0.400 3.328 0.75
2019-05-05_02:11:13 00234 11.560 195.200 2256.512 8.320 0.000 0.000 0.75
2019-05-05_02:11:14 00235 11.568 196.400 2271.955 8.336 0.400 3.334 0.75
2019-05-05_02:11:15 00236 11.560 194.800 2251.888 8.344 0.400 3.338 0.76
2019-05-05_02:11:16 00237 11.560 200.000 2312.000 8.352 0.400 3.341 0.76
2019-05-05_02:11:17 00238 11.568 192.800 2230.310 8.368 0.400 3.347 0.76
2019-05-05_02:11:18 00239 11.568 190.400 2202.547 8.376 0.400 3.350 0.76
2019-05-05_02:11:19 00240 11.552 198.800 2296.538 8.384 0.400 3.354 0.76
2019-05-05_02:11:20 00241 11.560 191.200 2210.272 8.400 0.000 0.000 0.76
2019-05-05_02:11:21 00242 11.552 193.600 2236.467 8.424 0.000 0.000 0.75
2019-05-05_02:11:22 00243 11.560 202.800 2344.368 8.296 0.000 0.000 0.77
2019-05-05_02:11:23 00244 11.560 196.000 2265.760 8.576 0.000 0.000 0.76
2019-05-05_02:11:24 00245 11.552 195.600 2259.571 8.416 0.000 0.000 0.75
2019-05-05_02:11:25 00246 11.560 199.600 2307.376 8.296 0.000 0.000 0.77