2019-05-05_00:03:48 01314 11.576 169.200 1958.659 8.368 0.000 0.000 0.76
2019-05-05_00:03:49 01315 11.576 170.400 1972.550 8.384 0.000 0.000 0.76
2019-05-05_00:03:50 01316 11.576 167.600 1940.138 8.392 0.000 0.000 0.76
2019-05-05_00:03:51 01317 11.576 170.000 1967.920 8.400 0.400 3.360 0.76
2019-05-05_00:03:52 01318 11.576 168.400 1949.398 8.416 0.000 0.000 0.75
2019-05-05_00:03:53 01319 11.584 170.400 1973.914 8.312 0.000 0.000 0.75
2019-05-05_00:03:54 01320 11.584 168.400 1950.746 8.320 0.400 3.328 0.75
2019-05-05_00:03:55 01321 11.584 168.400 1950.746 8.328 0.000 0.000 0.75
2019-05-05_00:03:56 01322 11.576 169.200 1958.659 8.344 0.400 3.338 0.75
2019-05-05_00:03:57 01323 11.576 173.600 2009.594 8.336 0.400 3.334 0.75
2019-05-05_00:03:58 01324 11.584 160.800 1862.707 8.360 0.400 3.344 0.76
2019-05-05_00:03:59 01325 11.576 166.400 1926.246 8.368 0.400 3.347 0.76
2019-05-05_00:04:00 01326 11.576 169.200 1958.659 8.384 0.400 3.354 0.76
2019-05-05_00:04:01 01327 11.576 170.400 1972.550 8.392 0.400 3.357 0.76
2019-05-05_00:04:02 01328 11.568 182.000 2105.376 8.384 0.000 0.000 0.76
2019-05-05_00:04:03 01329 11.576 170.000 1967.920 8.408 0.000 0.000 0.75
2019-05-05_00:04:04 01330 11.584 166.800 1932.211 8.312 0.000 0.000 0.75
2019-05-05_00:04:05 01331 11.584 169.200 1960.013 8.320 0.400 3.328 0.75
2019-05-05_00:04:06 01332 11.584 166.800 1932.211 8.328 0.400 3.331 0.75
2019-05-05_00:04:07 01333 11.576 170.000 1967.920 8.344 0.400 3.338 0.75
2019-05-05_00:04:08 01334 11.576 168.800 1954.029 8.352 0.400 3.341 0.75
2019-05-05_00:04:09 01335 11.576 168.800 1954.029 8.360 0.400 3.344 0.76
2019-05-05_00:04:10 01336 11.576 168.800 1954.029 8.368 0.400 3.347 0.76
2019-05-05_00:04:11 01337 11.576 163.200 1889.203 8.376 0.000 0.000 0.76
2019-05-05_00:04:12 01338 11.576 170.400 1972.550 8.400 0.000 0.000 0.76
2019-05-05_00:04:13 01339 11.584 160.400 1858.074 8.400 0.400 3.360 0.76
2019-05-05_00:04:14 01340 11.584 156.000 1807.104 8.408 0.000 0.000 0.75
2019-05-05_00:04:15 01341 11.584 167.200 1936.845 8.312 0.000 0.000 0.75
2019-05-05_00:04:16 01342 11.584 161.200 1867.341 8.328 0.000 0.000 0.75
2019-05-05_00:04:17 01343 11.584 171.200 1983.181 8.312 0.400 3.325 0.75
2019-05-05_00:04:18 01344 11.584 154.400 1788.570 8.344 0.000 0.000 0.75
2019-05-05_00:04:19 01345 11.576 164.400 1903.094 8.352 0.400 3.341 0.75
2019-05-05_00:04:20 01346 11.584 153.600 1779.302 8.368 0.400 3.347 0.76
2019-05-05_00:04:21 01347 11.584 162.400 1881.242 8.376 0.000 0.000 0.76
2019-05-05_00:04:22 01348 11.576 182.400 2111.462 8.368 0.000 0.000 0.76
2019-05-05_00:04:23 01349 11.576 167.600 1940.138 8.392 0.400 3.357 0.76
2019-05-05_00:04:24 01350 11.576 163.600 1893.834 8.400 0.000 0.000 0.76
2019-05-05_00:04:25 01351 11.568 170.400 1971.187 8.416 0.000 0.000 0.75
2019-05-05_00:04:26 01352 11.584 169.200 1960.013 8.312 0.000 0.000 0.75
2019-05-05_00:04:27 01353 11.560 194.000 2242.640 8.304 0.000 0.000 0.75
2019-05-05_00:04:28 01354 11.584 169.200 1960.013 8.328 0.000 0.000 0.75
2019-05-05_00:04:29 01355 11.560 196.000 2265.760 8.344 0.000 0.000 0.75
2019-05-05_00:04:30 01356 11.576 166.400 1926.246 8.352 0.400 3.341 0.75
2019-05-05_00:04:31 01357 11.576 169.200 1958.659 8.360 0.000 0.000 0.76
2019-05-05_00:04:32 01358 11.576 170.400 1972.550 8.368 0.400 3.347 0.76
2019-05-05_00:04:33 01359 11.576 170.800 1977.181 8.376 0.000 0.000 0.76
2019-05-05_00:04:34 01360 11.576 172.000 1991.072 8.392 0.400 3.357 0.76
2019-05-05_00:04:35 01361 11.568 170.400 1971.187 8.400 0.400 3.360 0.76
2019-05-05_00:04:36 01362 11.576 168.400 1949.398 8.416 0.000 0.000 0.75
2019-05-05_00:04:37 01363 11.560 193.200 2233.392 8.296 0.000 0.000 0.77
2019-05-05_00:04:38 01364 11.568 170.000 1966.560 8.544 0.000 0.000 0.76
2019-05-05_00:04:39 01365 11.568 168.800 1952.678 8.416 0.400 3.366 0.75
2019-05-05_00:04:40 01366 11.584 170.800 1978.547 8.312 0.000 0.000 0.75
2019-05-05_00:04:41 01367 11.584 169.200 1960.013 8.320 0.400 3.328 0.75
2019-05-05_00:04:42 01368 11.560 187.200 2164.032 8.312 0.400 3.325 0.75
2019-05-05_00:04:43 01369 11.584 170.000 1969.280 8.344 0.000 0.000 0.75
2019-05-05_00:04:44 01370 11.584 170.400 1973.914 8.352 0.400 3.341 0.75
2019-05-05_00:04:45 01371 11.584 167.600 1941.478 8.360 0.000 0.000 0.76
2019-05-05_00:04:46 01372 11.576 169.200 1958.659 8.368 0.000 0.000 0.76
2019-05-05_00:04:47 01373 11.552 194.800 2250.330 8.376 0.000 0.000 0.76
2019-05-05_00:04:48 01374 11.576 170.000 1967.920 8.392 0.000 0.000 0.76
2019-05-05_00:04:49 01375 11.576 170.400 1972.550 8.400 0.000 0.000 0.76
2019-05-05_00:04:50 01376 11.576 168.400 1949.398 8.408 0.000 0.000 0.75
2019-05-05_00:04:51 01377 11.584 168.000 1946.112 8.312 0.400 3.325 0.75
2019-05-05_00:04:52 01378 11.584 171.600 1987.814 8.320 0.400 3.328 0.75
2019-05-05_00:04:53 01379 11.584 168.400 1950.746 8.328 0.400 3.331 0.75
2019-05-05_00:04:54 01380 11.576 170.400 1972.550 8.344 0.400 3.338 0.75
2019-05-05_00:04:55 01381 11.584 168.800 1955.379 8.352 0.000 0.000 0.75
2019-05-05_00:04:56 01382 11.576 168.400 1949.398 8.360 0.000 0.000 0.76
2019-05-05_00:04:57 01383 11.560 193.600 2238.016 8.360 0.400 3.344 0.76
2019-05-05_00:04:58 01384 11.576 166.000 1921.616 8.384 0.000 0.000 0.76
2019-05-05_00:04:59 01385 11.576 169.600 1963.290 8.392 0.000 0.000 0.76
2019-05-05_00:05:00 01386 11.568 170.000 1966.560 8.400 0.000 0.000 0.76
2019-05-05_00:05:01 01387 11.568 168.800 1952.678 8.416 0.400 3.366 0.75
2019-05-05_00:05:02 01388 11.560 186.000 2150.160 8.312 0.000 0.000 0.75
2019-05-05_00:05:03 01389 11.584 168.400 1950.746 8.328 0.400 3.331 0.75
2019-05-05_00:05:04 01390 11.584 170.000 1969.280 8.328 0.000 0.000 0.75
2019-05-05_00:05:05 01391 11.576 166.400 1926.246 8.344 0.000 0.000 0.75
2019-05-05_00:05:06 01392 11.576 170.000 1967.920 8.352 0.400 3.341 0.75
2019-05-05_00:05:07 01393 11.568 194.400 2248.819 8.344 0.000 0.000 0.76
2019-05-05_00:05:08 01394 11.576 170.400 1972.550 8.368 0.000 0.000 0.76
2019-05-05_00:05:09 01395 11.576 170.400 1972.550 8.384 0.400 3.354 0.76
2019-05-05_00:05:10 01396 11.576 170.400 1972.550 8.392 0.400 3.357 0.76
2019-05-05_00:05:11 01397 11.576 169.200 1958.659 8.400 0.400 3.360 0.76
2019-05-05_00:05:12 01398 11.568 167.600 1938.797 8.416 0.400 3.366 0.75
2019-05-05_00:05:13 01399 11.584 169.600 1964.646 8.312 0.000 0.000 0.75
2019-05-05_00:05:14 01400 11.584 170.400 1973.914 8.320 0.400 3.328 0.75
2019-05-05_00:05:15 01401 11.584 168.400 1950.746 8.328 0.000 0.000 0.75
2019-05-05_00:05:16 01402 11.584 166.400 1927.578 8.344 0.400 3.338 0.75
2019-05-05_00:05:17 01403 11.576 166.800 1930.877 8.352 0.400 3.341 0.75
2019-05-05_00:05:18 01404 11.576 172.000 1991.072 8.360 0.400 3.344 0.76
2019-05-05_00:05:19 01405 11.576 169.200 1958.659 8.368 0.400 3.347 0.76
2019-05-05_00:05:20 01406 11.576 168.000 1944.768 8.384 0.400 3.354 0.76
2019-05-05_00:05:21 01407 11.576 172.000 1991.072 8.392 0.000 0.000 0.76
2019-05-05_00:05:22 01408 11.552 198.000 2287.296 8.384 0.000 0.000 0.76
2019-05-05_00:05:23 01409 11.576 169.600 1963.290 8.416 0.000 0.000 0.75
2019-05-05_00:05:24 01410 11.584 169.200 1960.013 8.312 0.000 0.000 0.75
2019-05-05_00:05:25 01411 11.584 168.000 1946.112 8.320 0.400 3.328 0.75
2019-05-05_00:05:26 01412 11.576 168.800 1954.029 8.328 0.000 0.000 0.75
2019-05-05_00:05:27 01413 11.560 197.200 2279.632 8.336 0.400 3.334 0.75
2019-05-05_00:05:28 01414 11.576 170.400 1972.550 8.352 0.400 3.341 0.75