2019-05-04_01:40:28 00022 16.808 141.600 2380.013 8.232 0.000 0.000 0.53
2019-05-04_01:40:29 00023 16.800 142.400 2392.320 8.568 0.400 3.427 0.52
2019-05-04_01:40:30 00024 16.800 152.400 2560.320 8.400 0.000 0.000 0.52
2019-05-04_01:40:31 00025 16.816 140.400 2360.966 8.424 0.000 0.000 0.51
2019-05-04_01:40:32 00026 16.800 141.600 2378.880 8.248 0.000 0.000 0.53
2019-05-04_01:40:33 00027 16.792 142.400 2391.181 8.584 0.400 3.434 0.52
2019-05-04_01:40:34 00028 16.808 142.400 2393.459 8.424 0.000 0.000 0.51
2019-05-04_01:40:35 00029 16.808 141.200 2373.290 8.248 0.400 3.299 0.53
2019-05-04_01:40:36 00030 16.792 142.800 2397.898 8.584 0.400 3.434 0.52
2019-05-04_01:40:37 00031 16.808 140.800 2366.566 8.424 0.400 3.370 0.51
2019-05-04_01:40:38 00032 16.808 140.800 2366.566 8.248 0.000 0.000 0.53
2019-05-04_01:40:39 00033 16.792 141.600 2377.747 8.584 0.400 3.434 0.52
2019-05-04_01:40:40 00034 16.808 138.000 2319.504 8.424 0.000 0.000 0.51
2019-05-04_01:40:41 00035 16.800 138.000 2318.400 8.248 0.400 3.299 0.53
2019-05-04_01:40:42 00036 16.800 142.800 2399.040 8.584 0.400 3.434 0.52
2019-05-04_01:40:43 00037 16.808 141.600 2380.013 8.432 0.000 0.000 0.51
2019-05-04_01:40:44 00038 16.808 138.000 2319.504 8.248 0.000 0.000 0.53
2019-05-04_01:40:45 00039 16.800 138.000 2318.400 8.584 0.400 3.434 0.52
2019-05-04_01:40:46 00040 16.808 141.600 2380.013 8.432 0.400 3.373 0.51
2019-05-04_01:40:47 00041 16.800 140.800 2365.440 8.248 0.000 0.000 0.53
2019-05-04_01:40:48 00042 16.800 138.800 2331.840 8.584 0.400 3.434 0.52