2019-05-05_01:51:16 00001 11.560 201.600 2330.496 3.216 0.000 0.000 0.32
2019-05-05_01:51:17 00002 11.560 194.800 2251.888 3.432 0.000 0.000 0.34
2019-05-05_01:51:18 00003 11.568 201.200 2327.482 3.672 0.400 1.469 0.36
2019-05-05_01:51:19 00004 11.568 200.800 2322.854 3.920 0.000 0.000 0.38
2019-05-05_01:51:20 00005 11.560 202.400 2339.744 4.144 0.000 0.000 0.40
2019-05-05_01:51:21 00006 11.560 198.000 2288.880 4.384 0.000 0.000 0.42
2019-05-05_01:51:22 00007 11.560 204.000 2358.240 4.608 0.000 0.000 0.44
2019-05-05_01:51:23 00008 11.568 203.200 2350.618 4.856 0.000 0.000 0.46
2019-05-05_01:51:24 00009 11.552 202.000 2333.504 5.072 0.000 0.000 0.48
2019-05-05_01:51:25 00010 11.560 204.400 2362.864 5.304 0.000 0.000 0.50
2019-05-05_01:51:27 00011 11.560 205.200 2372.112 5.536 0.000 0.000 0.52
2019-05-05_01:51:28 00012 11.560 205.600 2376.736 5.776 0.000 0.000 0.54
2019-05-05_01:51:29 00013 11.552 200.000 2310.400 5.992 0.000 0.000 0.56
2019-05-05_01:51:30 00014 11.568 205.600 2378.381 6.224 0.000 0.000 0.58
2019-05-05_01:51:31 00015 11.560 204.800 2367.488 6.448 0.000 0.000 0.60
2019-05-05_01:51:32 00016 11.560 204.000 2358.240 6.680 0.000 0.000 0.62
2019-05-05_01:51:33 00017 11.560 198.400 2293.504 6.896 0.000 0.000 0.64
2019-05-05_01:51:34 00018 11.568 198.000 2290.464 7.128 0.400 2.851 0.66
2019-05-05_01:51:37 00021 11.560 200.000 2312.000 7.760 0.000 0.000 0.72
2019-05-05_01:51:40 00024 11.552 199.200 2301.158 8.408 0.000 0.000 0.75
2019-05-05_01:51:43 00027 11.560 199.200 2302.752 8.320 0.000 0.000 0.75
2019-05-05_01:51:46 00030 11.552 199.200 2301.158 8.352 0.000 0.000 0.76
2019-05-05_01:51:49 00033 11.560 196.000 2265.760 8.384 0.000 0.000 0.76
2019-05-05_01:51:52 00036 11.560 200.800 2321.248 8.296 0.000 0.000 0.77
2019-05-05_01:51:55 00039 11.560 200.400 2316.624 8.304 0.000 0.000 0.75
2019-05-05_01:51:58 00042 11.560 200.400 2316.624 8.336 0.000 0.000 0.75
2019-05-05_01:52:01 00045 11.560 200.000 2312.000 8.368 0.400 3.347 0.76
2019-05-05_01:52:04 00048 11.560 198.000 2288.880 8.400 0.000 0.000 0.76
2019-05-05_01:52:07 00051 11.560 198.400 2293.504 8.312 0.400 3.325 0.75
2019-05-05_01:52:10 00054 11.560 198.800 2298.128 8.344 0.400 3.338 0.76
2019-05-05_01:52:13 00057 11.552 199.600 2305.779 8.376 0.400 3.350 0.76
2019-05-05_01:52:16 00060 11.552 198.000 2287.296 8.408 0.000 0.000 0.75
2019-05-05_01:52:19 00063 11.560 198.400 2293.504 8.320 0.400 3.328 0.75
2019-05-05_01:52:22 00066 11.560 199.200 2302.752 8.360 0.400 3.344 0.76
2019-05-05_01:52:25 00069 11.552 199.200 2301.158 8.384 0.000 0.000 0.76
2019-05-05_01:52:28 00072 11.568 201.200 2327.482 8.304 0.000 0.000 0.75
2019-05-05_01:52:31 00075 11.560 196.400 2270.384 8.336 0.000 0.000 0.75
2019-05-05_01:52:34 00078 11.560 193.200 2233.392 8.368 0.000 0.000 0.76
2019-05-05_01:52:37 00081 11.552 200.800 2319.642 8.392 0.000 0.000 0.76
2019-05-05_01:52:40 00084 11.560 200.400 2316.624 8.312 0.000 0.000 0.75
2019-05-05_01:52:43 00087 11.560 194.000 2242.640 8.344 0.400 3.338 0.76