2019-05-05_01:16:18 05657 11.560 194.400 2247.264 8.296 0.400 3.318 0.77
2019-05-05_01:16:19 05658 11.568 169.200 1957.306 8.544 0.000 0.000 0.76
2019-05-05_01:16:20 05659 11.568 170.000 1966.560 8.416 0.400 3.366 0.75
2019-05-05_01:16:21 05660 11.584 170.400 1973.914 8.304 0.000 0.000 0.75
2019-05-05_01:16:22 05661 11.584 170.000 1969.280 8.312 0.400 3.325 0.75
2019-05-05_01:16:23 05662 11.576 170.400 1972.550 8.328 0.000 0.000 0.75
2019-05-05_01:16:24 05663 11.584 170.400 1973.914 8.336 0.400 3.334 0.75
2019-05-05_01:16:25 05664 11.576 171.600 1986.442 8.344 0.400 3.338 0.75
2019-05-05_01:16:26 05665 11.576 169.200 1958.659 8.360 0.000 0.000 0.76
2019-05-05_01:16:27 05666 11.576 170.000 1967.920 8.368 0.400 3.347 0.76
2019-05-05_01:16:28 05667 11.560 190.000 2196.400 8.368 0.400 3.347 0.76
2019-05-05_01:16:29 05668 11.576 168.000 1944.768 8.392 0.400 3.357 0.76
2019-05-05_01:16:30 05669 11.576 171.200 1981.811 8.400 0.400 3.360 0.76
2019-05-05_01:16:31 05670 11.568 170.000 1966.560 8.408 0.000 0.000 0.75
2019-05-05_01:16:32 05671 11.584 169.200 1960.013 8.304 0.400 3.322 0.75
2019-05-05_01:16:33 05672 11.568 197.200 2281.210 8.304 0.000 0.000 0.75
2019-05-05_01:16:34 05673 11.584 169.200 1960.013 8.336 0.400 3.334 0.75
2019-05-05_01:16:35 05674 11.584 168.800 1955.379 8.344 0.000 0.000 0.75
2019-05-05_01:16:36 05675 11.576 170.400 1972.550 8.352 0.000 0.000 0.75
2019-05-05_01:16:37 05676 11.576 170.400 1972.550 8.360 0.000 0.000 0.76
2019-05-05_01:16:38 05677 11.560 199.600 2307.376 8.352 0.000 0.000 0.76
2019-05-05_01:16:39 05678 11.576 166.800 1930.877 8.376 0.000 0.000 0.76
2019-05-05_01:16:40 05679 11.576 168.800 1954.029 8.392 0.000 0.000 0.76
2019-05-05_01:16:41 05680 11.576 169.200 1958.659 8.400 0.400 3.360 0.76
2019-05-05_01:16:42 05681 11.576 170.400 1972.550 8.408 0.400 3.363 0.75
2019-05-05_01:16:43 05682 11.560 184.000 2127.040 8.288 0.000 0.000 0.77
2019-05-05_01:16:44 05683 11.568 166.400 1924.915 8.552 0.000 0.000 0.76
2019-05-05_01:16:45 05684 11.552 195.600 2259.571 8.416 0.000 0.000 0.75
2019-05-05_01:16:46 05685 11.584 168.800 1955.379 8.304 0.000 0.000 0.75
2019-05-05_01:16:47 05686 11.576 170.400 1972.550 8.312 0.000 0.000 0.75
2019-05-05_01:16:48 05687 11.568 192.000 2221.056 8.312 0.000 0.000 0.75
2019-05-05_01:16:49 05688 11.584 168.400 1950.746 8.336 0.400 3.334 0.75
2019-05-05_01:16:50 05689 11.552 192.800 2227.226 8.344 0.400 3.338 0.75
2019-05-05_01:16:51 05690 11.576 170.800 1977.181 8.360 0.400 3.344 0.76
2019-05-05_01:16:52 05691 11.584 164.000 1899.776 8.368 0.400 3.347 0.76
2019-05-05_01:16:53 05692 11.552 178.000 2056.256 8.368 0.000 0.000 0.76
2019-05-05_01:16:54 05693 11.568 164.400 1901.779 8.392 0.400 3.357 0.76
2019-05-05_01:16:55 05694 11.576 167.200 1935.507 8.400 0.400 3.360 0.76
2019-05-05_01:16:56 05695 11.568 170.000 1966.560 8.416 0.000 0.000 0.75
2019-05-05_01:16:57 05696 11.584 170.400 1973.914 8.304 0.000 0.000 0.75
2019-05-05_01:16:58 05697 11.560 196.800 2275.008 8.296 0.400 3.318 0.77
2019-05-05_01:16:59 05698 11.568 167.600 1938.797 8.568 0.000 0.000 0.76
2019-05-05_01:17:00 05699 11.576 168.800 1954.029 8.424 0.000 0.000 0.75
2019-05-05_01:17:01 05700 11.584 170.400 1973.914 8.312 0.000 0.000 0.75
2019-05-05_01:17:02 05701 11.584 170.000 1969.280 8.328 0.000 0.000 0.75
2019-05-05_01:17:03 05702 11.560 186.800 2159.408 8.328 0.000 0.000 0.75
2019-05-05_01:17:04 05703 11.576 170.400 1972.550 8.344 0.400 3.338 0.75
2019-05-05_01:17:05 05704 11.560 197.600 2284.256 8.344 0.000 0.000 0.76
2019-05-05_01:17:06 05705 11.576 170.400 1972.550 8.368 0.400 3.347 0.76
2019-05-05_01:17:07 05706 11.576 170.000 1967.920 8.376 0.400 3.350 0.76
2019-05-05_01:17:08 05707 11.560 197.600 2284.256 8.376 0.000 0.000 0.76
2019-05-05_01:17:09 05708 11.576 170.400 1972.550 8.400 0.400 3.360 0.76
2019-05-05_01:17:10 05709 11.560 170.000 1965.200 8.400 0.400 3.360 0.76
2019-05-05_01:17:11 05710 11.576 167.600 1940.138 8.424 0.400 3.370 0.75
2019-05-05_01:17:12 05711 11.584 167.200 1936.845 8.312 0.400 3.325 0.75
2019-05-05_01:17:13 05712 11.560 193.600 2238.016 8.312 0.000 0.000 0.75
2019-05-05_01:17:14 05713 11.576 169.600 1963.290 8.336 0.000 0.000 0.75
2019-05-05_01:17:15 05714 11.560 190.000 2196.400 8.344 0.400 3.338 0.75
2019-05-05_01:17:16 05715 11.576 169.600 1963.290 8.360 0.400 3.344 0.76
2019-05-05_01:17:17 05716 11.576 170.800 1977.181 8.368 0.000 0.000 0.76
2019-05-05_01:17:18 05717 11.560 192.800 2228.768 8.360 0.000 0.000 0.76
2019-05-05_01:17:19 05718 11.576 166.400 1926.246 8.392 0.400 3.357 0.76
2019-05-05_01:17:20 05719 11.576 169.200 1958.659 8.400 0.400 3.360 0.76
2019-05-05_01:17:21 05720 11.576 170.400 1972.550 8.408 0.400 3.363 0.75
2019-05-05_01:17:22 05721 11.584 170.000 1969.280 8.312 0.400 3.325 0.75
2019-05-05_01:17:23 05722 11.584 170.400 1973.914 8.320 0.000 0.000 0.75
2019-05-05_01:17:24 05723 11.584 166.400 1927.578 8.328 0.400 3.331 0.75
2019-05-05_01:17:25 05724 11.568 194.800 2253.446 8.328 0.400 3.331 0.75
2019-05-05_01:17:26 05725 11.576 169.600 1963.290 8.352 0.000 0.000 0.75
2019-05-05_01:17:27 05726 11.576 169.600 1963.290 8.360 0.400 3.344 0.76
2019-05-05_01:17:28 05727 11.552 181.200 2093.222 8.352 0.000 0.000 0.76
2019-05-05_01:17:29 05728 11.576 166.800 1930.877 8.376 0.400 3.350 0.76
2019-05-05_01:17:30 05729 11.560 190.400 2201.024 8.392 0.000 0.000 0.76
2019-05-05_01:17:31 05730 11.576 169.600 1963.290 8.400 0.400 3.360 0.76
2019-05-05_01:17:32 05731 11.576 170.400 1972.550 8.416 0.000 0.000 0.75
2019-05-05_01:17:33 05732 11.560 193.200 2233.392 8.296 0.400 3.318 0.77
2019-05-05_01:17:34 05733 11.568 169.600 1961.933 8.552 0.000 0.000 0.76
2019-05-05_01:17:35 05734 11.552 190.800 2204.122 8.416 0.000 0.000 0.75
2019-05-05_01:17:36 05735 11.584 168.800 1955.379 8.304 0.000 0.000 0.75
2019-05-05_01:17:37 05736 11.584 170.000 1969.280 8.312 0.000 0.000 0.75
2019-05-05_01:17:38 05737 11.576 169.600 1963.290 8.328 0.000 0.000 0.75
2019-05-05_01:17:39 05738 11.576 170.000 1967.920 8.336 0.400 3.334 0.75
2019-05-05_01:17:40 05739 11.576 164.800 1907.725 8.344 0.400 3.338 0.75
2019-05-05_01:17:41 05740 11.576 169.600 1963.290 8.360 0.400 3.344 0.76
2019-05-05_01:17:42 05741 11.576 170.400 1972.550 8.368 0.400 3.347 0.76
2019-05-05_01:17:43 05742 11.576 169.200 1958.659 8.384 0.400 3.354 0.76
2019-05-05_01:17:44 05743 11.576 170.400 1972.550 8.392 0.000 0.000 0.76
2019-05-05_01:17:45 05744 11.576 163.200 1889.203 8.400 0.000 0.000 0.76
2019-05-05_01:17:46 05745 11.568 170.800 1975.814 8.408 0.000 0.000 0.75
2019-05-05_01:17:47 05746 11.584 170.400 1973.914 8.304 0.000 0.000 0.75
2019-05-05_01:17:48 05747 11.584 170.400 1973.914 8.304 0.000 0.000 0.75
2019-05-05_01:17:49 05748 11.584 160.800 1862.707 8.328 0.000 0.000 0.75
2019-05-05_01:17:50 05749 11.576 189.200 2190.179 8.336 0.400 3.334 0.75
2019-05-05_01:17:51 05750 11.584 166.400 1927.578 8.344 0.400 3.338 0.75
2019-05-05_01:17:52 05751 11.576 163.600 1893.834 8.360 0.000 0.000 0.76
2019-05-05_01:17:53 05752 11.560 196.800 2275.008 8.360 0.400 3.344 0.76
2019-05-05_01:17:54 05753 11.576 170.400 1972.550 8.376 0.400 3.350 0.76
2019-05-05_01:17:55 05754 11.560 188.000 2173.280 8.376 0.400 3.350 0.76
2019-05-05_01:17:56 05755 11.576 168.400 1949.398 8.400 0.400 3.360 0.76
2019-05-05_01:17:57 05756 11.576 169.600 1963.290 8.408 0.400 3.363 0.75
2019-05-05_01:17:58 05757 11.568 198.000 2290.464 8.296 0.000 0.000 0.77