2019-05-05_21:41:02 00607 2.240 -0.800 -1.792 7.904 266.400 2105.626 0.00
2019-05-05_21:41:03 00608 2.240 -0.800 -1.792 7.944 198.000 1572.912 0.00
2019-05-05_21:41:04 00609 2.240 -0.800 -1.792 7.960 191.200 1521.952 0.00
2019-05-05_21:41:05 00610 2.240 -0.800 -1.792 7.960 191.600 1525.136 0.00
2019-05-05_21:41:06 00611 2.240 -0.800 -1.792 7.960 192.000 1528.320 0.00
2019-05-05_21:41:07 00612 2.240 -0.800 -1.792 7.960 191.600 1525.136 0.00
2019-05-05_21:41:08 00613 2.240 -0.800 -1.792 7.960 192.000 1528.320 0.00
2019-05-05_21:41:09 00614 2.240 -0.800 -1.792 7.960 191.600 1525.136 0.00
2019-05-05_21:41:10 00615 2.240 -0.800 -1.792 7.960 196.800 1566.528 0.00
2019-05-05_21:41:11 00616 2.240 -0.800 -1.792 7.960 192.000 1528.320 0.00
2019-05-05_21:41:12 00617 2.240 -0.800 -1.792 7.960 191.600 1525.136 0.00
2019-05-05_21:41:13 00618 2.240 -0.800 -1.792 7.960 191.600 1525.136 0.00
2019-05-05_21:41:14 00619 2.240 -0.800 -1.792 7.952 192.000 1526.784 0.00
2019-05-05_21:41:15 00620 2.240 -0.800 -1.792 7.960 191.600 1525.136 0.00
2019-05-05_21:41:16 00621 2.240 -0.800 -1.792 7.944 217.200 1725.437 0.00
2019-05-05_21:41:17 00622 2.240 -0.800 -1.792 7.960 192.000 1528.320 0.00
2019-05-05_21:41:18 00623 2.240 -0.800 -1.792 7.944 193.200 1534.781 0.00
2019-05-05_21:41:19 00624 2.240 -0.800 -1.792 7.960 191.600 1525.136 0.00
2019-05-05_21:41:20 00625 2.240 -0.800 -1.792 7.960 192.400 1531.504 0.00
2019-05-05_21:41:21 00626 2.240 -0.800 -1.792 7.952 191.600 1523.603 0.00
2019-05-05_21:41:22 00627 2.240 -0.800 -1.792 7.960 192.000 1528.320 0.00
2019-05-05_21:41:23 00628 2.240 -0.800 -1.792 7.960 191.600 1525.136 0.00
2019-05-05_21:41:24 00629 2.240 -0.800 -1.792 7.960 191.600 1525.136 0.00
2019-05-05_21:41:25 00630 2.240 -0.800 -1.792 7.960 192.000 1528.320 0.00
2019-05-05_21:41:26 00631 2.240 -0.800 -1.792 7.960 191.200 1521.952 0.00
2019-05-05_21:41:27 00632 2.240 -0.800 -1.792 7.904 217.200 1716.749 0.00
2019-05-05_21:41:28 00633 2.240 -0.800 -1.792 7.960 192.000 1528.320 0.00
2019-05-05_21:41:29 00634 2.240 -0.800 -1.792 7.960 191.600 1525.136 0.00
2019-05-05_21:41:30 00635 2.240 -0.800 -1.792 7.960 196.000 1560.160 0.00
2019-05-05_21:41:31 00636 2.240 -0.800 -1.792 7.960 192.400 1531.504 0.00
2019-05-05_21:41:32 00637 2.240 -0.800 -1.792 7.960 191.600 1525.136 0.00
2019-05-05_21:41:33 00638 2.240 -0.800 -1.792 7.960 192.400 1531.504 0.00
2019-05-05_21:41:34 00639 2.240 -0.800 -1.792 7.952 191.600 1523.603 0.00
2019-05-05_21:41:35 00640 2.240 -0.800 -1.792 7.960 191.600 1525.136 0.00
2019-05-05_21:41:36 00641 2.240 -0.800 -1.792 7.960 195.600 1556.976 0.00
2019-05-05_21:41:37 00642 2.240 -0.800 -1.792 7.960 191.600 1525.136 0.00
2019-05-05_21:41:38 00643 2.240 -0.800 -1.792 7.944 191.600 1522.070 0.00
2019-05-05_21:41:39 00644 2.240 -0.800 -1.792 7.960 191.200 1521.952 0.00
2019-05-05_21:41:40 00645 2.240 -0.800 -1.792 7.960 191.200 1521.952 0.00
2019-05-05_21:41:41 00646 2.240 -0.800 -1.792 7.960 191.600 1525.136 0.00
2019-05-05_21:41:42 00647 2.240 -0.800 -1.792 7.960 191.200 1521.952 0.00
2019-05-05_21:41:43 00648 2.240 -0.800 -1.792 7.960 191.600 1525.136 0.00
2019-05-05_21:41:44 00649 2.240 -0.800 -1.792 7.960 192.000 1528.320 0.00
2019-05-05_21:41:45 00650 2.240 -0.800 -1.792 7.960 192.400 1531.504 0.00
2019-05-05_21:41:46 00651 2.240 -0.800 -1.792 7.944 216.800 1722.259 0.00
2019-05-05_21:41:47 00652 2.240 -0.800 -1.792 7.960 191.600 1525.136 0.00
2019-05-05_21:41:48 00653 2.240 -0.800 -1.792 7.960 191.600 1525.136 0.00
2019-05-05_21:41:49 00654 2.240 -0.800 -1.792 7.960 192.000 1528.320 0.00
2019-05-05_21:41:50 00655 2.240 -0.800 -1.792 7.960 191.600 1525.136 0.00
2019-05-05_21:41:51 00656 2.240 -0.800 -1.792 7.960 191.600 1525.136 0.00
2019-05-05_21:41:52 00657 2.240 -0.800 -1.792 7.944 191.600 1522.070 0.00
2019-05-05_21:41:53 00658 2.240 -0.800 -1.792 7.960 192.400 1531.504 0.00
2019-05-05_21:41:54 00659 2.240 -0.800 -1.792 7.960 191.600 1525.136 0.00
2019-05-05_21:41:55 00660 2.240 -0.800 -1.792 7.952 191.600 1523.603 0.00
2019-05-05_21:41:56 00661 2.240 -0.800 -1.792 7.960 191.600 1525.136 0.00
2019-05-05_21:41:57 00662 2.240 -0.800 -1.792 7.960 192.800 1534.688 0.00
2019-05-05_21:41:58 00663 2.240 -0.800 -1.792 7.960 191.600 1525.136 0.00
2019-05-05_21:41:59 00664 2.240 -0.800 -1.792 7.960 191.600 1525.136 0.00
2019-05-05_21:42:00 00665 2.240 -0.800 -1.792 7.960 191.200 1521.952 0.00
2019-05-05_21:42:01 00666 2.240 -0.800 -1.792 7.960 191.200 1521.952 0.00
2019-05-05_21:42:02 00667 2.240 -0.800 -1.792 7.960 191.600 1525.136 0.00
2019-05-05_21:42:03 00668 2.240 -0.800 -1.792 7.944 192.400 1528.426 0.00
2019-05-05_21:42:04 00669 2.240 -0.800 -1.792 7.960 191.200 1521.952 0.00
2019-05-05_21:42:05 00670 2.240 -0.800 -1.792 7.960 194.000 1544.240 0.00
2019-05-05_21:42:06 00671 2.240 -0.800 -1.792 7.952 191.600 1523.603 0.00
2019-05-05_21:42:07 00672 2.240 -0.800 -1.792 7.960 191.600 1525.136 0.00
2019-05-05_21:42:08 00673 2.240 -0.800 -1.792 7.960 192.000 1528.320 0.00
2019-05-05_21:42:09 00674 2.240 -0.800 -1.792 7.952 192.000 1526.784 0.00
2019-05-05_21:42:10 00675 2.240 -0.800 -1.792 7.960 192.800 1534.688 0.00
2019-05-05_21:42:11 00676 2.240 -0.800 -1.792 7.960 192.000 1528.320 0.00
2019-05-05_21:42:12 00677 2.240 -0.800 -1.792 7.960 191.600 1525.136 0.00
2019-05-05_21:42:13 00678 2.240 -0.800 -1.792 7.960 191.600 1525.136 0.00
2019-05-05_21:42:14 00679 2.240 -0.800 -1.792 7.960 191.600 1525.136 0.00
2019-05-05_21:42:15 00680 2.240 -0.400 -0.896 7.960 191.600 1525.136 0.00
2019-05-05_21:42:16 00681 2.240 -0.800 -1.792 7.960 196.800 1566.528 0.00
2019-05-05_21:42:17 00682 2.240 -0.800 -1.792 7.960 191.600 1525.136 0.00
2019-05-05_21:42:18 00683 2.240 -0.800 -1.792 7.960 191.600 1525.136 0.00
2019-05-05_21:42:19 00684 2.240 -0.800 -1.792 7.960 191.600 1525.136 0.00
2019-05-05_21:42:20 00685 2.240 -0.800 -1.792 7.960 191.600 1525.136 0.00
2019-05-05_21:42:21 00686 2.240 -0.800 -1.792 7.960 192.000 1528.320 0.00
2019-05-05_21:42:22 00687 2.240 -0.800 -1.792 7.960 192.000 1528.320 0.00
2019-05-05_21:42:23 00688 2.240 -0.800 -1.792 7.960 191.600 1525.136 0.00
2019-05-05_21:42:24 00689 2.240 -0.800 -1.792 7.960 191.600 1525.136 0.00
2019-05-05_21:42:25 00690 2.240 -0.800 -1.792 7.960 191.200 1521.952 0.00
2019-05-05_21:42:26 00691 2.240 -0.800 -1.792 7.960 191.600 1525.136 0.00
2019-05-05_21:42:27 00692 2.240 -0.800 -1.792 7.944 217.200 1725.437 0.00
2019-05-05_21:42:28 00693 2.240 -0.800 -1.792 7.944 192.400 1528.426 0.00
2019-05-05_21:42:29 00694 2.240 -0.800 -1.792 7.960 192.000 1528.320 0.00
2019-05-05_21:42:30 00695 2.240 -0.800 -1.792 7.960 192.000 1528.320 0.00
2019-05-05_21:42:31 00696 2.240 -0.800 -1.792 7.952 191.600 1523.603 0.00
2019-05-05_21:42:32 00697 2.240 -0.800 -1.792 7.960 192.000 1528.320 0.00
2019-05-05_21:42:33 00698 2.240 -0.800 -1.792 7.960 192.000 1528.320 0.00
2019-05-05_21:42:34 00699 2.240 -0.800 -1.792 7.960 192.000 1528.320 0.00
2019-05-05_21:42:35 00700 2.240 -0.800 -1.792 7.960 202.800 1614.288 0.00
2019-05-05_21:42:36 00701 2.240 -0.800 -1.792 7.960 191.600 1525.136 0.00
2019-05-05_21:42:37 00702 2.240 -0.800 -1.792 7.960 192.000 1528.320 0.00
2019-05-05_21:42:38 00703 2.240 -0.800 -1.792 7.952 192.000 1526.784 0.00
2019-05-05_21:42:39 00704 2.240 -0.800 -1.792 7.960 192.000 1528.320 0.00
2019-05-05_21:42:40 00705 2.240 -0.800 -1.792 7.960 192.000 1528.320 0.00
2019-05-05_21:42:41 00706 2.240 -0.800 -1.792 7.960 192.000 1528.320 0.00
2019-05-05_21:42:42 00707 2.240 -0.800 -1.792 7.960 201.600 1604.736 0.00