1999-12-31T00_00_00 351 -0.00   -0.0    0.0  -0.00   -0.0    0.0  1.00 128 128
1999-12-31T00_00_00 352 -0.00   -0.0    0.0  -0.00   -0.0    0.0  1.00 128 128
1999-12-31T00_00_00 353 -0.00   -0.0    0.0  -0.00   -0.0    0.0  1.00 128 128
1999-12-31T00_00_00 354 -0.00   -0.0    0.0  -0.00   -0.0    0.0  1.00 128 128
1999-12-31T00_00_00 355 -0.00   -0.0    0.0  -0.00   -0.0    0.0  1.00 128 128
1999-12-31T00_00_00 356 -0.00   -0.0    0.0  -0.00   -0.0    0.0  1.00 128 128
1999-12-31T00_00_00 357 -0.00   -0.0    0.0  -0.00   -0.0    0.0  1.00 128 128
1999-12-31T00_00_00 358 -0.00   -0.0    0.0  -0.00   -0.0    0.0  1.00 128 128
1999-12-31T00_00_00 359 -0.00   -0.0    0.0  -0.00   -0.0    0.0  1.00 128 128
1999-12-31T00_00_00 360 -0.00   -0.0    0.0  -0.00   -0.0    0.0  1.00 128 128
1999-12-31T00_00_00 361 -0.00   -0.0    0.0  -0.00   -0.0    0.0  1.00 128 128
1999-12-31T00_00_00 362 -0.00   -0.0    0.0  -0.00   -0.0    0.0  1.00 128 128
1999-12-31T00_00_00 363 -0.00   -0.0    0.0  -0.00   -0.0    0.0  1.00 128 128
1999-12-31T00_00_00 364 -0.00   -0.0    0.0  -0.00   -0.0    0.0  1.00 128 128
1999-12-31T00_00_00 365 -0.00   -0.0    0.0  -0.00   -0.0    0.0  1.00 128 128
1999-12-31T00_00_00 366 -0.00   -0.0    0.0  -0.00   -0.0    0.0  1.00 128 128
1999-12-31T00_00_00 367 -0.00   -0.0    0.0  -0.00   -0.0    0.0  1.00 128 128
1999-12-31T00_00_00 368 -0.00   -0.0    0.0  -0.00   -0.0    0.0  1.00 128 128
1999-12-31T00_00_00 369 -0.00   -0.0    0.0  -0.00   -0.0    0.0  1.00 128 128
1999-12-31T00_00_00 370 -0.00   -0.0    0.0  -0.00   -0.0    0.0  1.00 128 128
1999-12-31T00_00_00 371 -0.00   -0.0    0.0  -0.00   -0.0    0.0  1.00 128 128
1999-12-31T00_00_00 372 -0.00   -0.0    0.0  -0.00   -0.0    0.0  1.00 128 128
1999-12-31T00_00_00 373 -0.00   -0.0    0.0  -0.00   -0.0    0.0  1.00 128 128
1999-12-31T00_00_00 374 -0.00   -0.0    0.0  -0.00   -0.0    0.0  1.00 128 128
1999-12-31T00_00_00 375 -0.00   -0.0    0.0  -0.00   -0.0    0.0  1.00 128 128
1999-12-31T00_00_00 376 -0.00   -0.0    0.0  -0.00   -0.0    0.0  1.00 128 128
1999-12-31T00_00_00 377 -0.00   -0.0    0.0  -0.00   -0.0    0.0  1.00 128 128
1999-12-31T00_00_00 378 -0.00   -0.0    0.0  -0.00   -0.0    0.0  1.00 128 128
1999-12-31T00_00_00 379 -0.00   -0.0    0.0  -0.00   -0.0    0.0  1.00 128 128
1999-12-31T00_00_00 380 -0.00   -0.0    0.0  -0.00   -0.0    0.0  1.00 128 128
1999-12-31T00_00_00 381 -0.00   -0.0    0.0  -0.00   -0.0    0.0  1.00 128 128
1999-12-31T00_00_00 382 -0.00   -0.0    0.0  -0.00   -0.0    0.0  1.00 128 128
1999-12-31T00_00_00 383 -0.00   -0.0    0.0  -0.00   -0.0    0.0  1.00 128 128
1999-12-31T00_00_00 384 -0.00   -0.0    0.0  -0.00   -0.0    0.0  1.00 128 128
1999-12-31T00_00_00 385 -0.00   -0.0    0.0  -0.00   -0.0    0.0  1.00 128 128
1999-12-31T00_00_00 386 -0.00   -0.0    0.0  -0.00   -0.0    0.0  1.00 128 128
1999-12-31T00_00_00 387 -0.00   -0.0    0.0  -0.00   -0.0    0.0  1.00 128 128
1999-12-31T00_00_00 388 -0.00   -0.0    0.0  -0.00   -0.0    0.0  1.00 128 128
1999-12-31T00_00_00 389 -0.00   -0.0    0.0  -0.00   -0.0    0.0  1.00 128 128
1999-12-31T00_00_00 390 -0.00   -0.0    0.0  -0.00   -0.0    0.0  1.00 128 128
1999-12-31T00_00_00 391 -0.00   -0.0    0.0  -0.00   -0.0    0.0  1.00 128 128
1999-12-31T00_00_00 392 -0.00   -0.0    0.0  -0.00   -0.0    0.0  1.00 128 128
1999-12-31T00_00_00 393 -0.00   -0.0    0.0  -0.00   -0.0    0.0  1.00 128 128
1999-12-31T00_00_00 394 -0.00   -0.0    0.0  -0.00   -0.0    0.0  1.00 128 128
1999-12-31T00_00_00 395 -0.00   -0.0    0.0  -0.00   -0.0    0.0  1.00 128 128
1999-12-31T00_00_00 396 -0.00   -0.0    0.0  -0.00   -0.0    0.0  1.00 128 128
1999-12-31T00_00_00 397 -0.00   -0.0    0.0  -0.00   -0.0    0.0  1.00 128 128
1999-12-31T00_00_00 398 -0.00   -0.0    0.0  -0.00   -0.0    0.0  1.00 128 128
1999-12-31T00_00_00 399 -0.00   -0.0    0.0  -0.00   -0.0    0.0  1.00 128 128
1999-12-31T00_00_00 400 -0.00   -0.0    0.0  -0.00   -0.0    0.0  1.00 128 128
1999-12-31T00_00_00 401 -0.00   -0.0    0.0  -0.00   -0.0    0.0  1.00 128 128