2019-01-21T03_51_54 2422  9.66  228.0 2201.5   7.76    0.0    0.0  0.00 215.00 215.00
2019-01-21T03_51_56 2423  9.66  227.2 2193.8   7.76    0.0    0.0  0.00 215.00 215.00
2019-01-21T03_51_59 2424  9.66  228.0 2201.5   7.76    0.0    0.0  0.00 215.00 215.00
2019-01-21T03_52_01 2425  9.66  227.6 2197.7   7.76    0.0    0.0  0.00 215.00 215.00
2019-01-21T03_52_04 2426  9.66  227.2 2193.8   7.76    0.0    0.0  0.00 215.00 215.00
2019-01-21T03_52_06 2427  9.66  227.2 2193.8   7.76    0.0    0.0  0.00 215.00 215.00
2019-01-21T03_52_08 2428  9.66  228.4 2205.4   7.76    0.0    0.0  0.00 215.00 215.00
2019-01-21T03_52_11 2429  9.66  228.0 2201.5   7.76    0.0    0.0  0.00 215.00 215.00
2019-01-21T03_52_13 2430  9.66  227.6 2197.7   7.76    0.0    0.0  0.00 215.00 215.00
2019-01-21T03_52_16 2431  9.66  228.0 2201.5   7.76    0.0    0.0  0.00 215.00 215.00
2019-01-21T03_52_18 2432  9.66  228.4 2205.4   7.76    0.0    0.0  0.00 215.00 215.00
2019-01-21T03_52_21 2433  9.66  227.2 2193.8   7.76    0.0    0.0  0.00 215.00 215.00
2019-01-21T03_52_23 2434  9.62  266.4 2563.8   7.74    0.0    0.0  0.00 216.00 216.00
2019-01-21T03_52_25 2435  9.62  268.4 2583.0   7.73    0.0    0.0  0.00 215.00 215.00
2019-01-21T03_52_28 2436  9.63  266.4 2565.9   7.74    0.0    0.0  0.00 215.00 215.00
2019-01-21T03_52_30 2437  9.63  264.8 2550.5   7.74    0.0    0.0  0.00 216.00 216.00
2019-01-21T03_52_33 2438  9.63  266.0 2562.1   7.74    0.0    0.0  0.00 215.00 215.00
2019-01-21T03_52_35 2439  9.63  265.6 2558.2   7.74    0.0    0.0  0.00 215.00 215.00
2019-01-21T03_52_38 2440  9.62  266.0 2559.9   7.74    0.0    0.0  0.00 215.00 215.00
2019-01-21T03_52_40 2441  9.63  265.2 2554.4   7.74    0.0    0.0  0.00 215.00 215.00
2019-01-21T03_52_42 2442  9.62  266.0 2559.9   7.73    0.0    0.0  0.00 215.00 215.00
2019-01-21T03_52_45 2443  9.63  264.4 2546.7   7.74    0.0    0.0  0.00 216.00 216.00
2019-01-21T03_52_47 2444  9.62  270.4 2602.3   7.73    0.0    0.0  0.00 216.00 216.00
2019-01-21T03_52_50 2445  9.63  262.4 2527.4   7.74    0.0    0.0  0.00 215.00 215.00
2019-01-21T03_52_52 2446  9.62  270.0 2598.4   7.73    0.0    0.0  0.00 215.00 215.00
2019-01-21T03_52_55 2447  9.63  259.2 2496.6   7.74    0.0    0.0  0.00 215.00 215.00
2019-01-21T03_52_57 2448  9.63  262.0 2523.5   7.74    0.0    0.0  0.00 215.00 215.00
2019-01-21T03_52_59 2449  9.63  260.4 2508.1   7.74    0.0    0.0  0.00 215.00 215.00
2019-01-21T03_53_02 2450  9.63  263.2 2535.1   7.74    0.0    0.0  0.00 215.00 215.00
2019-01-21T03_53_04 2451  9.63  262.8 2531.2   7.74    0.0    0.0  0.00 215.00 215.00
2019-01-21T03_53_07 2452  9.63  261.2 2515.8   7.74    0.0    0.0  0.00 216.00 216.00
2019-01-21T03_53_09 2453  9.63  261.6 2519.7   7.74    0.0    0.0  0.00 215.00 215.00
2019-01-21T03_53_12 2454  9.63  260.8 2512.0   7.74    0.0    0.0  0.00 215.00 215.00
2019-01-21T03_53_14 2455  9.63  260.8 2512.0   7.74    0.0    0.0  0.00 215.00 215.00
2019-01-21T03_53_16 2456  9.63  264.0 2542.8   7.74    0.0    0.0  0.00 215.00 215.00
2019-01-21T03_53_19 2457  9.63  263.6 2539.0   7.74    0.0    0.0  0.00 215.00 215.00
2019-01-21T03_53_21 2458  9.63  263.6 2539.0   7.74    0.0    0.0  0.00 215.00 215.00
2019-01-21T03_53_24 2459  9.63  262.4 2527.4   7.74    0.0    0.0  0.00 216.00 216.00
2019-01-21T03_53_26 2460  9.63  264.0 2542.8   7.74    0.0    0.0  0.00 215.00 215.00
2019-01-21T03_53_29 2461  9.63  263.2 2535.1   7.74    0.0    0.0  0.00 215.00 215.00
2019-01-21T03_53_31 2462  9.63  263.2 2535.1   7.74    0.0    0.0  0.00 216.00 216.00
2019-01-21T03_53_33 2463  9.66  228.0 2201.5   7.76    0.0    0.0  0.00 215.00 215.00
2019-01-21T03_53_36 2464  9.66  227.2 2193.8   7.76    0.0    0.0  0.00 216.00 216.00
2019-01-21T03_53_38 2465  9.65  240.8 2323.2   7.75    0.0    0.0  0.00 215.00 215.00
2019-01-21T03_53_41 2466  9.66  228.4 2205.4   7.76    0.0    0.0  0.00 215.00 215.00
2019-01-21T03_53_43 2467  9.66  227.2 2193.8   7.76    0.0    0.0  0.00 216.00 216.00
2019-01-21T03_53_46 2468  9.66  227.2 2193.8   7.76    0.0    0.0  0.00 215.00 215.00
2019-01-21T03_53_48 2469  9.66  228.4 2205.4   7.76    0.0    0.0  0.00 216.00 216.00
2019-01-21T03_53_50 2470  9.63  263.2 2535.1   7.74    0.0    0.0  0.00 215.00 215.00
2019-01-21T03_53_53 2471  9.66  228.4 2205.4   7.76    0.0    0.0  0.00 216.00 216.00
2019-01-21T03_53_55 2472  9.64  255.2 2460.1   7.74    0.0    0.0  0.00 215.00 215.00