2019-01-21T03_49_50 2371  9.66  226.8 2191.8   7.76    0.0    0.0  0.00 215.00 215.00
2019-01-21T03_49_52 2372  9.66  226.8 2191.8   7.76    0.0    0.0  0.00 216.00 216.00
2019-01-21T03_49_55 2373  9.66  226.8 2191.8   7.76    0.0    0.0  0.00 215.00 215.00
2019-01-21T03_49_57 2374  9.66  226.8 2191.8   7.76    0.0    0.0  0.00 216.00 216.00
2019-01-21T03_50_00 2375  9.66  226.8 2191.8   7.76    0.0    0.0  0.00 215.00 215.00
2019-01-21T03_50_02 2376  9.66  229.2 2213.1   7.76    0.0    0.0  0.00 215.00 215.00
2019-01-21T03_50_04 2377  9.66  226.8 2191.8   7.76    0.0    0.0  0.00 215.00 215.00
2019-01-21T03_50_07 2378  9.66  226.8 2191.8   7.76    0.0    0.0  0.00 216.00 216.00
2019-01-21T03_50_09 2379  9.66  226.8 2191.8   7.76    0.0    0.0  0.00 216.00 216.00
2019-01-21T03_50_12 2380  9.66  226.8 2191.8   7.76    0.0    0.0  0.00 215.00 215.00
2019-01-21T03_50_14 2381  9.66  226.8 2191.8   7.76    0.0    0.0  0.00 216.00 216.00
2019-01-21T03_50_17 2382  9.66  227.2 2193.8   7.76    0.0    0.0  0.00 216.00 216.00
2019-01-21T03_50_19 2383  9.66  226.8 2191.8   7.76    0.0    0.0  0.00 216.00 216.00
2019-01-21T03_50_21 2384  9.66  226.8 2191.8   7.76    0.0    0.0  0.00 215.00 215.00
2019-01-21T03_50_24 2385  9.66  226.8 2191.8   7.76    0.0    0.0  0.00 216.00 216.00
2019-01-21T03_50_26 2386  9.66  226.8 2191.8   7.76    0.0    0.0  0.00 215.00 215.00
2019-01-21T03_50_29 2387  9.66  226.8 2191.8   7.76    0.0    0.0  0.00 215.00 215.00
2019-01-21T03_50_31 2388  9.66  226.8 2191.8   7.76    0.0    0.0  0.00 215.00 215.00
2019-01-21T03_50_34 2389  9.66  226.8 2191.8   7.76    0.0    0.0  0.00 216.00 216.00
2019-01-21T03_50_36 2390  9.66  228.0 2201.5   7.76    0.0    0.0  0.00 216.00 216.00
2019-01-21T03_50_38 2391  9.62  266.4 2563.8   7.73    0.0    0.0  0.00 215.00 215.00
2019-01-21T03_50_41 2392  9.62  266.0 2559.9   7.74    0.0    0.0  0.00 215.00 215.00
2019-01-21T03_50_43 2393  9.62  266.4 2563.8   7.74    0.0    0.0  0.00 216.00 216.00
2019-01-21T03_50_46 2394  9.62  266.0 2559.9   7.74    0.0    0.0  0.00 216.00 216.00
2019-01-21T03_50_48 2395  9.62  267.2 2571.5   7.74    0.0    0.0  0.00 215.00 215.00
2019-01-21T03_50_51 2396  9.63  266.4 2565.9   7.74    0.0    0.0  0.00 215.00 215.00
2019-01-21T03_50_53 2397  9.63  265.6 2558.2   7.74    0.0    0.0  0.00 215.00 215.00
2019-01-21T03_50_55 2398  9.62  265.6 2556.1   7.74    0.0    0.0  0.00 215.00 215.00
2019-01-21T03_50_58 2399  9.62  269.2 2590.7   7.73    0.0    0.0  0.00 215.00 215.00
2019-01-21T03_51_00 2400  9.63  262.0 2523.5   7.74    0.0    0.0  0.00 215.00 215.00
2019-01-21T03_51_03 2401  9.63  263.6 2539.0   7.74    0.0    0.0  0.00 215.00 215.00
2019-01-21T03_51_05 2402  9.63  261.2 2515.8   7.74    0.0    0.0  0.00 215.00 215.00
2019-01-21T03_51_08 2403  9.63  260.0 2504.3   7.74    0.0    0.0  0.00 215.00 215.00
2019-01-21T03_51_10 2404  9.62  270.4 2602.3   7.73    0.0    0.0  0.00 215.00 215.00
2019-01-21T03_51_12 2405  9.63  260.4 2508.1   7.74    0.0    0.0  0.00 215.00 215.00
2019-01-21T03_51_15 2406  9.63  263.2 2535.1   7.74    0.0    0.0  0.00 215.00 215.00
2019-01-21T03_51_17 2407  9.62  266.8 2567.6   7.74    0.0    0.0  0.00 215.00 215.00
2019-01-21T03_51_20 2408  9.63  259.6 2500.4   7.74    0.0    0.0  0.00 215.00 215.00
2019-01-21T03_51_22 2409  9.63  261.2 2515.8   7.74    0.0    0.0  0.00 214.00 214.00
2019-01-21T03_51_25 2410  9.63  262.0 2523.5   7.63    0.0    0.0  0.00 215.00 215.00
2019-01-21T03_51_27 2411  9.62  268.8 2586.9   7.73    0.0    0.0  0.00 215.00 215.00
2019-01-21T03_51_29 2412  9.63  260.8 2512.0   7.74    0.0    0.0  0.00 215.00 215.00
2019-01-21T03_51_32 2413  9.63  264.8 2550.5   7.74    0.0    0.0  0.00 215.00 215.00
2019-01-21T03_51_34 2414  9.62  270.0 2598.4   7.73    0.0    0.0  0.00 215.00 215.00
2019-01-21T03_51_37 2415  9.63  262.4 2527.4   7.74    0.0    0.0  0.00 215.00 215.00
2019-01-21T03_51_39 2416  9.62  267.6 2575.3   7.73    0.0    0.0  0.00 215.00 215.00
2019-01-21T03_51_42 2417  9.63  265.6 2558.2   7.74    0.0    0.0  0.00 216.00 216.00
2019-01-21T03_51_44 2418  9.63  264.4 2546.7   7.74    0.0    0.0  0.00 215.00 215.00
2019-01-21T03_51_47 2419  9.62  268.8 2586.9   7.73    0.0    0.0  0.00 215.00 215.00
2019-01-21T03_51_49 2420  9.62  266.8 2567.6   7.73    0.0    0.0  0.00 215.00 215.00
2019-01-21T03_51_51 2421  9.66  228.4 2205.4   7.76    0.0    0.0  0.00 215.00 215.00