2019-02-02T09_46_49 14486 11.03  213.2 2352.0   7.79    0.0    0.0  0.00 190 190
2019-02-02T09_47_50 14511 11.03  213.2 2352.0   7.79    0.0    0.0  0.00 190 190
2019-02-02T09_48_50 14536 11.03  213.6 2356.4   7.79    0.0    0.0  0.00 190 190
2019-02-02T09_49_50 14561 11.03  213.2 2352.0   7.79    0.0    0.0  0.00 190 190
2019-02-02T09_50_50 14586 11.03  213.2 2352.0   7.79    0.0    0.0  0.00 190 190
2019-02-02T09_51_50 14611 11.03  213.2 2352.0   7.79    0.0    0.0  0.00 190 190
2019-02-02T09_52_50 14636 11.03  213.2 2352.0   7.79    0.0    0.0  0.00 190 190
2019-02-02T09_53_50 14661 11.03  213.2 2352.0   7.79    0.0    0.0  0.00 190 190
2019-02-02T09_54_50 14686 11.03  213.2 2352.0   7.79    0.0    0.0  0.00 190 190
2019-02-02T09_55_50 14711 11.03  213.2 2352.0   7.79    0.0    0.0  0.00 190 190
2019-02-02T09_56_50 14736 11.03  213.2 2352.0   7.79    0.0    0.0  0.00 190 190
2019-02-02T09_57_51 14761 11.03  213.2 2352.0   7.79    0.0    0.0  0.00 190 190
2019-02-02T09_58_51 14786 11.03  213.6 2356.4   7.79    0.0    0.0  0.00 190 190
2019-02-02T09_59_51 14811 11.03  214.0 2360.8   7.79    0.0    0.0  0.00 190 190
2019-02-02T10_00_51 14836 11.03  214.4 2365.2   7.79    0.0    0.0  0.00 190 190
2019-02-02T10_01_51 14861 11.03  213.6 2356.4   7.79    0.0    0.0  0.00 190 190
2019-02-02T10_02_51 14886 11.03  213.6 2356.4   7.79    0.0    0.0  0.00 190 190
2019-02-02T10_03_51 14911 11.03  214.4 2365.2   7.79    0.0    0.0  0.00 190 190
2019-02-02T10_04_51 14936 11.03  213.6 2356.4   7.79    0.0    0.0  0.00 190 190
2019-02-02T10_05_51 14961 11.03  214.0 2360.8   7.79    0.0    0.0  0.00 190 190
2019-02-02T10_06_52 14986 11.03  214.0 2360.8   7.79    0.0    0.0  0.00 190 190
2019-02-02T10_07_52 15011 11.03  213.6 2356.4   7.79    0.0    0.0  0.00 190 190
2019-02-02T10_08_52 15036 11.03  214.0 2360.8   7.79    0.0    0.0  0.00 190 190
2019-02-02T10_09_52 15061 11.03  214.0 2360.8   7.79    0.0    0.0  0.00 190 190
2019-02-02T10_10_52 15086 11.03  214.0 2360.8   7.79    0.0    0.0  0.00 190 190
2019-02-02T10_11_52 15111 11.03  214.8 2369.6   7.79    0.0    0.0  0.00 190 190
2019-02-02T10_12_52 15136 11.03  215.2 2374.0   7.79    0.0    0.0  0.00 190 190
2019-02-02T10_13_52 15161 11.03  214.4 2365.2   7.79    0.0    0.0  0.00 190 190
2019-02-02T10_14_52 15186 11.03  214.4 2365.2   7.79    0.0    0.0  0.00 190 190
2019-02-02T10_15_53 15211 11.03  214.0 2360.8   7.79    0.0    0.0  0.00 190 190
2019-02-02T10_16_53 15236 11.03  214.8 2369.6   7.79    0.0    0.0  0.00 190 190
2019-02-02T10_17_53 15261 11.03  214.0 2360.8   7.79    0.0    0.0  0.00 190 190
2019-02-02T10_18_53 15286 11.03  214.4 2365.2   7.79    0.0    0.0  0.00 190 190
2019-02-02T10_19_53 15311 11.03  214.4 2365.2   7.79    0.0    0.0  0.00 190 190
2019-02-02T10_20_53 15336 11.03  214.0 2360.8   7.79    0.0    0.0  0.00 190 190
2019-02-02T10_21_53 15361 11.03  214.4 2365.2   7.79    0.0    0.0  0.00 190 190
2019-02-02T10_22_53 15386 11.03  214.0 2360.8   7.79    0.0    0.0  0.00 190 190
2019-02-02T10_23_53 15411 11.03  214.0 2360.8   7.79    0.0    0.0  0.00 190 190
2019-02-02T10_24_54 15436 11.03  214.0 2360.8   7.79    0.0    0.0  0.00 190 190
2019-02-02T10_25_54 15461 11.03  214.4 2365.2   7.79    0.0    0.0  0.00 190 190
2019-02-02T10_26_54 15486 11.03  214.0 2360.8   7.79    0.0    0.0  0.00 190 190
2019-02-02T10_27_54 15511 11.03  214.0 2360.8   7.79    0.0    0.0  0.00 190 190
2019-02-02T10_28_54 15536 11.03  214.0 2360.8   7.79    0.0    0.0  0.00 190 190
2019-02-02T10_29_54 15561 11.03  214.0 2360.8   7.79    0.0    0.0  0.00 190 190
2019-02-02T10_30_54 15586 11.03  214.0 2360.8   7.79    0.0    0.0  0.00 190 190
2019-02-02T10_31_54 15611 11.03  214.0 2360.8   7.79    0.0    0.0  0.00 190 190
2019-02-02T10_32_54 15636 11.03  213.6 2356.4   7.79    0.0    0.0  0.00 190 190
2019-02-02T10_33_54 15661 11.03  213.6 2356.4   7.79    0.0    0.0  0.00 190 190
2019-02-02T10_34_55 15686 11.03  213.6 2356.4   7.79    0.0    0.0  0.00 190 190
2019-02-02T10_35_55 15711 11.03  214.4 2365.2   7.79    0.0    0.0  0.00 190 190
2019-02-02T10_36_55 15736 11.03  214.0 2360.8   7.79    0.0    0.0  0.00 190 190
2019-02-02T10_37_55 15761 11.03  213.6 2356.4   7.79    0.0    0.0  0.00 190 190
2019-02-02T10_38_55 15786 11.03  213.6 2356.4   7.79    0.0    0.0  0.00 190 190
2019-02-02T10_39_55 15811 11.03  214.0 2360.8   7.79    0.0    0.0  0.00 190 190
2019-02-02T10_40_55 15836 11.03  214.4 2365.2   7.79    0.0    0.0  0.00 190 190
2019-02-02T10_41_55 15861 11.03  214.8 2369.6   7.79    0.0    0.0  0.00 190 190
2019-02-02T10_42_55 15886 11.03  214.4 2365.2   7.79    0.0    0.0  0.00 190 190
2019-02-02T10_43_56 15911 11.03  214.4 2365.2   7.79    0.0    0.0  0.00 190 190
2019-02-02T10_44_56 15936 11.03  214.4 2365.2   7.79    0.0    0.0  0.00 190 190
2019-02-02T10_45_56 15961 11.03  214.8 2369.6   7.79    0.0    0.0  0.00 190 190