2019-02-13T21_35_12 4966 11.09  164.4 1822.8   8.26    0.0    0.0  0.00 201 201
2019-02-13T21_36_12 4993 11.09  164.4 1822.8   8.26    0.0    0.0  0.00 201 201
2019-02-13T21_37_13 5021 11.09  164.4 1822.8   8.26    0.0    0.0  0.00 201 201
2019-02-13T21_38_15 5049 11.09  164.4 1822.8   8.26    0.0    0.0  0.00 201 201
2019-02-13T21_39_16 5077 11.09  164.4 1822.8   8.26    0.0    0.0  0.00 201 201
2019-02-13T21_40_18 5105 11.09  164.8 1827.3   8.26    0.0    0.0  0.00 201 201
2019-02-13T21_41_19 5133 11.09  164.4 1822.8   8.26    0.0    0.0  0.00 201 201
2019-02-13T21_42_21 5161 11.09  164.8 1827.3   8.26    0.0    0.0  0.00 201 201
2019-02-13T21_43_22 5189 11.09  164.4 1822.8   8.26    0.0    0.0  0.00 201 201
2019-02-13T21_44_23 5217 11.09  164.4 1822.8   8.26    0.0    0.0  0.00 201 201
2019-02-13T21_45_23 5244 11.09  164.4 1822.8   8.26    0.0    0.0  0.00 201 201
2019-02-13T21_46_24 5272 11.09  164.4 1822.8   8.26    0.0    0.0  0.00 201 201
2019-02-13T21_47_24 5299 11.09  164.4 1822.8   8.26    0.0    0.0  0.00 201 201
2019-02-13T21_48_25 5327 11.09  164.4 1822.8   8.26    0.0    0.0  0.00 201 201
2019-02-13T21_49_27 5355 11.09  164.4 1822.8   8.26    0.0    0.0  0.00 201 201
2019-02-13T21_50_28 5383 11.09  164.4 1822.8   8.26    0.0    0.0  0.00 201 201
2019-02-13T21_51_30 5411 11.09  164.4 1822.8   8.26    0.0    0.0  0.00 201 201
2019-02-13T21_52_31 5439 11.09  164.4 1822.8   8.26    0.0    0.0  0.00 201 201
2019-02-13T21_53_33 5467 11.09  164.0 1818.4   8.26    0.0    0.0  0.00 201 201
2019-02-13T21_54_34 5495 11.09  164.4 1822.8   8.26    0.0    0.0  0.00 201 201
2019-02-13T21_55_35 5523 11.09  164.4 1822.8   8.26    0.0    0.0  0.00 201 201
2019-02-13T21_56_35 5550 11.09  164.4 1822.8   8.26    0.0    0.0  0.00 201 201
2019-02-13T21_57_36 5578 11.09  164.8 1827.3   8.26    0.0    0.0  0.00 201 201
2019-02-13T21_58_36 5605 11.09  164.4 1822.8   8.26    0.0    0.0  0.00 201 201
2019-02-13T21_59_37 5633 11.09  164.4 1822.8   8.26    0.0    0.0  0.00 201 201
2019-02-13T22_00_39 5661 11.09  164.4 1822.8   8.26    0.0    0.0  0.00 201 201
2019-02-13T22_01_40 5689 11.09  164.4 1822.8   8.26    0.0    0.0  0.00 201 201
2019-02-13T22_02_42 5717 11.09  164.4 1822.8   8.26    0.0    0.0  0.00 201 201
2019-02-13T22_03_43 5745 11.09  164.4 1822.8   8.26    0.0    0.0  0.00 201 201
2019-02-13T22_04_44 5773 11.09  164.4 1822.8   8.26    0.0    0.0  0.00 201 201
2019-02-13T22_05_44 5800 11.09  164.4 1822.8   8.26    0.0    0.0  0.00 201 201
2019-02-13T22_06_45 5828 11.09  164.4 1822.8   8.26    0.0    0.0  0.00 201 201
2019-02-13T22_07_45 5855 11.09  164.4 1822.8   8.26    0.0    0.0  0.00 201 201
2019-02-13T22_08_46 5883 11.09  164.0 1818.4   8.26    0.0    0.0  0.00 201 201
2019-02-13T22_09_48 5911 11.09  164.0 1818.4   8.26    0.0    0.0  0.00 201 201
2019-02-13T22_10_49 5939 11.09  164.0 1818.4   8.26    0.0    0.0  0.00 201 201
2019-02-13T22_11_51 5967 11.09  164.0 1818.4   8.26    0.0    0.0  0.00 201 201
2019-02-13T22_12_52 5995 11.09  164.4 1822.8   8.26    0.0    0.0  0.00 201 201
2019-02-13T22_13_54 6023 11.09  164.4 1822.8   8.26    0.0    0.0  0.00 201 201
2019-02-13T22_14_55 6051 11.09  164.8 1827.3   8.26    0.0    0.0  0.00 201 201
2019-02-13T22_15_56 6079 11.09  164.8 1827.3   8.26    0.0    0.0  0.00 201 201
2019-02-13T22_16_56 6106 11.09  164.4 1822.8   8.26    0.0    0.0  0.00 201 201
2019-02-13T22_17_57 6134 11.09  164.4 1822.8   8.26    0.0    0.0  0.00 201 201
2019-02-13T22_18_57 6161 11.09  165.6 1836.1   8.26    0.0    0.0  0.00 201 201
2019-02-13T22_19_58 6189 11.09  164.4 1822.8   8.26    0.0    0.0  0.00 201 201
2019-02-13T22_21_00 6217 11.09  164.4 1822.8   8.26    0.0    0.0  0.00 201 201
2019-02-13T22_22_01 6245 11.09  164.4 1822.8   8.26    0.0    0.0  0.00 201 201
2019-02-13T22_23_03 6273 11.09  164.4 1822.8   8.26    0.0    0.0  0.00 201 201
2019-02-13T22_24_04 6301 11.09  164.0 1818.4   8.26    0.0    0.0  0.00 201 201
2019-02-13T22_25_05 6329 11.09  164.0 1818.4   8.26    0.0    0.0  0.00 201 201
2019-02-13T22_26_05 6356 11.09  164.0 1818.4   8.26    0.0    0.0  0.00 201 201
2019-02-13T22_27_06 6384 11.09  164.4 1822.8   8.26    0.0    0.0  0.00 201 201
2019-02-13T22_28_06 6411 11.09  164.0 1818.4   8.26    0.0    0.0  0.00 201 201
2019-02-13T22_29_07 6439 11.08  171.6 1901.3   8.26    0.0    0.0  0.00 201 201
2019-02-13T22_30_09 6467 11.09  164.4 1822.8   8.26    0.0    0.0  0.00 201 201
2019-02-13T22_31_10 6495 11.09  164.4 1822.8   8.26    0.0    0.0  0.00 201 201
2019-02-13T22_32_12 6523 11.09  164.0 1818.4   8.26    0.0    0.0  0.00 201 201
2019-02-13T22_33_13 6551 11.09  164.4 1822.8   8.26    0.0    0.0  0.00 201 201
2019-02-13T22_34_15 6579 11.09  164.0 1818.4   8.26    0.0    0.0  0.00 201 201