2019-02-06T23_40_16 32466 11.14  209.2 2331.3   8.30    0.0    0.0  0.00 200 200
2019-02-06T23_41_16 32491 11.14  208.8 2326.8   8.30    0.0    0.0  0.00 200 200
2019-02-06T23_42_16 32516 11.14  208.8 2326.8   8.30    0.0    0.0  0.00 200 200
2019-02-06T23_43_16 32541 11.14  208.8 2326.8   8.30    0.0    0.0  0.00 200 200
2019-02-06T23_44_16 32566 11.14  209.2 2331.3   8.30    0.0    0.0  0.00 200 200
2019-02-06T23_45_16 32591 11.14  209.2 2331.3   8.30    0.0    0.0  0.00 200 200
2019-02-06T23_46_16 32616 11.14  209.2 2331.3   8.30    0.0    0.0  0.00 200 200
2019-02-06T23_47_16 32641 11.14  208.8 2326.8   8.30    0.0    0.0  0.00 200 200
2019-02-06T23_48_17 32666 11.14  208.8 2326.8   8.30    0.0    0.0  0.00 200 200
2019-02-06T23_49_17 32691 11.14  208.8 2326.8   8.30    0.0    0.0  0.00 200 200
2019-02-06T23_50_17 32716 11.14  207.6 2313.4   8.30    0.0    0.0  0.00 200 200
2019-02-06T23_51_17 32741 11.14  207.2 2309.0   8.30    0.0    0.0  0.00 200 200
2019-02-06T23_52_17 32766 11.14  207.2 2309.0   8.30    0.0    0.0  0.00 200 200
2019-02-06T23_53_17 -32745 11.14  207.2 2309.0   8.30    0.0    0.0  0.00 200 200
2019-02-06T23_54_17 -32720 11.14  207.2 2309.0   8.30    0.0    0.0  0.00 200 200
2019-02-06T23_55_17 -32695 11.14  207.2 2309.0   8.30    0.0    0.0  0.00 200 200
2019-02-06T23_56_18 -32670 11.14  207.2 2309.0   8.30    0.0    0.0  0.00 200 200
2019-02-06T23_57_18 -32645 11.14  207.2 2309.0   8.30    0.0    0.0  0.00 200 200
2019-02-06T23_58_18 -32620 11.14  207.2 2309.0   8.30    0.0    0.0  0.00 200 200
2019-02-06T23_59_18 -32595 11.14  207.2 2309.0   8.30    0.0    0.0  0.00 200 200
2019-02-07T00_00_18 -32570 11.14  210.0 2340.2   8.30    0.0    0.0  0.00 200 200
2019-02-07T00_01_18 -32545 11.14  210.4 2344.7   8.30    0.0    0.0  0.00 200 200
2019-02-07T00_02_18 -32520 11.14  208.4 2322.4   8.30    0.0    0.0  0.00 200 200
2019-02-07T00_03_19 -32495 11.14  208.0 2317.9   8.30    0.0    0.0  0.00 200 200
2019-02-07T00_04_19 -32470 11.14  207.6 2313.4   8.30    0.0    0.0  0.00 200 200
2019-02-07T00_05_19 -32445 11.14  220.0 2449.9   8.29    0.0    0.0  0.00 200 200
2019-02-07T00_06_19 -32420 11.14  207.6 2313.4   8.30    0.0    0.0  0.00 200 200
2019-02-07T00_07_19 -32395 11.14  207.6 2313.4   8.30    0.0    0.0  0.00 200 200
2019-02-07T00_08_19 -32370 11.14  207.2 2309.0   8.30    0.0    0.0  0.00 200 200
2019-02-07T00_09_19 -32345 11.14  207.2 2309.0   8.30    0.0    0.0  0.00 200 200
2019-02-07T00_10_19 -32320 11.14  207.2 2309.0   8.30    0.0    0.0  0.00 200 200
2019-02-07T00_11_20 -32295 11.14  207.2 2309.0   8.30    0.0    0.0  0.00 200 200
2019-02-07T00_12_20 -32270 11.14  207.2 2309.0   8.30    0.0    0.0  0.00 200 200
2019-02-07T00_13_20 -32245 11.14  207.2 2309.0   8.30    0.0    0.0  0.00 200 200
2019-02-07T00_14_20 -32220 11.14  207.2 2309.0   8.30    0.0    0.0  0.00 200 200
2019-02-07T00_15_20 -32195 11.14  207.6 2313.4   8.30    0.0    0.0  0.00 200 200
2019-02-07T00_16_20 -32170 11.14  207.2 2309.0   8.30    0.0    0.0  0.00 200 200
2019-02-07T00_17_20 -32145 11.14  207.2 2309.0   8.30    0.0    0.0  0.00 200 200
2019-02-07T00_18_21 -32120 11.14  207.2 2309.0   8.30    0.0    0.0  0.00 200 200
2019-02-07T00_19_21 -32095 11.14  208.4 2322.4   8.30    0.0    0.0  0.00 200 200
2019-02-07T00_20_21 -32070 11.14  207.6 2313.4   8.30    0.0    0.0  0.00 200 200
2019-02-07T00_21_21 -32045 11.14  207.6 2313.4   8.30    0.0    0.0  0.00 200 200
2019-02-07T00_22_21 -32020 11.14  207.2 2309.0   8.30    0.0    0.0  0.00 200 200
2019-02-07T00_23_21 -31995 11.14  207.2 2309.0   8.30    0.0    0.0  0.00 200 200
2019-02-07T00_24_21 -31970 11.14  207.2 2309.0   8.30    0.0    0.0  0.00 200 200
2019-02-07T00_25_21 -31945 11.14  207.2 2309.0   8.30    0.0    0.0  0.00 200 200
2019-02-07T00_26_22 -31920 11.14  207.2 2309.0   8.30    0.0    0.0  0.00 200 200
2019-02-07T00_27_22 -31895 11.14  207.2 2309.0   8.30    0.0    0.0  0.00 200 200
2019-02-07T00_28_22 -31870 11.14  207.6 2313.4   8.30    0.0    0.0  0.00 200 200
2019-02-07T00_29_22 -31845 11.14  207.2 2309.0   8.30    0.0    0.0  0.00 200 200
2019-02-07T00_30_22 -31820 11.14  207.2 2309.0   8.30    0.0    0.0  0.00 200 200
2019-02-07T00_31_22 -31795 11.14  207.2 2309.0   8.30    0.0    0.0  0.00 200 200
2019-02-07T00_32_22 -31770 11.14  207.2 2309.0   8.30    0.0    0.0  0.00 200 200
2019-02-07T00_33_23 -31745 11.14  207.2 2309.0   8.30    0.0    0.0  0.00 200 200
2019-02-07T00_34_23 -31720 11.14  207.2 2309.0   8.30    0.0    0.0  0.00 200 200
2019-02-07T00_35_23 -31695 11.14  208.4 2322.4   8.30    0.0    0.0  0.00 200 200
2019-02-07T00_36_23 -31670 11.14  207.6 2313.4   8.30    0.0    0.0  0.00 200 200
2019-02-07T00_37_23 -31645 11.14  207.6 2313.4   8.30    0.0    0.0  0.00 200 200
2019-02-07T00_38_23 -31620 11.14  207.6 2313.4   8.30    0.0    0.0  0.00 200 200
2019-02-07T00_39_23 -31595 11.14  207.6 2313.4   8.30    0.0    0.0  0.00 200 200